nbGenes = 100;
preference = [[0 27 5 60 5 38 31 46 47 42 47 28 52 99 24 14 88 45 13 78 61 80 95 97 27 73 3 34 34 69 8 79 6 66 89 77 95 96 3 35 99 40 42 1 87 76 62 27 8 10 96 41 11 59 45 19 65 85 46 39 72 74 77 84 30 97 8 53 19 12 40 85 19 89 77 9 95 82 47 64 79 50 77 65 13 42 72 87 40 78 35 35 27 24 45 39 66 45 80 95 ]
[73 0 96 35 45 3 79 6 1 11 82 64 49 97 97 2 30 43 37 66 65 34 92 70 4 86 3 64 93 8 55 24 70 42 45 64 2 89 80 89 5 61 95 2 87 24 35 36 46 72 68 99 96 95 84 49 70 48 30 52 89 91 70 42 61 19 98 54 84 45 15 44 26 45 8 79 91 56 86 43 27 27 43 78 19 79 56 90 22 38 98 92 90 12 18 46 39 89 54 26 ]
[95 4 0 24 41 13 8 29 56 4 85 24 97 31 45 56 84 70 30 38 28 70 37 57 1 66 82 80 98 84 61 19 11 33 16 14 89 43 92 22 76 5 79 57 17 79 6 34 78 20 51 11 21 33 22 75 48 43 70 54 97 86 59 46 44 10 75 21 76 9 55 66 28 42 16 0 3 84 44 33 81 5 31 39 37 31 65 84 99 20 8 16 72 10 99 11 38 18 85 29 ]
[40 65 76 0 29 79 64 17 47 21 40 25 12 84 48 94 70 37 48 83 28 67 65 99 12 3 42 81 54 71 90 36 54 74 23 39 15 71 32 89 15 21 83 50 70 60 52 61 78 38 28 7 82 76 17 28 70 6 83 30 26 54 9 82 8 80 19 42 57 1 51 78 88 91 69 73 38 51 61 77 19 48 70 30 5 11 92 82 97 95 43 22 51 79 3 43 7 95 39 58 ]
[95 55 59 71 0 42 96 68 21 51 28 83 19 15 77 76 46 57 83 52 32 4 33 13 80 24 79 28 3 97 36 88 61 34 98 46 12 28 2 25 65 14 2 32 47 38 31 71 98 10 42 18 37 12 89 83 94 49 45 29 66 87 43 1 35 45 50 30 94 95 98 87 25 16 23 47 10 72 9 79 61 96 44 77 59 9 5 84 79 19 88 50 95 41 77 6 26 43 24 93 ]
[62 97 87 21 58 0 40 52 62 41 19 74 28 34 72 31 56 85 30 85 88 71 89 81 69 58 74 44 28 56 58 62 76 34 16 51 45 21 10 17 75 44 70 16 92 13 4 28 28 89 55 33 68 19 66 94 90 38 19 28 12 58 43 12 88 66 23 31 85 10 94 65 36 38 66 29 88 46 51 41 3 99 85 59 62 21 65 49 3 18 17 3 90 34 87 5 63 20 95 85 ]
[69 21 92 36 4 60 0 54 86 8 48 95 98 99 42 54 75 42 19 27 5 30 81 44 43 24 57 42 87 40 12 73 65 66 7 99 68 65 59 57 99 91 28 66 39 43 69 55 79 24 66 8 35 78 57 33 18 9 89 77 76 57 18 20 40 57 64 6 0 57 52 32 85 82 81 14 44 92 97 81 10 78 34 70 28 87 46 27 9 57 3 80 49 93 14 5 93 67 46 64 ]
[54 94 71 83 32 48 46 0 28 22 72 20 18 32 24 16 79 50 90 17 21 78 11 51 2 79 80 64 23 13 51 31 43 68 23 59 86 21 37 11 21 20 35 42 18 70 23 50 2 19 97 81 99 70 99 10 82 97 40 64 41 41 98 83 67 87 25 44 6 28 51 25 83 59 74 53 10 25 77 47 88 23 1 74 23 41 92 85 10 28 1 79 18 70 99 84 7 96 75 16 ]
[53 99 44 53 79 38 14 72 0 4 11 10 17 87 91 64 98 48 72 2 99 14 44 80 16 81 75 66 91 30 85 26 17 9 47 48 39 90 55 11 74 57 39 59 40 52 1 4 52 28 79 0 7 24 54 80 80 77 59 48 18 44 73 50 70 10 85 50 73 74 91 74 37 94 93 58 78 47 69 69 69 59 47 94 35 23 18 67 0 14 74 40 21 63 68 54 64 92 53 7 ]
[58 89 96 79 49 59 92 78 96 0 92 48 63 66 15 51 73 76 77 72 98 95 46 57 69 45 29 41 88 76 52 68 82 51 92 1 73 31 99 29 14 2 18 94 9 39 31 71 70 50 93 11 62 23 82 71 46 17 99 10 31 60 21 16 72 17 3 66 92 48 23 66 20 93 71 22 79 86 94 60 37 89 1 65 29 9 83 12 14 52 76 20 74 21 16 56 50 86 56 33 ]
[53 18 15 60 72 81 52 28 89 8 0 62 86 46 84 74 28 84 43 29 12 84 65 28 80 64 53 60 62 86 87 38 42 97 94 27 95 64 52 92 35 16 80 36 64 69 44 11 5 70 34 59 2 63 88 36 11 2 59 6 27 29 11 34 72 80 84 43 87 46 23 99 16 23 90 27 20 28 92 11 80 85 30 28 40 82 93 23 73 70 15 50 2 69 21 87 33 17 88 5 ]
[72 36 76 75 17 26 5 80 90 52 38 0 61 74 53 32 62 57 89 86 11 87 82 77 77 99 4 82 5 84 71 43 69 37 94 27 26 57 65 24 73 52 84 72 41 84 63 48 42 19 15 84 38 28 40 81 0 41 96 9 6 59 52 70 44 30 33 10 91 67 33 41 65 53 96 37 72 64 86 67 3 76 87 31 87 55 14 53 93 0 20 20 40 82 86 16 39 30 8 48 ]
[48 51 3 88 81 72 2 82 83 37 14 39 0 14 68 2 95 51 14 27 39 96 51 60 35 0 89 2 67 61 86 15 6 52 78 34 8 60 32 38 64 31 15 15 26 42 86 45 50 34 59 84 45 61 28 83 45 74 8 69 89 63 60 32 3 78 55 21 49 75 66 62 57 15 55 88 36 24 90 94 96 86 27 72 44 6 52 23 59 82 1 55 63 62 15 98 77 19 31 69 ]
[1 3 69 16 85 66 1 68 13 34 54 26 86 0 99 18 34 67 91 57 97 56 4 69 49 18 28 35 89 5 25 66 79 60 8 94 5 80 17 73 7 83 14 51 70 96 33 20 46 28 34 2 56 77 21 54 35 2 65 42 47 16 91 22 95 29 91 82 58 48 92 1 44 19 58 27 13 2 60 66 38 60 61 83 39 18 30 44 3 13 37 3 95 1 96 98 15 42 76 18 ]
[76 3 55 52 23 28 58 76 9 85 16 47 32 1 0 55 85 39 97 34 27 46 44 47 69 53 60 14 35 62 21 93 94 78 42 44 4 42 19 58 79 37 1 62 27 73 10 32 83 59 43 79 68 22 64 93 39 43 0 34 37 27 31 2 25 55 54 68 93 56 24 60 20 1 56 51 36 96 55 37 18 82 82 26 66 74 9 37 51 51 55 62 60 56 52 12 37 49 59 49 ]
[86 98 44 6 24 69 46 84 36 49 26 68 98 82 45 0 12 90 83 60 67 19 67 30 14 76 77 77 95 1 25 65 67 89 62 43 44 5 84 20 72 30 52 7 25 86 61 10 67 97 19 70 19 42 31 40 16 82 82 44 24 79 3 36 72 27 26 38 84 28 87 91 35 41 10 88 84 22 14 53 49 69 46 45 29 86 99 13 42 33 9 79 47 33 18 54 60 26 95 36 ]
[12 70 16 30 54 44 25 21 2 27 72 38 5 66 15 88 0 59 22 69 29 89 28 52 82 66 40 98 91 35 31 28 25 41 12 54 50 18 21 68 57 92 7 98 66 57 29 55 8 55 57 88 39 63 41 40 74 40 33 0 19 65 7 15 36 32 47 72 61 80 82 19 64 63 0 8 77 63 90 15 97 58 88 57 31 5 14 54 52 95 88 87 24 86 14 4 40 94 22 89 ]
[55 57 30 63 43 15 58 50 52 24 16 43 49 33 61 10 41 0 29 17 81 54 14 39 69 90 70 2 70 31 20 74 78 6 19 93 13 14 83 22 40 7 99 30 1 87 77 67 9 16 57 19 24 94 42 18 20 0 35 35 1 49 40 35 62 67 9 32 5 35 50 27 44 79 93 10 47 45 46 22 66 72 20 28 62 70 54 80 70 22 26 61 59 60 87 36 14 58 48 56 ]
[87 63 70 52 17 70 81 10 28 23 57 11 86 9 3 17 78 71 0 67 14 42 97 53 43 1 91 20 94 48 33 57 40 12 99 11 72 3 62 63 18 24 95 89 92 40 21 4 90 35 15 53 78 13 65 86 92 0 4 0 90 82 44 94 31 70 78 67 42 58 56 55 75 87 72 98 19 41 79 63 53 47 83 32 71 3 78 70 67 78 69 47 62 64 59 32 3 26 14 90 ]
[22 34 62 17 48 15 73 83 98 28 71 14 73 43 66 40 31 83 33 0 62 94 70 56 73 96 7 3 66 96 63 48 66 14 13 89 96 60 38 55 64 2 53 8 22 39 37 28 81 2 77 95 3 87 77 78 24 12 61 18 67 86 13 75 19 94 95 70 22 4 4 62 85 25 83 20 96 58 14 90 4 7 20 99 59 71 67 63 60 29 78 81 84 51 54 13 10 36 70 61 ]
[39 35 72 72 68 12 95 79 1 2 88 89 61 3 73 33 71 19 86 38 0 81 57 6 78 67 17 1 36 19 33 27 25 35 41 56 33 83 85 86 27 73 25 42 75 60 65 44 33 11 1 36 23 37 98 19 39 19 60 71 1 23 94 44 94 38 87 78 84 79 24 77 42 45 49 5 25 49 16 33 67 33 41 91 61 90 5 12 29 63 98 98 99 94 63 11 46 29 11 41 ]
[20 66 30 33 96 29 70 22 86 5 16 13 4 44 54 81 11 46 58 6 19 0 75 35 83 24 27 89 33 51 36 69 73 69 28 50 58 26 88 53 57 16 93 94 34 21 65 75 77 46 18 47 90 61 13 87 54 54 28 25 1 44 95 34 54 49 59 29 32 91 37 30 93 44 94 65 40 76 92 81 85 28 20 13 19 81 57 37 51 58 13 78 60 40 51 70 76 55 22 3 ]
[5 8 63 35 67 11 19 89 56 54 35 18 49 96 56 33 72 86 3 30 43 25 0 5 50 96 26 39 31 6 88 95 58 76 28 28 14 22 89 27 82 38 75 17 86 98 86 51 58 73 53 38 31 81 32 84 51 57 43 27 14 40 5 30 16 58 25 30 12 54 89 15 43 27 24 53 45 54 67 55 77 29 50 68 25 27 27 6 89 16 25 34 77 22 11 92 40 51 26 42 ]
[3 30 43 1 87 19 56 49 20 43 72 23 40 31 53 70 48 61 47 44 94 65 95 0 66 74 2 56 84 97 3 97 4 43 60 0 6 69 82 40 63 8 14 48 73 66 87 55 70 41 40 81 96 14 93 48 35 92 25 63 7 69 4 55 31 85 17 75 98 80 84 12 45 79 99 43 37 77 61 54 96 99 7 7 41 58 30 59 89 55 4 97 53 77 38 27 74 34 32 65 ]
[73 96 99 88 20 31 57 98 84 31 20 23 65 51 31 86 18 31 57 27 22 17 50 34 0 19 82 36 29 72 89 50 73 23 32 62 31 84 12 25 66 32 7 2 69 84 33 23 51 64 73 85 31 70 79 77 81 0 15 55 23 42 61 37 81 99 9 79 4 41 57 50 95 27 53 49 81 71 80 97 4 45 65 91 80 23 44 75 28 34 57 85 43 19 27 41 44 45 64 83 ]
[27 14 34 97 76 42 76 21 19 55 36 1 100 82 47 24 34 10 99 4 33 76 4 26 81 0 19 90 73 22 45 5 12 54 73 92 68 81 8 91 19 66 15 6 75 26 4 13 29 61 95 61 25 84 46 50 46 57 7 47 62 58 48 38 14 61 17 83 1 33 34 48 57 16 46 94 92 38 14 57 45 9 49 86 68 10 22 45 99 23 15 93 98 47 95 80 76 97 5 1 ]
[97 97 18 58 21 26 43 20 25 71 47 96 11 72 40 23 60 30 9 93 83 73 74 98 18 81 0 16 66 11 50 67 67 21 35 28 8 14 66 44 41 23 80 58 91 43 13 97 12 68 77 76 47 75 88 50 67 74 99 64 87 33 63 73 3 2 86 75 28 97 76 39 67 85 65 75 60 20 10 84 6 48 18 13 24 39 7 49 17 36 83 22 77 58 81 42 32 64 34 41 ]
[66 36 20 19 72 56 58 36 34 59 40 18 98 65 86 23 2 98 80 97 99 11 61 44 64 10 84 0 84 63 94 45 90 23 29 74 54 65 58 92 70 88 5 64 38 95 90 44 16 87 63 21 57 85 52 26 17 45 3 64 64 21 94 37 81 64 32 91 3 89 33 42 11 53 94 69 96 43 34 89 30 33 16 35 30 37 1 85 85 43 10 72 7 48 58 47 39 82 32 91 ]
[66 7 2 46 97 72 13 77 9 12 38 95 33 11 65 5 9 30 6 34 64 67 69 16 71 27 34 16 0 27 67 27 9 25 85 5 49 66 92 83 35 39 31 2 91 24 34 61 34 26 62 10 74 32 53 71 87 52 9 14 76 43 50 29 32 78 88 95 42 37 20 72 2 9 15 75 5 76 16 10 4 78 66 7 57 92 88 31 17 6 7 0 34 56 88 59 5 47 94 80 ]
[31 92 16 29 3 44 60 87 70 24 14 16 39 95 38 99 65 69 52 4 81 49 94 3 28 78 89 37 73 0 21 62 57 52 51 27 42 20 26 13 59 11 43 61 27 64 41 22 23 22 42 95 52 88 55 99 35 46 63 64 13 56 33 80 66 87 71 55 75 78 82 55 30 75 54 63 41 29 43 21 37 15 20 7 61 91 29 0 65 15 92 44 88 18 7 62 20 90 66 6 ]
[92 45 39 10 64 42 88 49 15 48 13 29 14 75 79 75 69 80 67 37 67 64 12 97 11 55 50 6 33 79 0 42 88 47 27 60 32 25 77 9 73 38 68 52 38 60 44 15 97 63 30 18 37 6 79 98 80 96 35 34 36 88 71 16 42 81 1 48 88 77 21 14 96 86 21 61 78 41 26 63 41 61 66 6 76 85 68 12 65 53 14 26 29 79 15 98 71 98 32 74 ]
[21 76 81 64 12 38 27 69 74 32 62 57 85 34 7 35 72 26 43 52 73 31 5 3 50 95 33 55 73 38 58 0 56 78 46 40 95 99 50 63 13 3 73 65 63 73 18 33 10 88 30 97 48 16 39 55 64 54 84 78 47 77 13 59 43 91 49 62 89 8 36 43 81 17 78 11 81 92 87 21 14 88 11 16 10 64 91 60 98 94 18 65 49 75 59 86 17 61 63 60 ]
[94 30 89 46 39 24 35 57 83 18 58 31 94 21 6 33 75 22 60 34 75 27 42 96 27 88 33 10 91 43 12 44 0 13 92 77 92 51 51 23 57 45 16 70 67 30 80 57 58 84 36 73 77 60 37 7 45 22 52 67 79 27 9 5 38 78 55 70 31 5 91 69 81 47 95 30 31 77 82 51 65 62 22 72 52 19 67 43 74 15 70 45 60 11 53 47 46 20 30 90 ]
[34 58 67 26 66 66 34 32 91 49 3 63 48 40 22 11 59 94 88 86 65 31 24 57 77 46 79 77 75 48 53 22 87 0 15 49 16 25 44 50 60 55 0 39 17 29 19 55 58 54 72 27 69 34 57 2 99 90 85 6 36 24 19 13 80 47 44 45 16 56 2 80 5 87 51 68 45 96 63 36 50 34 84 36 98 28 59 46 80 33 33 85 26 79 56 45 65 78 60 49 ]
[11 55 84 77 2 84 93 77 53 8 6 6 22 92 58 38 88 81 1 87 59 72 72 40 68 27 65 71 15 49 73 54 8 85 0 47 88 39 14 53 25 9 78 54 22 78 78 18 32 26 16 42 62 36 36 11 63 28 54 16 64 54 78 0 67 31 29 0 61 16 9 31 89 10 95 79 5 63 71 72 82 12 21 74 10 33 32 66 75 10 10 71 46 44 87 75 5 80 41 25 ]
[23 36 86 61 54 49 1 41 52 99 73 73 66 6 56 57 46 7 89 11 44 50 72 100 38 8 72 26 95 73 40 60 23 51 53 0 94 5 6 62 74 41 15 74 93 72 26 2 43 21 36 48 86 56 46 93 66 26 83 36 2 43 63 39 28 49 47 45 3 29 11 99 43 12 24 41 81 67 29 28 27 40 27 57 22 11 74 32 81 33 41 14 50 38 10 45 8 64 96 41 ]
[5 98 11 85 88 55 32 14 61 27 5 74 92 95 96 56 50 87 28 4 67 42 86 94 69 32 92 46 51 58 68 5 8 84 12 6 0 48 92 80 63 21 71 53 44 80 75 91 11 45 77 45 84 72 69 95 72 91 98 5 57 87 82 31 29 36 83 26 71 74 35 21 26 14 95 85 27 76 47 83 10 81 23 51 88 61 71 91 6 17 31 5 76 67 78 33 57 71 76 4 ]
[4 11 57 29 72 79 35 79 10 69 36 43 40 20 58 95 82 86 97 40 17 74 78 31 16 19 86 35 34 80 75 1 49 75 61 95 52 0 39 15 24 67 62 52 5 76 99 93 77 65 96 12 58 68 11 39 87 35 2 61 13 95 41 57 22 33 26 83 40 81 35 76 94 14 3 18 78 31 48 27 23 45 58 6 10 41 24 31 47 8 18 35 78 84 53 13 18 58 0 19 ]
[97 20 8 68 98 90 41 63 45 1 48 35 68 83 81 16 79 17 38 62 15 12 11 18 88 92 34 42 8 74 23 50 49 56 86 94 8 61 0 61 40 36 94 48 78 31 18 80 61 53 7 13 32 37 56 22 72 38 23 98 77 79 14 66 89 33 29 6 33 5 81 3 55 12 85 48 37 58 42 65 24 23 9 87 83 64 20 40 95 11 48 41 30 43 99 42 58 50 25 38 ]
[65 11 78 11 75 83 43 89 89 71 8 76 62 27 42 80 32 78 37 45 14 47 73 60 75 9 56 8 17 87 91 37 77 50 47 38 20 85 39 0 51 51 85 48 66 60 22 42 91 69 98 35 13 45 86 13 75 68 68 28 60 34 0 58 36 89 13 14 24 12 35 99 53 36 99 3 59 88 57 58 61 67 0 10 4 73 24 33 0 96 79 47 31 5 28 66 78 51 1 6 ]
[1 95 24 85 35 25 1 79 26 86 65 27 36 93 21 28 43 60 82 36 73 43 18 37 34 81 59 30 65 41 27 87 43 40 75 26 37 76 60 49 0 77 70 1 97 88 6 64 2 36 53 69 55 45 34 76 8 9 1 21 35 47 59 12 16 62 34 25 7 49 69 24 13 59 43 92 29 86 87 85 86 82 79 84 14 27 5 46 80 24 37 13 0 71 86 33 5 52 18 35 ]
[60 39 95 79 86 56 9 80 43 98 84 48 69 17 63 70 8 93 76 98 27 84 62 92 68 34 77 12 61 89 62 97 55 45 91 59 79 33 64 49 23 0 61 32 3 68 73 38 1 42 11 56 77 61 33 48 17 97 48 72 57 41 45 1 1 67 32 9 79 15 3 99 51 36 13 85 30 33 58 76 58 46 37 60 36 43 59 48 59 96 25 51 46 21 0 35 11 96 74 90 ]
[58 5 21 17 98 30 72 65 61 82 20 16 85 86 99 48 93 1 5 47 75 7 25 86 93 85 20 95 69 57 32 27 84 100 22 85 29 38 6 15 30 39 0 69 94 93 75 82 89 29 16 87 38 88 69 14 52 93 45 4 38 7 30 34 5 83 28 40 10 93 79 30 77 65 74 17 83 21 25 31 63 56 15 77 57 71 32 33 13 26 84 40 66 13 31 50 84 55 0 37 ]
[99 98 43 50 68 84 34 58 41 6 64 28 85 49 38 93 2 70 11 92 58 6 83 52 98 94 42 36 98 39 48 35 30 61 46 26 47 48 52 52 99 68 31 0 21 48 70 90 25 57 64 18 9 78 72 84 10 80 62 7 61 33 5 62 42 3 60 70 81 25 45 69 14 85 47 95 10 22 71 9 89 69 1 33 8 58 43 55 84 78 76 90 69 48 91 93 90 11 7 73 ]
[13 13 83 30 53 8 61 82 60 91 36 59 74 30 73 75 34 99 8 78 25 66 14 27 31 25 9 62 9 73 62 37 33 83 78 7 56 95 22 34 3 97 6 79 0 92 16 2 37 72 97 65 12 55 12 0 47 27 35 70 82 48 95 0 37 89 32 37 3 27 83 97 32 14 53 14 13 93 25 79 16 86 8 93 30 63 13 11 39 94 4 33 4 85 71 8 61 69 1 25 ]
[24 76 21 40 62 87 57 30 48 61 31 16 58 4 27 14 43 13 60 61 40 79 2 34 16 74 57 5 76 36 40 27 70 71 22 28 20 24 69 40 12 32 7 52 8 0 51 8 80 9 10 38 15 28 47 35 68 12 97 16 66 65 36 91 12 12 34 50 86 17 97 6 66 45 94 55 46 74 86 11 7 17 62 18 89 10 1 71 38 6 85 95 35 86 79 18 74 21 45 62 ]
[38 65 94 48 69 96 31 77 99 69 56 37 14 67 90 39 71 23 79 63 35 35 14 13 67 96 87 10 66 59 56 82 20 81 22 74 25 1 82 78 94 27 25 30 84 49 0 50 57 25 92 18 91 16 67 99 44 56 75 41 47 60 47 94 64 50 88 61 98 10 7 81 81 25 30 19 83 52 91 58 85 62 97 21 7 32 81 13 84 26 55 15 34 24 74 41 0 99 77 88 ]
[73 64 66 39 29 72 45 50 96 29 89 52 55 80 68 90 45 33 96 72 56 25 49 45 77 87 3 56 39 78 85 67 43 45 82 98 9 7 20 58 36 62 18 10 98 92 50 0 26 73 85 4 3 92 20 98 7 51 51 33 94 46 27 82 20 85 74 16 86 65 50 63 51 7 48 53 73 11 27 13 46 93 4 43 90 43 8 27 28 59 71 54 17 10 83 46 16 91 67 74 ]
[92 54 22 22 2 72 21 98 48 30 95 58 50 54 17 33 92 91 10 19 67 23 42 30 49 71 88 84 66 77 3 90 42 42 68 57 89 23 39 9 98 99 11 75 63 20 43 74 0 84 75 44 59 62 27 16 83 68 48 95 74 89 38 7 32 23 53 93 58 60 39 64 62 22 58 0 44 70 47 50 51 10 97 61 91 12 13 56 54 59 8 76 49 27 24 92 49 78 19 52 ]
[90 28 80 62 90 11 76 81 72 50 30 81 66 72 41 3 45 84 65 98 89 54 27 59 36 39 32 13 74 78 37 12 16 46 74 79 55 35 47 31 64 58 71 43 28 91 75 27 16 0 92 10 92 72 24 72 9 18 1 59 11 9 79 84 90 15 80 81 43 97 62 54 24 42 43 97 99 87 46 12 13 75 11 51 55 87 94 54 3 95 74 38 96 88 23 67 61 35 77 5 ]
[4 32 49 72 58 45 34 3 21 7 66 85 41 66 57 81 43 43 85 23 99 82 47 60 27 5 23 37 38 58 70 70 64 28 84 64 23 4 93 2 47 89 84 36 3 90 8 15 25 8 0 60 27 67 7 55 74 2 19 39 61 83 25 70 57 82 44 67 98 26 8 20 46 40 39 13 2 65 89 65 29 92 16 37 2 38 68 61 5 62 59 78 90 59 91 44 57 73 22 93 ]
[59 1 89 93 82 67 92 19 100 89 41 16 16 98 21 30 12 81 47 5 64 53 62 19 15 39 24 79 90 5 82 3 27 73 58 52 55 88 87 65 31 44 13 82 35 62 82 96 56 90 40 0 17 66 59 24 74 41 19 57 13 32 30 43 60 55 51 83 32 95 84 56 81 96 91 75 87 62 90 34 75 85 60 96 55 60 25 34 52 44 57 85 77 5 25 85 56 84 13 70 ]
[89 4 79 18 63 32 65 1 93 38 98 62 55 44 32 81 61 76 22 97 77 10 69 4 69 75 53 43 26 48 63 52 23 31 38 14 16 42 68 87 45 23 62 91 88 85 9 97 41 8 73 83 0 34 12 76 85 34 99 73 64 82 87 88 55 34 58 2 19 47 74 34 63 4 86 50 34 44 86 67 93 59 99 32 2 95 40 49 4 62 8 59 81 66 34 27 23 50 9 21 ]
[41 5 67 24 88 81 22 30 76 77 37 72 39 23 78 58 37 6 87 13 63 39 19 86 30 16 25 15 68 12 94 84 40 66 64 44 28 32 63 55 55 39 12 22 45 72 84 8 38 28 33 34 66 0 92 31 48 25 63 18 81 97 97 45 97 17 90 15 82 68 59 25 87 84 86 90 44 79 9 91 6 29 29 77 18 25 72 72 42 30 47 29 42 8 62 65 0 36 25 92 ]
[55 16 78 83 11 34 43 1 46 18 12 60 72 79 36 69 59 58 35 23 2 87 68 7 21 54 12 48 47 45 21 61 63 43 64 54 31 89 44 14 66 67 31 28 88 53 33 80 73 76 93 41 88 8 0 0 19 38 97 70 3 0 77 14 10 10 18 8 58 76 9 53 41 73 73 60 23 18 74 61 71 92 49 73 43 58 44 22 52 33 20 74 12 19 64 71 54 5 66 68 ]
[81 51 25 72 17 6 67 90 20 29 64 19 17 46 7 60 60 82 14 22 81 13 16 52 23 50 50 74 29 1 2 45 93 98 89 7 5 61 78 87 24 52 86 16 100 65 1 2 84 28 45 76 24 69 100 0 1 2 5 54 24 10 39 12 17 66 77 46 20 51 15 64 97 34 66 74 64 24 26 39 17 91 22 11 84 94 52 39 46 27 50 74 47 41 55 75 7 74 27 32 ]
[35 30 52 30 6 10 82 18 20 54 89 100 55 65 61 84 26 80 8 76 61 46 49 65 19 54 33 83 13 65 20 36 55 1 37 34 28 13 28 25 92 83 48 90 53 32 56 93 17 91 26 26 15 52 81 99 0 16 0 96 22 64 42 90 93 96 97 82 12 51 57 79 90 83 27 41 89 79 20 64 2 20 82 56 77 59 30 16 65 69 79 7 21 98 13 50 1 61 6 69 ]
[15 52 57 94 51 62 91 3 23 83 98 59 26 98 57 18 60 100 100 88 81 46 43 8 100 43 26 55 48 54 4 46 78 10 72 74 9 65 62 32 91 3 7 20 73 88 44 49 32 82 98 59 66 75 62 98 84 0 1 12 66 23 86 78 68 33 1 8 61 7 80 93 15 83 97 24 82 17 32 12 15 1 10 57 98 54 92 41 60 16 42 61 56 82 72 19 35 96 91 11 ]
[54 70 30 17 55 81 11 60 41 1 41 4 92 35 100 18 67 65 96 39 40 72 57 75 85 93 1 97 91 37 65 16 48 15 46 17 2 98 77 32 99 52 55 38 65 3 25 49 52 99 81 81 1 37 3 95 100 99 0 8 40 91 37 49 13 3 43 67 76 37 9 59 91 19 10 26 87 1 14 98 34 17 74 91 22 51 26 47 10 59 94 54 10 34 64 93 35 19 50 98 ]
[61 48 46 70 71 72 23 36 52 90 94 91 31 58 66 56 100 65 100 82 29 75 73 37 45 53 36 36 86 36 66 22 33 94 84 64 95 39 2 72 79 28 96 93 30 84 59 67 5 41 61 43 27 82 30 46 4 88 92 0 48 72 52 31 24 26 62 30 12 95 51 48 52 5 20 36 28 54 76 4 19 91 1 1 17 43 76 53 26 69 52 21 77 44 45 9 1 42 22 6 ]
[28 11 3 74 34 88 24 59 82 69 73 94 11 53 63 76 81 99 10 33 99 99 86 93 77 38 13 36 24 87 64 53 21 64 36 98 43 87 23 40 65 43 62 39 18 34 53 6 26 89 39 87 36 19 97 76 78 34 60 52 0 34 53 54 84 18 20 24 76 57 48 96 10 68 35 84 94 18 95 14 7 58 83 65 13 49 29 44 93 63 82 73 25 16 2 7 78 5 94 76 ]
[26 9 14 46 13 42 43 59 56 40 71 41 37 84 73 21 35 51 18 14 77 56 60 31 58 42 67 79 57 44 12 23 73 76 46 57 13 5 21 66 53 59 93 67 52 35 40 54 11 91 17 68 18 3 100 90 36 77 9 28 66 0 10 94 94 43 86 26 71 36 67 76 9 61 60 53 89 56 5 72 25 68 27 54 66 46 74 12 4 58 67 69 89 55 84 65 57 43 37 3 ]
[23 30 41 91 57 57 82 2 27 79 89 48 40 9 69 97 93 60 56 87 6 5 95 96 39 52 37 6 50 67 29 87 91 81 22 37 18 59 86 100 41 55 70 95 5 64 53 73 62 21 75 70 13 3 23 61 58 14 63 48 47 90 0 3 15 31 60 1 48 28 91 57 91 66 14 83 96 40 10 0 42 15 57 21 61 25 31 64 71 38 11 81 44 39 88 92 42 45 21 99 ]
[16 58 54 18 99 88 80 17 50 84 66 30 68 78 98 64 85 65 6 25 56 66 70 45 63 62 27 63 71 20 84 41 95 87 100 61 69 43 34 42 88 99 66 38 100 9 6 18 93 16 30 57 12 55 86 88 10 22 51 69 46 6 97 0 52 95 79 80 10 13 74 95 99 13 64 51 72 14 14 66 31 77 50 64 26 91 83 75 84 10 24 13 0 74 51 90 61 60 21 23 ]
[70 39 56 92 65 12 60 33 30 28 28 56 97 5 75 28 64 38 69 81 6 46 84 69 19 86 97 19 68 34 58 57 62 20 33 72 71 78 11 64 84 99 95 58 63 88 36 80 68 10 43 40 45 3 90 83 7 32 87 76 16 6 85 48 0 18 86 46 66 42 87 3 85 64 41 19 44 65 98 30 79 65 5 65 31 39 22 2 47 31 3 93 17 6 75 25 37 37 55 58 ]
[3 81 90 20 55 34 43 13 90 83 20 70 22 71 45 73 68 33 30 6 62 51 42 15 1 39 98 36 22 13 19 9 22 53 69 51 64 67 67 11 38 33 17 97 11 88 50 15 77 85 18 45 66 83 90 34 4 67 97 74 82 57 69 5 82 0 56 80 67 72 43 69 57 57 63 26 91 1 17 53 51 73 11 29 2 80 8 39 41 91 11 70 18 39 58 53 37 11 85 57 ]
[92 2 25 81 50 77 36 75 15 97 16 67 45 9 46 74 53 91 22 5 13 41 75 83 91 83 14 68 12 29 99 51 45 56 71 53 17 74 71 87 66 68 72 40 68 66 12 26 47 20 56 49 42 10 82 23 3 99 57 38 80 14 40 21 14 44 0 96 81 76 68 12 20 4 60 92 86 20 82 31 79 80 8 86 5 70 21 90 33 65 23 80 71 81 63 21 14 30 15 28 ]
[47 46 79 58 70 69 94 56 50 34 57 90 79 18 32 62 28 68 33 30 22 71 70 25 21 17 25 9 5 45 52 38 30 55 100 55 74 17 94 86 75 91 60 30 63 50 39 84 7 19 33 17 98 85 92 54 18 92 33 70 76 74 99 20 54 20 4 0 0 9 85 31 85 38 42 50 65 97 94 39 43 4 45 46 77 74 96 42 93 34 33 54 0 84 6 40 2 84 90 64 ]
[81 16 24 43 6 15 100 94 27 8 13 9 51 42 7 16 39 95 58 78 16 68 88 2 96 99 72 97 58 25 12 11 69 84 39 97 29 60 67 76 93 21 90 19 97 14 2 14 42 57 2 68 81 18 42 80 88 39 24 88 24 29 52 90 34 33 19 100 0 67 99 95 38 48 51 93 69 10 31 79 29 70 70 94 67 52 2 22 7 54 50 23 2 70 75 54 72 75 13 6 ]
[88 55 91 99 5 90 43 72 26 52 54 33 25 52 44 72 20 65 42 96 21 9 46 20 59 67 3 11 63 22 23 92 95 44 84 71 26 19 95 88 51 85 7 75 73 83 90 35 40 3 74 5 53 32 24 49 49 93 63 5 43 64 72 87 58 28 24 91 33 0 43 57 72 31 87 81 64 5 1 65 32 32 52 72 20 4 17 47 30 74 28 12 0 42 62 80 94 75 27 82 ]
[60 85 45 49 2 6 48 49 9 77 77 67 34 8 76 13 18 50 44 96 76 63 11 16 43 66 24 67 80 18 79 64 9 98 91 89 65 65 19 65 31 97 21 55 17 3 93 50 61 38 92 16 26 41 91 85 43 20 91 49 52 33 9 26 13 57 32 15 1 57 0 75 27 81 82 44 81 92 88 45 68 98 75 0 44 81 6 48 75 21 91 70 93 36 46 91 31 13 92 66 ]
[15 56 34 22 13 35 68 75 26 34 1 59 38 99 40 9 81 73 45 38 23 70 85 88 50 52 61 58 28 45 86 57 31 20 69 1 79 24 97 1 76 1 70 31 3 94 19 37 36 46 80 44 66 75 47 36 21 7 41 52 4 24 43 5 97 31 88 69 5 43 25 0 17 25 86 56 68 3 21 47 22 86 38 65 17 23 54 97 43 6 11 95 10 28 46 47 84 52 31 22 ]
[81 74 72 12 75 64 15 17 63 80 84 35 43 56 80 65 36 56 25 15 58 7 57 55 5 43 33 89 98 70 4 19 19 95 11 57 74 6 45 47 87 49 23 86 68 34 19 49 38 76 54 19 37 13 59 3 10 85 9 48 90 91 9 1 15 43 80 15 62 28 73 83 0 69 69 95 43 49 68 98 79 70 39 41 85 78 30 71 11 85 58 39 55 84 5 37 54 11 52 92 ]
[11 55 58 9 84 62 18 41 6 7 77 47 85 81 99 59 37 21 13 75 55 56 73 21 73 84 15 47 91 25 14 83 53 13 90 88 86 86 88 64 41 64 35 15 86 55 75 93 78 58 60 4 96 16 27 66 17 17 81 95 32 39 34 87 36 43 96 62 52 69 19 75 31 0 44 3 27 15 78 87 81 59 42 59 47 94 97 35 81 48 66 36 56 87 51 48 69 55 59 49 ]
[23 92 84 31 77 34 19 26 7 29 10 4 45 42 44 90 100 7 28 17 51 6 76 1 47 54 35 6 85 46 79 22 5 49 5 76 5 97 15 1 57 87 26 53 47 6 70 52 42 57 61 9 14 14 27 34 73 3 90 80 65 40 86 36 59 37 40 58 49 13 18 14 31 56 0 18 79 26 83 15 45 49 37 70 58 80 87 9 74 87 63 68 87 80 87 1 19 96 45 64 ]
[91 21 100 27 53 71 86 47 42 78 73 63 12 73 49 12 92 90 2 80 95 35 47 57 51 6 25 31 25 37 39 89 70 32 21 59 15 82 52 97 8 15 83 5 86 45 81 47 100 3 87 25 50 10 40 26 59 76 74 64 16 47 17 49 81 74 8 50 7 19 56 44 5 97 82 0 41 4 37 53 92 44 55 1 94 60 33 82 9 2 24 43 60 29 16 86 85 43 76 67 ]
[5 9 97 62 90 12 56 90 22 21 80 28 64 87 64 16 23 53 81 4 75 60 55 63 19 8 40 4 95 59 22 19 69 55 95 19 73 22 63 41 71 70 17 90 87 54 17 27 56 1 98 13 66 56 77 36 11 18 13 72 6 11 4 28 56 9 14 35 31 36 19 32 57 73 21 59 0 88 44 77 11 25 7 21 69 40 13 71 35 34 66 68 59 68 65 80 68 64 47 69 ]
[18 44 16 49 28 54 8 75 53 14 72 36 76 98 4 78 37 55 59 42 51 24 46 23 29 62 80 57 24 71 59 8 23 4 37 33 24 69 42 12 14 67 79 78 7 26 48 89 30 13 35 38 56 21 82 76 21 83 99 46 82 44 60 86 35 99 80 3 90 95 8 97 51 85 74 96 12 0 72 85 51 8 53 45 84 24 88 62 33 49 4 21 41 31 68 82 5 62 94 3 ]
[53 14 56 39 91 49 3 23 31 6 8 14 10 40 45 86 10 54 21 86 84 8 33 39 20 86 90 66 84 57 74 13 18 37 29 71 53 52 58 43 13 42 75 29 75 14 9 73 53 54 11 10 14 91 26 74 80 68 86 24 5 95 90 86 2 83 18 6 69 99 12 79 32 22 17 63 56 28 0 75 40 13 50 43 13 36 77 77 57 32 90 45 60 30 88 95 16 76 28 63 ]
[36 57 67 23 21 59 19 53 31 40 89 33 6 34 63 47 85 78 37 10 67 19 45 46 3 43 16 11 90 79 37 79 49 64 28 72 17 73 35 42 15 24 69 91 21 89 42 87 50 88 35 66 33 9 39 61 36 88 2 96 86 28 100 34 70 47 69 61 21 35 55 53 2 13 85 47 23 15 25 0 23 26 93 71 75 37 22 95 5 36 94 85 20 46 31 28 92 24 4 68 ]
[21 73 19 81 39 97 90 12 31 63 20 97 4 62 82 51 3 34 47 96 33 15 23 4 96 55 94 70 96 63 59 86 35 50 18 73 90 77 76 39 14 42 37 11 84 93 15 54 49 87 71 25 7 94 29 83 98 85 66 81 93 75 58 69 21 49 21 57 71 68 32 78 21 19 55 8 89 49 60 77 0 30 62 46 18 67 0 72 24 64 86 11 41 97 98 16 40 12 28 4 ]
[50 73 95 52 4 1 22 77 41 11 15 24 14 40 18 31 42 28 53 93 67 72 71 1 55 91 52 67 22 85 39 12 38 66 88 60 19 55 77 33 18 54 44 31 14 83 38 7 90 25 8 15 41 71 8 9 80 99 83 9 42 32 85 23 35 27 20 96 30 68 2 14 30 41 51 56 75 92 87 74 70 0 50 59 46 59 43 96 0 36 76 7 45 59 81 13 99 76 60 1 ]
[23 57 69 30 56 15 66 99 53 99 70 13 73 39 18 54 12 80 17 80 59 80 50 93 35 51 82 84 34 80 34 89 78 16 79 73 77 42 91 100 21 63 85 99 92 38 3 96 3 89 84 40 1 71 51 78 18 90 26 99 17 73 43 50 95 89 92 55 30 48 25 62 61 58 63 45 93 47 50 7 38 50 0 42 22 56 12 11 26 92 81 41 89 94 62 96 85 48 27 44 ]
[35 22 61 70 23 41 30 26 6 35 72 69 28 17 74 55 43 72 68 1 9 87 32 93 9 14 87 65 93 93 94 84 28 64 26 43 49 94 13 90 16 40 23 67 7 82 79 57 39 49 63 4 68 23 27 89 44 43 9 99 35 46 79 36 35 71 14 54 6 28 100 35 59 41 30 99 79 55 57 29 54 41 58 0 98 96 92 54 19 87 42 17 51 77 0 68 10 34 72 66 ]
[87 81 63 95 41 38 72 77 65 71 60 13 56 61 34 71 69 38 29 41 39 81 75 59 20 32 76 70 43 39 24 90 48 2 90 78 12 90 17 96 86 64 43 92 70 11 93 10 9 45 98 45 98 82 57 16 23 2 78 83 87 34 39 74 69 98 95 23 33 80 56 83 15 53 42 6 31 16 87 25 82 54 78 2 0 43 96 77 20 42 25 38 40 52 68 27 16 21 83 26 ]
[58 21 69 89 91 79 13 59 77 91 18 45 94 82 26 14 95 30 97 29 10 19 73 42 77 90 61 63 8 9 15 36 81 72 67 89 39 59 36 27 73 57 29 42 37 90 68 57 88 13 62 40 5 75 42 6 41 46 49 57 51 54 75 9 61 20 30 26 48 96 19 77 22 6 20 40 60 76 64 63 33 41 44 4 57 0 55 57 77 18 59 78 85 63 44 29 69 33 71 94 ]
[28 44 35 8 95 35 54 8 82 17 7 86 48 70 91 1 86 46 22 33 95 43 73 70 56 78 93 99 12 71 32 9 33 41 68 26 29 76 80 76 95 41 68 57 87 99 19 92 87 6 32 75 60 28 56 48 70 8 74 24 71 26 69 17 78 92 79 4 98 83 94 46 70 3 13 67 87 12 23 78 100 57 88 8 4 45 0 67 16 87 90 1 36 27 88 54 89 18 5 17 ]
[13 10 16 18 16 51 73 15 33 88 77 47 77 56 63 87 46 20 30 37 88 63 94 41 25 55 51 15 69 100 88 40 57 54 34 68 9 69 60 67 54 52 67 45 89 29 87 73 44 46 39 66 51 28 78 61 84 59 53 47 56 88 36 25 98 61 10 58 78 53 52 3 29 65 91 18 29 38 23 5 28 4 89 46 23 43 33 0 95 83 70 59 3 14 19 17 95 53 78 78 ]
[60 78 1 3 21 97 91 90 100 86 27 7 41 97 49 58 48 30 33 40 71 49 11 11 72 1 83 15 83 35 35 2 26 20 25 19 94 53 5 100 20 41 87 16 61 62 16 72 46 97 95 48 96 58 48 54 35 40 90 74 7 96 29 16 53 59 67 7 93 70 25 57 89 19 26 91 65 67 43 95 76 100 74 81 80 23 84 5 0 9 53 43 16 6 83 56 99 14 41 52 ]
[22 62 80 5 81 82 43 72 86 48 30 100 18 87 49 67 5 78 22 71 37 42 84 45 66 77 64 57 94 85 47 6 85 67 90 67 83 92 89 4 76 4 74 22 6 94 74 41 41 5 38 56 38 70 67 73 31 84 41 31 37 42 62 90 69 9 35 66 46 26 79 94 15 52 13 98 66 51 68 64 36 64 8 13 58 82 13 17 91 0 55 63 7 95 70 58 52 15 86 92 ]
[65 2 92 57 12 83 97 99 26 24 85 80 99 63 45 91 12 74 31 22 2 87 75 96 43 85 17 90 93 8 86 82 30 67 90 59 69 82 52 21 63 75 16 24 96 15 45 29 92 26 41 43 92 53 80 50 21 58 6 48 18 33 89 76 97 89 77 67 50 72 9 89 42 34 37 76 34 96 10 6 14 24 19 58 75 41 10 30 47 45 0 89 59 58 10 20 24 93 66 61 ]
[65 8 84 78 50 97 20 21 60 80 50 80 45 97 38 21 13 39 53 19 2 22 66 3 15 7 78 28 100 56 74 35 55 15 29 86 95 65 59 53 87 49 60 10 67 5 85 46 24 62 22 15 41 71 26 26 93 39 46 79 27 31 19 87 7 30 20 46 77 88 30 5 61 64 32 57 32 79 55 15 89 93 59 83 62 22 99 41 57 37 11 0 55 93 35 17 36 0 28 6 ]
[73 10 28 49 5 10 51 82 79 26 98 60 37 5 40 53 76 41 38 16 1 40 23 47 57 2 23 93 66 12 71 51 40 74 54 50 24 22 70 69 100 54 34 31 96 65 66 83 51 4 10 23 19 58 88 53 79 44 90 23 75 11 56 100 83 82 29 100 98 100 7 90 45 44 13 40 41 59 40 80 59 55 11 49 60 15 64 97 84 93 41 45 0 44 34 66 89 95 87 50 ]
[76 88 90 21 59 66 7 30 37 79 31 18 38 99 44 67 14 40 36 49 6 60 78 23 81 53 42 52 44 82 21 25 89 21 56 62 33 16 57 95 29 79 87 52 15 14 76 90 73 12 41 95 34 92 81 59 2 18 66 56 84 45 61 26 94 61 19 16 30 58 64 72 16 13 20 71 32 69 70 54 3 41 6 23 48 37 73 86 94 5 42 7 56 0 2 97 45 83 1 62 ]
[55 82 1 97 23 13 86 1 32 84 79 14 85 4 48 82 86 13 41 46 37 49 89 62 73 5 19 42 12 93 85 41 47 44 13 90 22 47 1 72 14 100 69 9 29 21 26 17 76 77 9 75 66 38 36 45 87 28 36 55 98 16 12 49 25 42 37 94 25 38 54 54 95 49 13 84 35 32 12 69 2 19 38 100 32 56 12 81 17 30 90 65 66 98 0 40 41 24 7 18 ]
[61 54 89 57 94 95 95 16 46 44 13 84 2 2 88 46 96 64 68 87 89 30 8 73 59 20 58 53 41 38 2 14 53 55 25 55 67 87 58 34 67 65 50 7 92 82 59 54 8 33 56 15 73 35 29 25 50 81 7 91 93 35 8 10 75 47 79 60 46 20 9 53 63 52 99 14 20 18 5 72 84 87 4 32 73 71 46 83 44 42 80 83 34 3 60 0 2 33 78 33 ]
[34 61 62 93 74 37 7 93 36 50 67 61 23 85 63 40 60 86 97 90 54 24 60 26 56 24 68 61 95 80 29 83 54 35 95 92 43 82 42 22 95 89 16 10 39 26 100 84 51 39 43 44 77 100 46 93 99 65 65 99 22 43 58 39 63 63 86 98 28 6 69 16 46 31 81 15 32 95 84 8 60 1 15 90 84 31 11 5 1 48 76 64 11 55 59 98 0 96 62 80 ]
[55 11 82 5 57 80 33 4 8 14 83 70 81 58 51 74 6 42 74 64 71 45 49 66 55 3 36 18 53 10 2 39 80 22 20 36 29 42 50 49 48 4 45 89 31 79 1 9 22 65 27 16 50 64 95 26 39 4 81 58 95 57 55 40 63 89 70 16 25 25 87 48 89 45 4 57 36 38 24 76 88 24 52 66 79 67 82 47 86 85 7 100 5 17 76 67 4 0 44 71 ]
[20 46 15 61 76 5 54 25 47 44 12 92 69 24 41 5 78 52 86 30 89 78 74 68 36 95 66 68 6 34 68 37 70 40 59 4 24 100 75 99 82 26 100 93 99 55 23 33 81 23 78 87 91 75 34 73 94 9 50 78 6 63 79 79 45 15 85 10 87 73 8 69 48 41 55 24 53 6 72 96 72 40 73 28 17 29 95 22 59 14 34 72 13 99 93 22 38 56 0 36 ]
[5 74 71 42 7 15 36 84 93 67 95 52 31 82 51 64 11 44 10 39 59 97 58 35 17 99 59 9 20 94 26 40 10 51 75 59 96 81 62 94 65 10 63 27 75 38 12 26 48 95 7 30 79 8 32 68 31 89 2 94 24 97 1 77 42 43 72 36 94 18 34 78 8 51 36 33 31 97 37 32 96 99 56 34 74 6 83 22 48 8 39 94 50 38 82 67 20 29 64 0 ]
];
