nbGenes = 100;
preference = [[0 26 44 9 88 27 55 49 3 99 75 10 86 62 79 64 56 47 27 75 72 31 94 41 84 59 73 38 42 78 83 60 72 89 5 11 61 40 66 9 44 3 22 58 62 61 64 97 41 56 25 35 66 81 88 16 36 81 15 34 70 89 34 10 12 70 1 98 86 85 1 53 20 67 76 57 91 50 94 70 58 94 25 90 33 54 46 77 23 37 40 22 42 26 6 75 35 30 74 39 ]
[74 0 14 88 12 37 33 61 8 54 22 6 38 61 32 62 15 94 29 11 6 96 12 77 85 2 29 62 38 50 95 95 22 19 77 48 29 12 18 18 66 1 84 6 90 68 35 36 26 89 16 10 17 45 15 79 66 63 84 1 72 16 54 21 38 44 74 78 45 11 92 2 52 79 65 22 35 15 26 20 2 24 45 23 28 24 98 24 25 68 64 96 44 82 18 24 20 4 13 25 ]
[56 86 0 61 86 18 29 24 98 41 99 83 79 30 54 99 3 22 48 69 0 82 82 37 78 65 82 51 62 14 70 80 72 16 89 76 73 93 84 31 86 87 7 14 28 75 68 79 60 29 73 46 27 89 8 0 5 53 69 8 70 86 68 46 59 19 0 55 59 59 15 32 9 25 73 91 52 68 96 35 64 52 40 51 31 74 11 69 37 13 35 36 63 80 27 18 61 32 89 34 ]
[91 12 39 0 12 88 78 62 83 64 46 65 1 5 89 67 39 33 93 51 87 87 3 14 81 33 77 77 14 36 7 22 42 97 93 84 47 68 22 39 86 6 21 77 3 93 78 91 51 73 21 27 24 8 3 16 80 30 44 32 13 56 41 34 16 99 44 52 73 66 73 5 97 22 6 4 94 83 92 74 72 52 26 61 88 50 50 45 77 4 29 34 45 84 94 22 79 63 83 80 ]
[12 88 14 88 0 26 15 79 38 51 94 9 15 18 52 98 14 45 18 21 90 97 53 54 45 25 7 75 51 76 96 97 34 42 85 2 97 18 35 66 47 64 64 72 43 7 8 57 83 23 30 80 16 48 46 2 37 71 98 3 86 5 49 36 91 86 85 92 95 25 22 72 78 76 29 88 19 75 7 56 23 95 83 85 12 18 5 95 75 59 32 11 99 81 40 63 53 14 57 82 ]
[73 63 82 12 74 0 45 57 6 2 87 96 73 7 7 44 83 80 52 98 63 71 85 14 30 34 27 41 9 26 49 1 66 71 9 88 89 87 20 35 5 91 96 86 40 10 67 47 14 24 25 37 31 1 9 7 45 84 33 73 94 83 27 84 98 84 35 43 86 35 20 36 46 35 9 75 31 11 25 81 97 37 96 7 92 38 2 89 34 84 74 0 71 81 22 1 98 36 86 27 ]
[45 67 71 22 85 55 0 54 20 99 36 97 33 73 57 10 17 25 49 68 87 20 15 50 86 68 27 61 22 6 49 1 21 68 58 10 8 73 55 36 29 75 81 7 49 11 71 97 76 12 73 10 10 54 91 83 44 56 46 9 69 30 61 18 29 51 22 50 5 1 41 98 32 30 92 58 52 17 93 72 33 88 72 66 46 25 91 45 47 10 64 93 41 89 33 77 32 14 74 30 ]
[51 39 76 38 21 43 46 0 53 35 75 28 2 86 49 16 1 39 86 34 83 38 80 68 60 36 51 73 63 21 33 14 74 16 36 42 20 28 10 87 0 94 56 14 38 84 39 8 22 34 68 67 18 82 92 34 2 74 33 6 50 84 54 0 20 30 87 30 75 18 84 17 31 74 78 99 4 10 4 55 33 37 72 89 70 7 85 6 86 27 47 31 79 79 22 75 79 52 12 43 ]
[97 92 2 17 62 94 80 47 0 10 72 33 53 58 45 72 68 62 3 9 83 39 89 42 24 45 97 9 5 19 50 54 7 31 3 80 92 63 31 8 86 9 56 20 88 16 70 81 61 80 95 45 40 72 4 86 31 63 55 15 68 57 27 59 83 0 60 61 83 55 0 47 32 67 48 72 88 32 6 43 3 68 45 87 79 16 78 29 64 97 11 59 41 65 13 25 93 59 49 7 ]
[1 46 59 36 49 98 1 65 90 0 66 14 1 52 88 15 1 28 83 20 61 52 34 50 70 38 81 31 0 32 85 94 71 24 94 77 30 24 22 38 80 94 49 31 23 19 5 38 37 12 89 55 45 40 41 72 82 42 37 28 77 97 14 95 93 70 2 24 2 83 58 87 89 79 34 49 67 95 57 80 31 86 38 13 4 71 20 89 27 57 26 44 3 91 98 91 95 54 97 48 ]
[25 78 1 54 6 13 64 25 28 34 0 98 79 48 67 27 97 20 90 37 76 59 84 55 81 19 81 44 98 44 97 39 90 87 51 49 19 28 74 61 66 33 42 48 62 67 40 60 1 47 24 94 16 32 79 94 96 95 15 85 72 79 42 39 31 84 61 56 42 40 85 0 50 30 13 43 54 37 19 56 21 63 71 89 57 37 65 68 19 56 88 58 19 65 7 53 3 61 55 27 ]
[90 94 17 35 91 4 3 72 67 86 2 0 69 65 81 4 53 31 1 54 18 22 87 80 54 50 28 34 17 13 41 19 80 0 30 92 16 56 8 17 82 19 65 18 23 21 85 89 17 32 67 41 93 60 7 78 52 72 20 84 52 19 12 40 72 72 56 38 76 60 95 52 85 50 36 9 17 97 72 77 32 2 2 38 25 35 57 1 81 70 8 48 89 34 30 49 79 55 50 87 ]
[14 62 21 99 85 27 67 98 47 99 21 31 0 29 43 4 85 93 83 69 5 38 99 9 69 84 35 5 7 63 60 44 58 27 73 94 9 36 99 3 64 15 53 78 47 0 49 9 38 2 0 40 40 27 7 79 36 65 82 57 31 11 80 38 6 3 62 58 62 87 14 5 39 59 65 39 13 25 45 7 45 64 77 66 42 18 63 25 46 27 67 64 49 89 29 14 70 88 38 87 ]
[38 39 70 95 82 93 27 14 42 48 52 35 71 0 0 19 8 80 10 86 58 60 72 14 85 2 70 33 73 64 40 77 56 11 15 35 31 75 14 29 51 49 99 54 6 22 32 62 47 23 2 83 58 0 74 39 57 87 2 2 13 53 21 16 82 29 31 41 30 7 96 0 30 88 92 59 57 29 89 20 8 3 27 88 29 93 26 70 92 20 64 28 86 59 71 73 91 78 29 56 ]
[21 68 46 11 48 93 43 51 55 12 33 19 57 100 0 75 9 22 33 32 35 43 57 10 14 88 8 80 75 89 4 27 30 79 0 5 12 6 3 57 62 36 64 3 78 51 27 86 67 44 21 44 63 12 30 84 69 25 5 28 47 1 62 61 5 61 94 59 71 88 95 72 58 84 56 7 24 19 27 33 33 69 43 25 32 99 94 31 98 20 65 11 27 62 4 34 89 82 88 0 ]
[36 38 1 33 2 56 90 84 28 85 73 96 96 81 25 0 86 68 15 46 56 14 20 5 13 13 32 40 35 87 11 82 43 37 13 17 41 25 34 28 46 34 39 47 2 7 82 85 39 33 98 92 59 89 41 43 44 9 19 84 52 20 0 26 95 44 46 74 48 75 40 91 29 65 23 85 82 52 47 55 12 25 30 65 35 85 21 9 45 70 29 73 91 37 29 64 40 80 36 41 ]
[44 85 97 61 86 17 83 99 32 99 3 47 15 92 91 14 0 91 36 91 90 46 3 96 68 46 4 75 3 90 37 19 73 40 31 65 35 39 28 42 8 74 71 44 2 35 92 20 16 38 71 42 8 88 19 68 90 69 57 43 46 71 48 85 75 65 87 34 69 18 89 37 96 62 30 56 50 85 35 19 12 46 37 9 51 71 34 1 38 28 23 79 9 70 83 92 54 0 69 57 ]
[53 6 78 67 55 20 75 61 38 72 80 69 7 20 78 32 9 0 17 0 54 68 30 77 70 58 13 93 22 93 21 86 95 83 1 24 8 7 63 98 27 22 26 69 92 52 0 18 72 79 97 41 84 16 6 87 96 64 36 99 70 21 37 37 67 61 27 84 33 64 70 17 90 53 80 62 55 94 80 99 16 89 39 0 24 70 63 50 46 40 61 59 86 29 49 5 73 60 38 35 ]
[73 71 52 7 82 48 51 14 97 17 10 99 17 90 67 85 64 83 0 77 23 35 45 71 68 29 55 57 13 35 63 16 35 65 49 47 25 80 78 45 49 34 96 89 38 11 25 44 85 59 14 25 26 88 4 43 31 96 46 54 69 90 90 32 85 4 14 40 19 65 4 9 15 45 83 98 59 65 82 90 15 18 69 64 11 21 87 19 99 68 9 39 81 74 82 14 74 71 7 36 ]
[25 89 31 49 79 2 32 66 91 80 63 46 31 14 68 54 9 100 23 0 77 56 3 73 37 10 55 63 99 30 12 71 20 5 74 0 28 27 15 58 60 43 40 99 65 0 38 90 85 94 10 12 49 61 65 86 20 78 85 22 52 90 80 50 88 50 97 96 53 63 22 86 89 55 69 68 23 6 43 10 54 59 19 53 25 74 58 64 90 54 97 0 74 65 10 20 49 81 84 18 ]
[28 94 100 13 10 37 13 17 17 39 24 82 95 42 65 44 10 46 77 23 0 25 93 4 77 93 62 0 99 16 25 70 17 73 44 5 74 67 59 81 77 33 31 72 22 18 19 98 72 23 38 92 31 34 54 43 59 25 82 94 95 80 71 27 91 63 50 57 44 88 21 2 16 10 79 75 91 93 90 51 33 8 19 60 21 61 61 98 81 52 37 36 31 23 15 46 65 72 8 12 ]
[69 4 18 13 3 29 80 62 61 48 41 78 62 40 57 86 54 32 65 44 75 0 59 99 13 33 79 13 86 5 68 77 84 20 89 5 84 43 19 70 74 29 68 77 42 76 93 23 82 29 67 73 1 58 69 91 34 32 82 77 88 68 48 34 13 13 46 83 81 83 60 56 26 1 88 89 50 96 70 44 74 32 35 13 94 52 5 69 78 33 24 78 49 24 37 91 63 63 44 93 ]
[6 88 18 97 47 15 85 20 11 66 16 13 1 28 43 80 97 70 55 97 7 41 0 13 62 83 95 79 52 95 47 7 58 63 27 93 93 55 48 38 18 62 29 88 14 60 28 58 31 74 19 67 36 64 47 85 39 75 75 53 41 84 25 46 12 73 49 91 92 39 48 53 80 59 73 26 7 53 5 32 20 23 93 33 54 48 31 97 13 50 38 63 4 58 13 75 96 49 28 73 ]
[59 23 63 86 46 86 50 32 58 50 45 20 91 86 90 95 4 23 29 27 96 1 87 0 36 82 9 98 16 30 90 8 76 8 78 8 36 36 50 23 36 31 15 20 73 67 34 1 51 28 38 33 88 25 2 25 84 96 32 54 57 89 55 96 52 39 25 2 95 10 80 71 69 18 86 4 28 52 54 76 92 31 99 86 56 47 2 70 16 95 41 52 92 98 54 54 83 89 74 23 ]
[16 15 22 19 55 70 14 40 76 30 19 46 31 15 86 87 32 30 32 63 23 87 38 64 0 19 76 66 35 44 66 75 40 56 14 22 81 18 85 74 67 46 79 92 9 72 32 3 77 57 84 58 74 37 41 54 5 18 66 97 35 55 76 68 46 93 70 94 75 96 94 45 72 93 19 6 48 19 65 21 95 64 61 7 27 85 40 3 66 14 57 92 63 32 12 90 27 71 34 96 ]
[41 98 35 67 75 66 32 64 55 62 81 50 16 98 12 87 54 42 71 90 7 67 17 18 81 0 35 30 87 11 16 2 48 96 91 12 57 78 49 90 16 90 5 88 96 22 68 7 95 43 71 51 42 26 75 4 57 63 23 39 38 85 99 43 86 51 11 85 73 94 71 70 49 65 47 19 93 86 84 94 73 9 10 45 27 58 12 22 18 0 87 41 66 73 51 16 60 16 93 37 ]
[27 71 18 23 93 73 73 49 3 19 19 72 65 30 92 68 96 87 45 45 38 21 5 91 24 65 0 34 94 78 4 69 7 98 9 17 56 59 87 15 54 97 5 12 75 28 25 37 78 23 94 94 42 72 27 78 84 44 60 15 4 29 64 86 91 77 36 8 55 64 89 23 1 57 38 8 92 66 91 39 97 88 62 29 37 57 19 38 45 75 36 5 15 32 49 69 43 75 23 51 ]
[62 38 49 23 25 59 39 27 91 69 56 66 95 67 20 60 25 7 43 37 100 87 21 2 34 70 66 0 55 58 22 24 51 92 88 56 82 94 8 14 20 40 70 13 5 43 37 46 8 92 14 32 90 85 19 92 29 39 50 48 57 23 89 67 32 10 37 16 84 73 89 75 73 31 55 53 16 14 50 94 28 72 99 24 38 85 65 16 99 69 13 36 1 14 46 50 44 22 76 69 ]
[58 62 38 86 49 91 78 37 95 100 2 83 93 27 25 65 97 78 87 1 1 14 48 84 65 13 6 45 0 91 32 0 57 14 19 4 65 14 3 19 89 28 80 15 96 94 70 66 8 9 38 96 56 79 18 23 54 92 4 37 16 72 50 7 3 43 76 51 8 17 1 92 97 10 98 82 90 4 4 55 64 84 83 7 78 81 88 36 94 56 41 2 28 39 17 14 13 95 30 33 ]
[22 50 86 64 24 74 94 79 81 68 56 87 37 36 11 13 10 7 65 70 84 95 5 70 56 89 22 42 9 0 77 95 21 2 12 38 77 83 58 40 65 72 90 38 4 48 40 65 60 29 32 55 4 77 70 39 23 59 1 89 15 25 63 62 61 67 41 20 96 3 90 0 9 25 66 0 64 68 30 41 18 73 9 33 6 74 34 13 94 2 5 77 91 87 72 80 83 62 78 93 ]
[17 5 30 93 4 51 51 67 50 15 3 59 40 60 96 89 63 79 37 88 75 32 53 10 34 84 96 78 68 23 0 7 67 32 76 67 3 72 71 35 20 26 21 13 64 74 54 3 31 97 82 38 18 60 12 19 81 45 42 11 21 22 37 54 61 26 11 20 25 88 69 39 49 37 82 97 11 80 25 17 82 8 84 44 50 79 28 89 99 70 23 35 46 43 43 34 11 33 24 75 ]
[40 5 20 78 3 99 99 86 46 6 61 81 56 23 73 18 81 14 84 29 30 23 93 92 25 98 31 76 100 5 93 0 46 91 47 74 61 23 94 77 28 42 71 28 40 9 21 5 25 80 16 78 0 23 9 88 89 98 28 17 30 73 24 43 64 87 87 71 83 62 52 50 59 72 44 28 57 54 86 18 93 2 61 50 78 33 90 62 57 20 85 26 83 95 30 23 52 21 51 3 ]
[28 78 28 58 66 34 79 26 93 29 10 20 42 44 70 57 27 5 65 80 83 16 42 24 60 52 93 49 43 79 33 54 0 4 56 89 49 76 14 85 51 43 91 37 28 80 1 77 94 94 38 18 75 86 7 18 41 87 38 86 77 59 33 6 43 91 85 67 33 62 91 63 12 63 17 91 78 64 71 23 50 99 71 27 43 16 49 75 92 92 23 60 1 71 28 34 35 93 37 51 ]
[11 81 84 3 58 29 32 84 69 76 13 100 73 89 21 63 60 17 35 95 27 80 37 92 44 4 2 8 86 98 68 9 96 0 83 36 66 34 93 11 22 74 10 10 45 82 79 96 63 97 91 2 48 67 11 41 41 69 10 56 44 12 85 77 16 25 53 43 76 67 34 8 60 4 29 13 65 1 41 85 29 87 65 55 53 22 91 7 99 65 9 40 76 28 46 94 21 79 88 59 ]
[95 23 11 7 15 91 42 64 97 6 49 70 27 85 100 87 69 99 51 26 56 11 73 22 86 9 91 12 81 88 24 53 44 17 0 95 44 12 71 17 88 87 53 29 90 33 19 46 80 66 66 1 83 30 53 20 88 31 62 0 4 51 8 54 67 17 98 0 96 82 87 39 14 27 21 83 3 4 70 61 97 71 80 47 16 18 21 89 18 35 38 74 97 96 69 18 74 0 16 25 ]
[89 52 24 16 98 12 90 58 20 23 51 8 6 65 95 83 35 76 53 100 95 95 7 92 78 88 83 44 96 62 33 26 11 64 5 0 81 13 44 24 3 8 46 62 35 68 91 7 63 71 57 80 91 19 13 78 85 71 44 53 60 28 25 48 8 92 16 80 17 34 92 79 62 74 65 99 13 43 44 82 99 16 51 23 27 48 46 16 59 2 27 46 50 98 68 30 21 30 76 38 ]
[39 71 27 53 3 11 92 80 8 70 81 84 91 69 88 59 65 92 75 72 26 16 7 64 19 43 44 18 35 23 97 39 51 34 56 19 0 64 4 67 0 0 82 63 26 32 86 40 23 51 5 58 77 67 32 38 88 68 11 5 43 48 87 42 75 54 41 34 87 71 99 77 44 45 80 38 60 23 68 14 93 73 2 37 62 83 76 93 87 89 62 96 44 64 0 70 54 24 46 52 ]
[60 88 7 32 82 13 27 72 37 76 72 44 64 25 94 75 61 93 20 73 33 57 45 64 82 22 41 6 86 17 28 77 24 66 88 87 36 0 37 33 79 67 66 72 15 48 28 13 40 87 5 81 27 59 87 88 60 2 7 61 28 67 72 49 69 56 3 76 46 79 44 88 40 99 9 80 7 32 75 33 10 25 45 50 86 23 46 82 41 51 60 40 68 13 99 37 99 24 69 88 ]
[34 82 16 78 65 80 45 90 69 78 26 92 1 86 97 66 72 37 22 85 41 81 52 50 15 51 13 92 97 42 29 6 86 7 29 56 96 63 0 3 54 59 36 19 65 93 10 61 82 16 42 75 26 5 91 89 22 52 41 81 77 72 7 52 76 17 74 43 78 44 66 24 36 67 67 39 72 22 60 95 13 81 54 98 79 69 13 15 20 94 67 15 72 43 23 43 12 92 51 9 ]
[91 82 69 61 34 65 64 13 92 62 39 83 97 71 43 72 58 2 55 42 19 30 62 77 26 10 85 86 81 60 65 23 15 89 83 76 33 67 97 0 23 82 90 42 92 50 89 65 48 25 45 98 47 1 6 22 12 39 34 2 39 48 87 43 83 83 38 5 46 86 88 6 2 47 94 77 6 25 61 81 16 43 5 37 73 54 17 82 70 64 90 21 27 47 78 23 88 0 2 35 ]
[56 34 14 14 53 95 71 100 14 20 34 18 36 49 38 54 92 73 51 40 23 26 82 64 33 84 46 80 11 35 80 72 49 78 12 97 100 21 46 77 0 78 92 87 54 69 21 56 53 2 55 93 84 82 5 26 45 23 89 97 70 91 28 82 18 50 90 24 90 47 65 71 94 28 51 79 70 11 90 62 55 75 97 76 77 87 5 17 21 43 99 74 13 89 59 63 6 52 45 5 ]
[97 99 13 94 36 9 25 6 91 6 67 81 85 51 64 66 26 78 66 57 67 71 38 69 54 10 3 60 72 28 74 58 57 26 13 92 100 33 41 18 22 0 95 83 11 81 38 64 65 68 51 49 26 87 59 11 18 47 28 88 93 67 69 94 69 44 79 37 19 8 83 64 14 69 37 99 63 3 16 91 82 50 79 78 80 27 11 59 32 43 51 33 82 23 80 68 0 70 47 58 ]
[78 16 93 79 36 4 19 44 44 51 58 35 47 1 36 61 29 74 4 60 69 32 71 85 21 95 95 30 20 10 79 29 9 90 47 54 18 34 64 10 8 5 0 11 58 94 2 78 44 75 81 28 18 43 45 84 15 47 26 98 63 20 84 46 71 86 62 43 2 15 6 24 21 33 64 79 41 90 17 2 70 14 75 49 47 76 77 25 75 87 26 42 3 41 60 32 68 72 22 46 ]
[42 94 86 23 28 14 93 86 80 69 52 82 22 46 97 53 56 31 11 1 28 23 12 80 8 12 88 87 85 62 87 72 63 90 71 38 37 28 81 58 13 17 89 0 16 39 69 58 20 39 38 81 59 2 35 0 68 96 51 77 82 78 3 78 5 93 35 21 33 5 66 97 96 99 83 63 16 32 57 49 65 49 7 78 97 75 17 84 64 58 27 7 72 26 52 65 37 36 9 80 ]
[38 10 72 97 57 60 51 62 12 77 38 77 53 94 22 98 98 8 62 35 78 58 86 27 91 4 25 95 4 96 36 60 72 55 10 65 74 85 35 8 46 89 42 84 0 21 26 70 4 37 67 36 65 2 28 50 1 32 90 4 38 32 56 86 95 33 40 30 43 38 32 32 65 0 5 64 72 18 32 99 26 61 29 62 21 46 56 53 74 33 73 54 60 3 31 44 34 55 26 10 ]
[39 32 25 7 93 90 89 16 84 81 33 79 100 78 49 93 65 48 89 100 82 24 40 33 28 78 72 57 6 52 26 91 20 18 67 32 68 52 7 50 31 19 6 61 79 0 40 90 9 52 17 54 83 3 43 54 82 77 83 89 31 4 48 43 0 45 36 16 49 56 95 23 64 77 88 20 88 31 84 97 87 7 15 66 10 61 97 93 94 9 45 33 74 79 19 91 64 39 10 37 ]
[36 65 32 22 92 33 29 61 30 95 60 15 51 68 73 18 8 100 75 62 81 7 72 66 68 32 75 63 30 60 46 79 99 21 81 9 14 72 90 11 79 62 98 31 74 60 0 38 25 95 68 39 57 17 13 63 23 21 63 34 44 77 92 3 62 6 21 9 57 85 35 16 11 88 70 57 37 20 75 83 37 88 4 72 22 10 19 52 77 13 45 37 38 69 94 55 9 18 18 43 ]
[3 64 21 9 43 53 3 92 19 62 40 11 91 38 14 15 80 82 56 10 2 77 42 99 97 93 63 54 34 35 97 95 23 4 54 93 60 87 39 35 44 36 22 42 30 10 62 0 52 15 94 22 71 10 65 8 60 95 16 75 53 13 55 8 79 40 81 1 97 15 97 97 80 94 74 90 0 60 27 85 76 23 99 45 73 25 38 49 52 27 65 34 13 45 46 21 20 45 41 62 ]
[59 74 40 49 17 86 24 78 39 63 99 83 62 53 33 61 84 28 15 15 28 18 69 49 23 5 22 92 92 40 69 75 6 37 20 37 77 60 18 52 47 35 56 80 96 91 75 48 0 1 9 72 75 18 4 49 59 2 15 17 35 14 65 95 34 77 35 87 75 61 30 2 15 29 80 73 11 27 6 65 91 3 24 34 44 72 73 44 6 6 65 53 86 43 31 34 23 88 92 33 ]
[44 11 71 27 77 76 88 66 20 88 53 68 98 77 56 67 62 21 41 6 77 71 26 72 43 57 77 8 91 71 3 20 6 3 34 29 49 13 84 75 98 32 25 61 63 48 5 85 99 0 68 39 91 76 26 82 96 69 78 16 8 84 1 44 34 92 5 33 3 58 74 65 64 95 15 32 4 28 59 36 55 51 0 87 51 83 62 56 92 62 87 38 19 29 15 22 31 66 39 93 ]
[75 84 27 79 70 75 27 32 5 11 76 33 100 98 79 2 29 3 86 90 62 33 81 62 16 29 6 86 62 68 18 84 62 9 34 43 95 95 58 55 45 49 19 62 33 83 32 6 91 32 0 3 13 99 68 13 94 87 14 93 49 60 66 56 53 16 42 16 45 73 59 59 30 18 58 53 3 52 44 85 67 76 38 52 19 67 25 18 29 4 55 86 83 24 43 92 20 48 31 35 ]
[65 90 54 73 20 63 90 33 55 45 6 59 60 17 56 8 58 59 75 88 8 27 33 67 42 49 6 68 4 45 62 22 82 98 99 20 42 19 25 2 7 51 72 19 64 46 61 78 28 61 97 0 19 18 93 52 8 2 17 18 1 47 59 2 6 88 22 92 45 48 65 19 10 89 79 95 49 33 90 82 71 66 53 35 51 6 66 49 12 99 17 80 44 71 35 33 62 49 42 28 ]
[34 83 73 76 84 69 90 82 60 55 84 7 60 42 37 41 92 16 74 51 69 99 64 12 26 58 58 10 44 96 82 100 25 52 17 9 23 73 74 53 16 74 82 41 35 17 43 29 25 9 87 81 0 31 50 12 50 51 61 41 62 18 24 94 91 78 53 73 46 57 3 34 6 99 28 67 90 35 26 6 18 38 60 22 56 22 54 93 85 63 36 38 58 60 93 98 82 5 78 71 ]
[19 55 11 92 52 99 46 18 28 60 68 40 73 100 88 11 12 84 12 39 66 42 36 75 63 74 28 15 21 23 40 77 14 33 70 81 33 41 95 99 18 13 57 98 98 97 83 90 82 24 1 82 69 0 35 76 58 27 76 7 54 83 77 73 21 91 9 72 94 2 5 54 55 19 84 18 76 54 54 20 68 83 45 99 44 0 7 77 2 42 49 97 1 37 53 4 30 50 48 88 ]
[12 85 92 97 54 91 9 8 96 59 21 93 93 26 70 59 81 94 96 35 46 31 53 98 59 25 73 81 82 30 88 91 93 89 47 87 68 13 9 94 95 41 55 65 72 57 87 35 96 74 32 7 50 65 0 11 99 14 25 28 78 2 66 66 38 77 50 10 28 0 73 35 12 2 93 46 32 44 10 75 67 77 33 8 97 26 48 15 33 47 5 13 40 0 43 50 30 98 83 82 ]
[84 21 100 84 98 93 17 66 14 28 6 22 21 61 16 57 32 13 57 14 57 9 15 75 46 96 22 8 77 61 81 12 82 59 80 22 62 12 11 78 74 89 16 100 50 46 37 92 51 18 87 48 88 24 89 0 9 71 37 70 25 5 4 77 7 82 13 77 27 79 59 70 38 2 86 89 95 11 57 92 44 51 93 12 83 18 58 47 35 82 39 67 57 93 71 94 77 57 79 96 ]
[64 34 95 20 63 55 56 98 69 18 4 48 64 43 31 56 10 4 69 80 41 66 61 16 95 43 16 71 46 77 19 11 59 59 12 15 12 40 78 88 55 82 85 32 99 18 77 40 41 4 6 92 50 42 1 91 0 65 96 30 87 71 46 68 11 43 76 46 34 72 72 75 53 19 83 50 23 63 61 38 37 94 36 8 88 0 84 95 97 14 76 81 35 58 44 36 73 65 3 37 ]
[19 37 47 70 29 16 44 26 37 58 5 28 35 13 75 91 31 36 4 22 75 68 25 4 82 37 56 61 8 41 55 2 13 31 69 29 32 98 48 61 77 53 53 4 68 23 79 5 98 31 13 98 49 73 86 29 35 0 71 0 31 91 90 93 4 17 99 29 98 70 43 48 96 33 98 99 23 18 36 1 81 87 67 36 99 88 46 77 64 59 22 70 95 76 29 48 47 82 52 34 ]
[85 16 31 56 2 67 54 67 45 63 85 80 18 98 95 81 43 64 54 15 18 18 25 68 34 77 40 50 96 99 58 72 62 90 38 56 89 93 59 66 11 72 74 49 10 17 37 84 85 22 86 83 39 24 75 63 4 29 0 80 24 40 88 61 71 38 82 55 32 18 64 76 19 70 96 56 68 71 7 33 21 9 92 16 28 57 55 9 93 73 52 38 73 79 28 19 79 95 86 73 ]
[66 99 92 68 97 27 91 94 85 72 15 16 43 98 72 16 57 1 46 78 6 23 47 46 3 61 85 52 63 11 89 83 14 44 100 47 95 39 19 98 3 12 2 23 96 11 66 25 83 84 7 82 59 93 72 30 70 100 20 0 28 93 74 2 69 67 12 29 23 21 19 52 53 73 96 84 2 10 36 94 44 65 71 46 8 4 9 73 43 51 89 21 34 84 39 3 7 59 83 4 ]
[30 28 30 87 14 6 31 50 32 23 28 48 69 87 53 48 54 30 31 48 5 12 59 43 65 62 96 43 84 85 79 70 23 56 96 40 57 72 23 61 30 7 37 18 62 69 56 47 65 92 51 99 38 46 22 75 13 69 76 72 0 18 43 39 5 24 48 27 73 57 0 29 50 8 58 98 84 1 80 50 1 18 46 4 17 75 63 11 38 79 66 92 63 75 13 97 82 43 76 52 ]
[11 84 14 44 95 17 70 16 43 3 21 81 89 47 99 80 29 79 10 10 20 32 16 11 45 15 71 77 28 75 78 27 41 88 49 72 52 33 28 52 9 33 80 22 68 96 23 87 86 16 40 53 82 17 98 95 29 9 60 7 82 0 11 32 13 50 4 1 34 66 8 95 20 34 77 14 56 13 34 67 2 18 32 7 17 38 9 99 46 98 17 26 82 67 92 37 62 30 39 34 ]
[66 46 32 59 51 73 39 46 73 86 58 88 20 79 38 100 52 63 10 20 29 52 75 45 24 1 36 11 50 37 63 76 67 15 92 75 13 28 93 13 72 31 16 97 44 52 8 45 35 99 34 41 76 23 34 96 54 10 12 26 57 89 0 5 76 55 60 6 64 14 89 64 95 48 5 4 66 15 8 36 52 84 75 53 25 20 87 28 70 46 92 72 69 89 0 14 22 23 13 22 ]
[90 79 54 66 64 16 82 100 41 5 61 60 62 84 39 74 15 63 68 50 73 66 54 4 32 57 14 33 93 38 46 57 94 23 46 52 58 51 48 57 18 6 54 22 14 57 97 92 5 56 44 98 6 27 34 23 32 7 39 98 61 68 95 0 82 91 0 78 71 0 52 46 49 28 11 73 53 67 31 74 99 53 85 28 52 60 16 2 87 47 82 33 63 0 73 20 69 42 21 31 ]
[88 62 41 84 9 2 71 80 17 7 69 28 94 18 95 5 25 33 15 12 9 87 88 48 54 14 9 68 97 39 39 36 57 84 33 92 25 31 24 17 82 31 29 95 5 100 38 21 66 66 47 94 9 79 62 93 89 96 29 31 95 87 24 18 0 93 57 93 37 73 49 98 13 66 64 94 70 75 65 61 67 80 71 46 98 1 21 84 31 78 53 94 13 64 47 92 55 60 35 43 ]
[30 56 81 1 14 16 49 70 100 30 16 28 97 71 39 56 35 39 96 50 37 87 27 61 7 49 23 90 57 33 74 13 9 75 83 8 46 44 83 17 50 56 14 7 67 55 94 60 23 8 84 12 22 9 23 18 57 83 62 33 76 50 45 9 7 0 44 18 53 5 76 44 4 29 87 65 86 83 97 68 96 4 66 33 95 42 18 20 86 0 99 11 83 82 83 5 40 57 91 52 ]
[99 26 100 56 15 65 78 13 40 98 39 44 38 69 6 54 13 73 86 3 50 54 51 75 30 89 64 63 24 59 89 13 15 47 2 84 59 97 26 62 10 21 38 65 60 64 79 19 65 95 58 78 47 91 50 87 24 1 18 88 52 96 40 100 43 56 0 7 60 23 70 64 20 67 90 30 74 3 7 55 12 47 49 46 74 41 48 24 84 34 60 38 65 75 83 67 21 89 1 20 ]
[2 22 45 48 8 57 50 70 39 76 44 62 42 59 41 26 66 16 60 4 43 17 9 98 6 15 92 84 49 80 80 29 33 57 100 20 66 24 57 95 76 63 57 79 70 84 91 99 13 67 84 8 27 28 90 23 54 71 45 71 73 99 94 22 7 82 93 0 98 37 31 27 55 10 82 42 10 39 30 93 80 97 42 59 2 9 70 72 75 26 30 66 87 67 83 42 32 68 56 3 ]
[14 55 41 27 5 14 95 25 17 98 58 24 38 70 29 52 31 67 81 47 56 19 8 5 25 27 45 16 92 4 75 17 67 24 4 83 13 54 22 54 10 81 98 67 57 51 43 3 25 97 55 55 54 6 72 73 66 2 68 77 27 66 36 29 63 47 40 2 0 50 39 54 60 24 56 20 50 39 6 35 82 68 77 56 11 77 20 96 79 41 75 13 56 41 69 8 18 97 14 27 ]
[15 89 41 34 75 65 99 82 45 17 60 40 13 93 12 25 82 36 35 37 12 17 61 90 4 6 36 27 83 97 12 38 38 33 18 66 29 21 56 14 53 92 85 95 62 44 15 85 39 42 27 52 43 98 100 21 28 30 82 79 43 34 86 100 27 95 77 63 50 0 48 3 67 97 8 91 56 19 22 91 98 1 13 50 23 18 17 8 38 49 13 67 21 92 25 65 29 88 95 90 ]
[99 8 85 27 78 80 59 16 100 42 15 5 86 4 5 60 11 30 96 78 79 40 52 20 6 29 11 11 99 10 31 48 9 66 13 8 1 56 34 12 35 17 94 34 68 5 65 3 70 26 41 35 97 95 27 41 28 57 36 81 100 92 11 48 51 24 30 69 61 52 0 73 46 91 10 38 25 30 44 11 65 80 55 83 75 82 32 94 54 6 86 29 77 38 43 59 57 77 85 4 ]
[47 98 68 95 28 64 2 83 53 13 100 48 95 100 28 9 63 83 91 14 98 44 47 29 55 30 77 25 8 100 61 50 37 92 61 21 23 12 76 94 29 36 76 3 68 77 84 3 98 35 41 81 66 46 65 30 25 52 24 48 71 5 36 54 2 56 36 73 46 97 27 0 55 87 93 88 50 87 29 36 69 81 27 35 37 55 1 40 52 5 48 11 17 22 38 73 53 95 78 22 ]
[80 48 91 3 22 54 68 69 68 11 50 15 61 70 42 71 4 10 85 11 84 74 20 31 28 51 99 27 3 91 51 41 88 40 86 38 56 60 64 98 6 86 79 4 35 36 89 20 85 36 70 90 94 45 88 62 47 4 81 47 50 80 5 51 87 96 80 45 40 33 54 45 0 31 50 89 21 80 54 53 19 19 43 3 25 73 23 3 82 54 23 14 45 28 38 66 78 59 59 57 ]
[33 21 75 78 24 65 70 26 33 21 70 50 41 12 16 35 38 47 55 45 90 99 41 82 7 35 43 69 90 75 63 28 37 96 73 26 55 1 33 53 72 31 67 1 100 23 12 6 71 5 82 11 1 81 98 98 81 67 30 27 92 66 52 72 34 71 33 90 76 3 9 13 69 0 18 89 71 95 24 90 1 80 70 19 56 1 0 56 80 4 7 58 7 36 83 86 92 70 23 31 ]
[24 35 27 94 71 91 8 22 52 66 87 64 35 8 44 77 70 20 17 31 21 12 27 14 81 53 62 45 2 34 18 56 83 71 79 35 20 91 33 6 49 63 36 17 95 12 30 26 20 85 42 21 72 16 7 14 17 2 4 4 42 23 95 89 36 13 10 18 44 92 90 7 50 82 0 66 44 22 96 85 42 98 14 36 90 73 9 81 37 26 86 93 62 27 53 58 37 99 27 28 ]
[43 78 9 96 12 25 42 1 28 51 57 91 61 41 93 15 44 38 2 32 25 11 74 96 94 81 92 47 18 100 3 72 9 87 17 1 62 20 61 23 21 1 21 37 36 80 43 10 27 68 47 5 33 82 54 11 50 1 44 16 2 86 96 27 6 35 70 58 80 9 62 12 11 11 34 0 51 52 21 7 67 98 18 73 55 93 78 84 62 60 74 14 80 6 45 57 68 96 67 39 ]
[9 65 48 6 81 69 48 96 12 33 46 83 87 43 76 18 50 45 41 77 9 50 93 72 52 7 8 84 10 36 89 43 22 35 97 87 40 93 28 94 30 37 59 84 28 12 63 100 89 96 97 51 10 24 68 5 77 77 32 98 16 44 34 47 30 14 26 90 50 44 75 50 79 29 56 49 0 47 25 29 21 64 72 56 98 54 19 89 76 40 95 71 47 26 49 73 24 84 76 26 ]
[50 85 32 17 25 89 83 90 68 5 63 3 75 71 81 48 15 6 35 94 7 4 47 48 81 14 34 86 96 32 20 46 36 99 96 57 77 68 78 75 89 97 10 68 82 69 80 40 73 72 48 67 65 46 56 89 37 82 29 90 99 87 85 33 25 17 97 61 61 81 70 13 20 5 78 48 53 0 47 78 82 61 31 89 0 89 21 70 8 8 0 53 20 39 98 20 35 55 33 17 ]
[6 74 4 8 93 75 7 96 94 43 81 28 55 11 73 53 65 20 18 57 10 30 95 46 35 16 9 50 96 70 75 14 29 59 30 56 32 25 40 39 10 84 83 43 68 16 25 73 94 41 56 10 74 46 90 43 39 64 93 64 20 66 92 69 35 3 93 70 94 78 56 71 46 76 4 79 75 53 0 28 7 67 72 22 96 36 68 19 53 35 93 83 23 60 3 50 2 48 81 23 ]
[30 80 65 26 44 19 28 45 57 20 44 23 93 80 67 45 81 1 10 90 49 56 68 24 79 6 61 6 45 59 83 82 77 15 39 18 86 67 5 19 38 9 98 51 1 3 17 15 35 64 15 18 94 80 25 8 62 99 67 6 50 33 64 26 39 32 45 7 65 9 89 64 47 10 15 93 71 22 72 0 68 77 1 65 3 52 53 26 80 63 74 0 62 11 26 81 31 31 83 53 ]
[42 98 36 28 77 3 67 67 97 69 79 68 55 92 67 88 88 84 85 46 67 26 80 8 5 27 3 72 36 82 18 7 50 71 3 1 7 90 87 84 45 18 30 35 74 13 63 24 9 45 33 29 82 32 33 56 63 19 79 56 99 98 48 1 33 4 88 20 18 2 35 31 81 99 58 33 79 18 93 32 0 0 55 77 32 74 35 78 42 44 14 95 34 31 0 13 65 47 1 60 ]
[6 76 48 48 5 63 12 63 32 14 37 98 36 97 31 75 54 11 82 41 92 68 77 69 36 91 12 28 16 27 92 98 1 13 29 84 27 75 19 57 25 50 86 51 39 93 12 77 97 49 24 34 62 17 23 49 6 13 91 35 82 82 16 47 20 96 53 3 32 99 20 19 81 20 2 2 36 39 33 23 100 0 42 83 55 1 63 0 93 47 90 95 0 34 20 47 45 93 47 18 ]
[75 55 60 74 17 4 28 28 55 62 29 98 23 73 57 70 63 61 31 81 81 65 7 1 39 90 38 1 17 91 16 39 29 35 20 49 98 55 46 95 3 21 25 93 71 85 96 1 76 100 62 47 40 55 67 7 64 33 8 29 54 68 25 15 29 34 51 58 23 87 45 73 57 30 86 82 28 69 28 99 45 58 0 52 42 17 78 5 80 90 41 48 5 53 60 57 31 96 46 25 ]
[10 77 49 39 15 93 34 11 13 87 11 62 34 12 75 35 91 100 36 47 40 87 67 14 93 55 71 76 93 67 56 50 73 45 53 77 63 50 2 63 24 22 51 22 38 34 28 55 66 13 48 65 78 1 92 88 92 64 84 54 96 93 47 72 54 67 54 41 44 50 17 65 97 81 64 27 44 11 78 35 23 17 48 0 67 10 52 30 63 88 31 7 95 85 88 99 80 44 1 14 ]
[67 72 69 12 88 8 54 30 21 96 43 75 58 71 68 65 49 76 89 75 79 6 46 44 73 73 63 62 22 94 50 22 57 47 84 73 38 14 21 27 23 20 53 3 79 90 78 27 56 49 81 49 44 56 3 17 12 1 72 92 83 83 75 48 2 5 26 98 89 77 25 63 75 44 10 45 2 100 4 97 68 45 58 33 0 4 33 33 97 84 51 20 58 65 13 57 15 57 68 5 ]
[46 76 26 50 82 62 75 93 84 29 63 65 82 7 1 15 29 30 79 26 39 48 52 53 15 42 43 15 19 26 21 67 84 78 82 52 17 77 31 46 13 73 24 25 54 39 90 75 28 17 33 94 78 100 74 82 100 12 43 96 25 62 80 40 99 58 59 91 23 82 18 45 27 99 27 7 46 11 64 48 26 99 83 90 96 0 40 0 1 33 44 54 50 80 81 53 42 2 38 33 ]
[54 2 89 50 95 98 9 15 22 80 35 43 37 74 6 79 66 37 13 42 39 95 69 98 60 88 81 35 12 66 72 10 51 9 79 54 24 54 87 83 95 89 23 83 44 3 81 62 27 38 75 34 46 93 52 42 16 54 45 91 37 91 13 84 79 82 52 30 80 83 68 99 77 100 91 22 81 79 32 47 65 37 22 48 67 60 0 74 19 99 61 22 16 22 73 2 68 25 37 66 ]
[23 76 31 55 5 11 55 94 71 11 32 99 75 30 69 91 99 50 81 36 2 31 3 30 97 78 62 84 64 87 11 38 25 93 11 84 7 18 85 18 83 41 75 16 47 7 48 51 56 44 82 51 7 23 85 53 5 23 91 27 89 1 72 98 16 80 76 28 4 92 6 60 97 44 19 16 11 30 81 74 22 100 95 70 67 100 26 0 95 9 78 14 9 40 29 64 2 29 79 25 ]
[77 75 63 23 25 66 53 14 36 73 81 19 54 8 2 55 62 54 1 10 19 22 87 84 34 82 55 1 6 6 1 43 8 1 82 41 13 59 80 30 79 68 25 36 26 6 23 48 94 8 71 88 15 98 67 65 3 36 7 57 62 54 30 13 69 14 16 25 21 62 46 48 18 20 63 38 24 92 47 20 58 7 20 37 3 99 81 5 0 69 16 21 25 3 89 69 99 95 64 67 ]
[63 32 87 96 41 16 90 73 3 43 44 30 73 80 80 30 72 60 32 46 48 67 50 5 86 100 25 31 44 98 30 80 8 35 65 98 11 49 6 36 57 57 13 42 67 91 87 73 94 38 96 1 37 58 53 18 86 41 27 49 21 2 54 53 22 100 66 74 59 51 94 95 46 96 74 40 60 92 65 37 56 53 10 12 16 67 1 91 31 0 43 58 91 41 33 76 32 46 1 17 ]
[60 36 65 71 68 26 36 53 89 74 12 92 33 36 35 71 77 39 91 3 63 76 62 59 43 13 64 87 59 95 77 15 77 91 62 73 38 40 33 10 1 49 74 73 27 55 55 35 35 13 45 83 64 51 95 61 24 78 48 11 34 83 8 18 47 1 40 70 25 87 14 52 77 93 14 26 5 100 7 26 86 10 59 69 49 56 39 22 84 57 0 83 98 17 2 68 62 53 51 81 ]
[78 4 64 66 89 100 7 69 41 56 42 52 36 72 89 27 21 41 61 100 64 22 37 48 8 59 95 64 98 23 65 74 40 60 26 54 4 60 85 79 26 67 58 93 46 67 63 66 47 62 14 20 62 3 87 33 19 30 62 79 8 74 28 67 6 89 62 34 87 33 71 89 86 42 7 86 29 47 17 100 5 5 52 93 80 46 78 86 79 42 17 0 30 80 20 83 23 5 92 99 ]
[58 56 37 55 1 29 59 21 59 97 81 11 51 14 73 9 91 14 19 26 69 51 96 8 37 34 85 99 72 9 54 17 99 24 3 50 56 32 28 73 87 18 97 28 40 26 62 87 14 81 17 56 42 99 60 43 65 5 27 66 37 18 31 37 87 17 35 13 44 79 23 83 55 93 38 20 53 80 77 38 66 100 95 5 42 50 84 91 75 9 2 70 0 56 61 35 82 13 27 41 ]
[74 18 20 16 19 19 11 21 35 9 35 66 11 41 38 63 30 71 26 35 77 76 42 2 68 27 68 86 61 13 57 5 29 72 4 2 36 87 57 53 11 77 59 74 97 21 31 55 57 71 76 29 40 63 100 7 42 24 21 16 25 33 11 100 36 18 25 33 59 8 62 78 72 64 73 94 74 61 40 89 69 66 47 15 35 20 78 60 97 59 83 20 44 0 77 67 88 71 2 67 ]
[94 82 73 6 60 78 67 78 87 2 93 70 71 29 96 71 17 51 18 90 85 63 87 46 88 49 51 54 83 28 57 70 72 54 31 32 100 1 77 22 41 20 40 48 69 81 6 54 69 85 57 65 7 47 57 29 56 71 72 61 87 8 100 27 53 17 17 17 31 75 57 62 62 17 47 55 51 2 97 74 100 80 40 12 87 19 27 71 11 67 98 80 39 23 0 40 80 63 92 43 ]
[25 76 82 78 37 99 23 25 75 9 47 51 86 27 66 36 8 95 86 80 54 9 25 46 10 84 31 50 86 20 66 77 66 6 82 70 30 63 57 77 37 32 68 35 56 9 45 79 66 78 8 67 2 96 50 6 64 52 81 97 3 63 86 80 8 95 33 58 92 35 41 27 34 14 42 43 27 80 50 19 87 53 43 1 43 47 98 36 31 24 32 17 65 33 60 0 11 80 92 79 ]
[65 80 39 21 47 2 68 21 7 5 97 21 30 9 11 60 46 27 26 51 35 37 4 17 73 40 57 56 87 17 89 48 65 79 26 79 46 1 88 12 94 100 32 63 66 36 91 80 77 69 80 38 18 70 70 23 27 53 21 93 18 38 78 31 45 60 79 68 82 71 43 47 22 8 63 32 76 65 98 69 35 55 69 20 85 58 32 98 1 68 38 77 18 12 20 89 0 1 56 81 ]
[70 96 68 37 86 64 86 48 41 46 39 45 12 22 18 20 100 40 29 19 28 37 51 11 29 84 25 78 5 38 67 79 7 21 100 70 76 76 8 100 48 30 28 64 45 61 82 55 12 34 52 51 95 50 2 43 35 18 5 41 57 70 77 58 40 43 11 32 3 12 23 5 41 30 1 4 16 45 52 69 53 7 4 56 43 98 75 71 5 54 47 95 87 29 37 20 99 0 12 88 ]
[26 87 11 17 43 14 26 88 51 3 45 50 62 71 12 64 31 62 93 16 92 56 72 26 66 7 77 24 70 22 76 49 63 12 84 24 54 31 49 98 55 53 78 91 74 90 82 59 8 61 69 58 22 52 17 21 97 48 14 17 24 61 87 79 65 9 99 44 86 5 15 22 41 77 73 33 24 67 19 17 99 53 54 99 32 62 63 21 36 99 49 8 73 98 8 8 44 88 0 96 ]
[61 75 66 20 18 73 70 57 93 52 73 13 13 44 100 59 43 65 64 82 88 7 27 77 4 63 49 31 67 7 25 97 49 41 75 62 48 12 91 65 95 42 54 20 90 63 57 38 67 7 65 72 29 12 18 4 63 66 27 96 48 66 78 69 57 48 80 97 73 10 96 78 43 69 72 61 74 83 77 47 40 82 75 86 95 67 34 75 33 83 19 1 59 33 57 21 19 12 4 0 ]
];
