nbGenes = 50;
preference = [[0 34 0 57 5 57 15 39 63 46 60 60 97 93 1 11 94 77 37 41 23 92 99 40 73 86 88 36 66 72 30 80 86 49 71 71 75 17 82 75 46 84 96 36 65 64 32 51 24 19 ]
[66 0 28 28 8 93 55 85 36 85 53 79 74 57 22 31 57 12 66 73 21 65 4 72 99 95 44 97 55 99 49 83 17 72 30 12 28 81 17 31 79 74 32 79 5 66 56 59 21 75 ]
[100 72 0 89 49 40 25 67 62 6 81 59 30 73 52 19 79 13 99 77 47 23 7 39 5 33 33 23 39 58 86 85 35 87 74 76 64 97 78 99 99 77 41 12 20 50 90 44 26 3 ]
[43 72 11 0 78 40 70 13 89 30 36 20 66 23 19 5 83 76 36 55 15 85 25 35 24 67 49 2 26 15 72 66 99 18 52 49 34 46 75 8 23 80 48 96 39 32 83 70 77 99 ]
[95 92 51 22 0 6 13 78 93 88 26 68 6 60 72 46 42 88 62 57 98 72 89 99 68 83 93 27 37 54 35 26 56 3 42 30 4 16 95 72 55 40 31 55 3 32 86 95 95 85 ]
[43 7 60 60 94 0 50 21 64 26 42 43 82 45 32 73 54 64 88 45 43 34 33 68 69 96 31 32 29 6 87 96 59 85 74 55 48 73 71 58 91 48 47 23 64 20 74 95 3 12 ]
[85 45 75 30 87 50 0 12 97 37 82 46 22 60 24 79 79 80 23 31 92 92 88 6 62 67 89 7 83 17 22 48 35 69 55 46 58 56 48 44 23 75 18 7 21 20 65 64 64 91 ]
[61 15 33 87 22 79 88 0 75 90 4 45 70 20 98 97 39 56 30 25 33 43 67 43 45 45 50 84 21 17 40 23 55 30 9 63 16 99 44 44 91 22 46 59 22 23 63 66 28 62 ]
[37 64 38 11 7 36 3 25 0 83 37 44 25 39 76 50 57 27 89 43 88 28 19 67 66 12 94 1 49 31 12 35 30 87 18 36 84 27 44 40 51 67 98 85 86 28 6 14 68 78 ]
[54 15 94 70 12 74 63 10 17 0 63 14 89 61 47 36 99 37 62 76 13 48 57 5 52 64 75 0 26 61 30 74 66 22 90 49 72 8 30 15 37 89 0 29 54 6 10 93 75 21 ]
[40 47 19 64 74 58 18 96 63 37 0 29 77 72 49 13 29 46 92 36 92 79 79 56 55 93 42 21 84 44 73 94 14 79 16 61 8 22 77 82 16 30 79 60 3 65 18 58 9 2 ]
[40 21 41 80 32 57 54 55 56 86 71 0 45 96 19 61 33 33 84 28 76 13 14 16 88 5 93 72 11 46 21 25 81 39 39 20 6 14 48 96 58 55 22 56 34 45 49 40 54 39 ]
[3 26 70 34 94 18 78 30 75 11 23 55 0 93 4 47 89 56 40 71 55 22 0 24 16 61 10 28 2 23 63 68 8 97 67 53 77 66 62 59 34 62 57 34 10 24 29 33 25 88 ]
[7 43 27 77 40 55 40 80 61 39 28 4 7 0 43 51 7 90 35 62 93 68 19 90 44 29 57 69 51 37 88 58 32 58 11 92 40 63 15 2 19 43 98 14 1 43 67 52 59 55 ]
[99 78 48 81 28 68 76 2 24 53 51 81 96 57 0 7 62 85 52 39 3 38 88 14 30 31 85 5 23 85 83 48 2 15 26 75 4 75 92 80 95 24 20 72 76 52 78 11 64 17 ]
[89 69 81 95 54 27 21 3 50 64 87 39 53 49 93 0 76 36 32 55 77 94 89 44 92 97 84 84 39 31 3 80 67 87 86 94 95 40 55 81 59 52 17 83 45 86 66 48 87 87 ]
[6 43 21 17 58 46 21 61 43 1 71 67 11 93 38 24 0 47 71 79 42 0 33 66 55 44 79 36 66 66 94 30 51 92 16 59 43 58 54 40 31 29 48 54 37 21 49 14 8 68 ]
[23 88 87 24 12 36 20 44 73 63 54 67 44 10 15 64 53 0 41 67 63 95 14 73 80 21 70 93 31 91 43 89 57 96 27 70 80 2 70 9 5 38 95 32 91 12 79 99 82 60 ]
[63 34 1 64 38 12 77 70 11 38 8 16 60 65 48 68 29 59 0 33 77 75 75 8 50 71 17 61 73 31 48 90 28 77 49 8 23 77 54 86 82 52 18 19 51 37 19 3 59 93 ]
[59 27 23 45 43 55 69 75 57 24 64 72 29 38 61 45 21 33 67 0 10 22 18 1 70 88 86 10 26 98 86 71 11 27 13 36 43 73 39 95 5 32 46 69 29 66 9 35 37 19 ]
[77 79 53 85 2 57 8 67 12 87 8 24 45 7 97 23 58 37 23 90 0 82 30 21 40 12 88 46 6 94 67 29 28 21 97 7 74 35 86 52 61 8 62 61 11 76 29 18 90 13 ]
[8 35 77 15 28 66 8 57 72 52 21 87 78 32 62 6 100 5 25 78 18 0 96 6 35 94 10 5 60 56 49 60 12 41 16 41 74 63 58 6 81 9 86 31 47 3 52 76 19 22 ]
[1 96 93 75 11 67 12 33 81 43 21 86 100 81 12 11 67 86 25 82 70 4 0 95 56 19 10 85 94 29 0 10 99 36 73 15 22 66 11 93 81 88 51 90 71 86 18 48 62 23 ]
[60 28 61 65 1 32 94 57 33 95 44 84 76 10 86 56 34 27 92 99 79 94 5 0 46 69 92 65 34 40 17 93 14 11 44 11 15 96 74 14 12 5 40 37 39 85 89 95 70 22 ]
[27 1 95 76 32 31 38 55 34 48 45 12 84 56 70 8 45 20 50 30 60 65 44 54 0 86 58 26 64 88 28 60 74 83 0 94 96 56 4 75 51 14 44 94 82 15 67 47 99 19 ]
[14 5 67 33 17 4 33 55 88 36 7 95 39 71 69 3 56 79 29 12 88 6 81 31 14 0 18 78 25 25 21 66 65 14 1 92 35 80 81 74 64 67 86 81 98 31 53 36 28 60 ]
[12 56 67 51 7 69 11 50 6 25 58 7 90 43 15 16 21 30 83 14 12 90 90 8 42 82 0 5 85 35 75 69 0 40 73 93 52 83 49 5 1 42 34 46 22 77 67 82 52 30 ]
[64 3 77 98 73 68 93 16 99 100 79 28 72 31 95 16 64 7 39 90 54 95 15 35 74 22 95 0 41 38 66 71 66 84 42 57 39 1 66 28 65 50 92 83 51 54 55 3 61 65 ]
[34 45 61 74 63 71 17 79 51 74 16 89 98 49 77 61 34 69 27 74 94 40 6 66 36 75 15 59 0 59 96 99 87 60 75 99 49 18 56 44 54 46 56 16 83 61 58 83 34 21 ]
[28 1 42 85 46 94 83 83 69 39 56 54 77 63 15 69 34 9 69 2 6 44 71 60 12 75 65 62 41 0 70 65 33 38 16 91 87 57 87 83 4 5 91 13 19 29 23 61 89 98 ]
[70 51 14 28 65 13 78 60 88 70 27 79 37 12 17 97 6 57 52 14 33 51 100 83 72 79 25 34 4 30 0 92 70 22 73 21 40 40 63 72 23 57 44 72 77 66 89 47 5 9 ]
[20 17 15 34 74 4 52 77 65 26 6 75 32 42 52 20 70 11 10 29 71 40 90 7 40 34 31 29 1 35 8 0 61 76 3 54 81 33 20 91 5 96 10 47 35 69 3 39 74 50 ]
[14 83 65 1 44 41 65 45 70 34 86 19 92 68 98 33 49 43 72 89 72 88 1 86 26 35 100 34 13 67 30 39 0 90 64 26 88 9 67 15 79 54 72 44 55 57 68 90 58 28 ]
[51 28 13 82 97 15 31 70 13 78 21 61 3 42 85 13 8 4 23 73 79 59 64 89 17 86 60 16 40 62 78 24 10 0 35 16 56 41 18 10 31 16 91 76 51 61 27 66 82 77 ]
[29 70 26 48 58 26 45 91 82 10 84 61 33 89 74 14 84 73 51 87 3 84 27 56 100 99 27 58 25 84 27 97 36 65 0 55 81 59 38 34 93 94 39 77 82 69 51 73 5 79 ]
[29 88 24 51 70 45 54 37 64 51 39 80 47 8 25 6 41 30 92 64 93 59 85 89 6 8 7 43 1 9 79 46 74 84 45 0 98 49 27 35 94 61 64 34 71 87 14 31 82 76 ]
[25 72 36 66 96 52 42 84 16 28 92 94 23 60 96 5 57 20 77 57 26 26 78 85 4 65 48 61 51 13 60 19 12 44 19 2 0 11 62 1 57 9 14 99 35 59 66 13 75 18 ]
[83 19 3 54 84 27 44 1 73 92 78 86 34 37 25 60 42 98 23 27 65 37 34 4 44 20 17 99 82 43 60 67 91 59 41 51 89 0 57 56 21 80 13 64 90 34 29 7 55 49 ]
[18 83 22 25 5 29 52 56 56 70 23 52 38 85 8 45 46 30 46 61 14 42 89 26 96 19 51 34 44 13 37 80 33 82 62 73 38 43 0 88 12 80 34 65 38 92 78 36 17 29 ]
[25 69 1 92 28 42 56 56 60 85 18 4 41 98 20 19 60 91 14 5 48 94 7 86 25 26 95 72 56 17 28 9 85 90 66 65 99 44 12 0 13 63 8 0 13 54 31 70 49 51 ]
[54 21 1 77 45 9 77 9 49 63 84 42 66 81 5 41 69 95 18 95 39 19 19 88 49 36 99 35 46 96 77 95 21 69 7 6 43 79 88 87 0 89 17 7 16 33 66 73 84 70 ]
[16 26 23 20 60 52 25 78 33 11 70 45 38 57 76 48 71 62 48 68 92 91 12 95 86 33 58 50 54 95 43 4 46 84 6 39 91 20 20 37 11 0 41 78 96 64 7 25 40 87 ]
[4 68 59 52 69 53 82 54 2 100 21 78 43 2 80 83 52 5 82 54 38 14 49 60 56 14 66 8 44 9 56 90 28 9 61 36 86 87 66 92 83 59 0 34 2 3 45 17 69 38 ]
[64 21 88 4 45 77 93 41 15 71 40 44 66 86 28 17 46 68 81 31 39 69 10 63 6 19 54 17 84 87 28 53 56 24 23 66 1 36 35 100 93 22 66 0 37 36 10 50 73 95 ]
[35 95 80 61 97 36 79 78 14 46 97 66 90 99 24 55 63 9 49 71 89 53 29 61 18 2 78 49 17 81 23 65 45 49 18 29 65 10 62 87 84 4 98 63 0 43 25 41 90 36 ]
[36 34 50 68 68 80 80 77 72 94 35 55 76 57 48 14 79 88 63 34 24 97 14 15 85 69 23 46 39 71 34 31 43 39 31 13 41 66 8 46 67 36 97 64 57 0 70 78 57 66 ]
[68 44 10 17 14 26 35 37 94 90 82 51 71 33 22 34 51 21 81 91 71 48 82 11 33 47 33 45 42 77 11 97 32 73 49 86 34 71 22 69 34 93 55 90 75 30 0 31 68 94 ]
[49 41 56 30 5 5 36 34 86 7 42 60 67 48 89 52 86 1 97 65 82 24 52 5 53 64 18 97 17 39 53 61 10 34 27 69 87 93 64 30 27 75 83 50 59 22 69 0 53 89 ]
[76 79 74 23 5 97 36 72 32 25 91 46 75 41 36 13 92 18 41 63 10 81 38 30 1 72 48 39 66 11 95 26 42 18 95 18 25 45 83 51 16 60 31 27 10 43 32 47 0 25 ]
[81 25 97 1 15 88 9 38 22 79 98 61 12 45 83 13 32 40 7 81 87 78 77 78 81 40 70 35 79 2 91 50 72 23 21 24 82 51 71 49 30 13 62 5 64 34 6 11 75 0 ]
];
