nbGenes = 100;
preference = [[0 11 84 49 30 66 7 78 22 35 76 34 13 15 29 76 29 26 46 7 52 11 49 49 48 32 51 26 30 60 47 58 43 44 94 28 16 3 15 30 52 55 65 28 71 32 29 72 68 58 89 94 13 5 74 52 16 88 98 90 96 37 70 53 72 89 12 81 53 55 30 79 79 46 0 38 52 40 23 87 25 79 8 52 25 0 35 63 73 13 60 23 84 8 76 74 77 66 54 10 ]
[89 0 73 25 97 65 25 46 77 21 98 5 29 49 27 41 30 65 12 97 31 18 36 54 91 11 65 83 66 19 20 49 38 3 98 2 75 45 84 92 50 24 75 1 58 19 47 66 86 0 43 90 29 92 97 45 36 85 86 24 81 85 83 67 83 95 76 3 35 8 36 49 66 83 67 45 95 61 1 55 99 49 19 50 18 42 51 58 4 22 25 49 27 6 74 5 1 30 27 54 ]
[16 27 0 63 23 84 17 84 81 13 35 83 15 33 87 38 34 90 91 46 80 70 67 92 54 62 81 92 38 29 25 28 9 95 0 38 51 4 14 79 37 37 52 67 32 55 97 14 85 80 21 79 16 5 92 52 19 45 75 6 22 95 40 8 46 21 52 58 47 54 44 40 49 89 16 96 99 70 71 82 93 64 41 94 63 17 48 62 60 46 76 66 91 91 54 8 4 83 51 1 ]
[51 75 37 0 4 55 74 89 98 85 38 50 69 87 47 2 9 93 21 38 34 85 55 54 73 35 0 15 76 64 48 88 39 13 56 76 26 47 71 52 12 23 22 97 99 22 54 79 7 98 3 67 90 11 16 59 86 91 82 55 49 34 78 78 32 92 70 12 96 61 44 15 48 55 97 25 76 38 48 51 5 31 27 98 27 85 16 39 1 82 83 76 69 39 95 89 3 29 72 5 ]
[70 3 77 96 0 32 80 68 70 19 2 49 87 92 23 80 40 52 59 0 40 94 90 91 18 80 5 75 78 44 22 24 51 86 28 75 86 75 26 92 31 45 45 36 38 14 2 68 81 29 32 6 27 18 14 50 77 67 5 47 5 43 14 87 1 81 9 89 5 82 48 79 85 50 0 63 77 17 89 21 83 33 53 92 80 26 18 62 37 49 67 5 24 78 81 58 58 58 7 22 ]
[34 35 16 45 68 0 6 63 49 86 23 85 90 47 68 70 22 18 6 36 10 29 57 77 6 69 24 77 52 17 78 55 8 68 10 76 94 61 90 53 28 65 52 68 74 57 25 17 25 88 81 35 77 2 80 93 86 46 98 33 23 15 57 94 90 63 34 6 38 98 15 67 84 50 88 74 56 18 73 88 57 31 76 2 47 24 48 77 9 71 60 95 46 34 14 77 3 5 71 54 ]
[93 75 83 26 20 94 0 24 88 99 14 2 93 1 67 32 26 78 31 4 3 85 60 87 76 91 56 76 13 48 94 45 20 71 81 96 42 81 96 75 19 34 98 66 84 33 68 90 75 81 19 14 98 1 21 20 83 67 79 45 86 86 18 8 23 64 47 13 59 84 20 8 35 14 77 46 32 61 74 29 70 53 38 30 37 2 62 84 6 10 89 93 13 25 4 37 61 74 6 86 ]
[22 54 16 11 32 37 76 0 34 13 55 98 92 8 62 77 85 75 98 76 58 56 18 69 56 11 80 20 63 22 10 15 73 15 21 28 3 18 54 77 14 49 10 31 2 4 41 68 66 48 93 24 53 90 66 31 52 44 87 39 92 20 63 12 65 49 33 42 92 58 29 58 47 18 16 35 10 1 77 11 59 48 47 53 58 51 17 95 53 65 20 11 13 31 91 77 39 42 43 48 ]
[78 23 19 2 30 51 12 66 0 65 25 94 87 20 68 43 19 14 95 16 32 46 61 66 80 9 78 46 61 40 0 69 53 9 27 19 36 50 75 29 43 49 0 66 84 88 16 25 35 17 90 39 42 57 25 62 69 19 8 38 58 68 73 16 46 23 91 67 62 57 76 45 91 18 91 95 87 49 83 35 45 84 59 6 52 12 31 66 58 86 66 44 15 68 98 30 0 55 87 92 ]
[65 79 87 15 81 14 1 87 35 0 2 89 24 5 59 44 1 34 67 22 43 25 2 3 71 46 43 51 21 7 4 56 10 68 11 29 85 94 29 84 39 59 49 35 39 87 51 64 6 93 99 31 52 61 38 80 45 51 30 41 55 13 60 63 74 1 4 56 80 27 75 26 66 39 85 14 60 95 65 70 30 65 94 74 61 87 10 15 59 91 98 90 20 85 62 81 5 28 35 20 ]
[24 2 65 62 98 77 86 45 75 98 0 66 61 34 65 79 35 65 0 2 58 77 66 66 28 70 88 33 19 35 45 62 51 29 99 31 30 24 57 88 34 33 95 45 83 15 2 27 62 48 7 22 5 69 40 66 85 26 43 72 27 20 31 77 38 86 73 53 22 23 38 94 48 41 15 65 35 46 58 22 13 24 74 77 17 61 98 39 50 66 12 12 74 9 18 23 19 9 98 52 ]
[66 95 17 50 51 15 98 2 6 11 34 0 48 49 72 8 78 8 78 51 57 79 51 82 32 66 29 30 15 19 21 83 61 7 3 63 96 13 38 47 62 65 51 0 45 48 65 84 86 80 15 11 14 81 15 2 67 85 24 62 10 59 58 95 71 50 98 3 97 95 17 54 51 87 98 86 85 75 21 22 69 62 77 18 19 23 51 8 56 74 76 36 5 55 54 82 88 63 69 21 ]
[87 71 85 31 13 10 7 8 13 76 39 52 0 31 6 68 80 67 41 65 85 55 17 8 53 27 38 18 42 91 49 59 55 57 54 34 45 83 7 87 91 58 57 4 71 6 88 14 57 24 64 81 97 68 38 32 21 99 2 59 31 70 73 84 51 91 64 88 45 69 71 5 62 27 31 55 39 92 62 13 79 98 57 91 42 66 82 91 15 27 12 12 15 1 62 23 8 72 32 50 ]
[85 51 67 13 8 53 99 92 80 95 66 51 69 0 96 98 40 9 22 1 79 45 62 14 60 27 53 69 49 28 68 96 72 15 76 92 85 9 32 60 42 81 26 7 13 78 47 46 44 96 27 9 49 59 46 52 56 17 47 62 93 41 31 4 44 23 65 69 18 15 83 33 26 26 30 92 85 15 18 21 3 22 2 57 15 26 24 61 77 96 25 78 73 78 64 50 50 98 56 59 ]
[71 73 13 53 77 32 33 38 32 41 35 28 94 4 0 63 34 31 89 20 39 9 27 79 73 58 55 93 41 7 28 40 75 99 39 56 40 83 81 16 2 88 14 35 86 93 45 31 73 81 38 67 83 8 16 45 49 87 31 20 34 58 75 75 91 94 17 55 91 71 13 37 67 21 83 79 23 27 28 15 21 65 11 58 36 0 87 58 50 33 98 57 60 16 96 10 56 51 73 4 ]
[24 59 62 98 20 30 68 23 57 56 21 92 32 2 37 0 87 62 55 18 76 39 7 11 74 83 13 49 66 63 58 57 76 0 32 58 44 63 66 26 62 47 69 60 41 42 88 13 44 80 30 21 2 17 86 52 11 34 40 46 56 23 31 86 63 70 9 83 25 52 80 44 61 17 37 29 39 31 11 21 66 69 90 88 77 21 49 43 58 41 12 19 74 63 28 38 44 14 45 94 ]
[71 70 66 91 60 78 74 15 81 99 65 22 20 60 66 13 0 4 46 34 66 98 49 84 53 37 92 43 76 47 22 75 63 82 65 78 42 7 35 75 15 64 43 11 0 4 18 39 36 48 81 6 91 52 20 51 57 70 48 74 75 42 85 56 8 50 49 89 86 1 11 22 48 31 72 25 35 32 79 19 49 62 47 6 79 44 82 85 83 95 77 3 19 85 35 10 39 36 94 45 ]
[74 35 10 7 48 82 22 25 86 66 35 92 33 91 69 38 96 0 33 17 95 89 0 25 4 77 22 91 66 17 77 20 51 2 47 24 32 93 77 84 65 57 80 67 56 85 49 21 58 53 99 93 19 90 78 62 22 19 25 86 18 36 30 88 76 82 91 68 24 68 2 40 11 88 5 70 18 39 88 15 23 40 90 78 59 24 74 16 60 23 61 20 0 9 36 19 9 87 15 53 ]
[54 88 9 79 41 94 69 2 5 33 100 22 59 78 11 45 54 67 0 56 53 61 8 21 19 79 25 43 34 99 30 3 83 91 85 91 29 42 57 91 1 14 7 43 23 97 8 97 41 2 31 8 65 72 34 17 56 54 21 51 73 22 55 30 78 27 33 13 67 64 79 1 45 73 70 33 65 40 64 83 9 81 33 78 38 19 9 21 39 63 20 49 67 13 98 43 93 15 84 95 ]
[93 3 54 62 100 64 96 24 84 78 98 49 35 99 80 82 66 83 44 0 91 71 54 12 76 68 92 42 98 3 89 0 60 33 26 79 52 77 15 59 66 2 9 95 23 74 20 0 98 9 32 64 38 96 6 8 32 35 60 58 43 62 86 62 4 4 11 18 42 7 37 98 41 12 13 61 95 75 0 85 7 60 39 33 61 83 76 10 58 35 34 65 49 61 84 89 37 83 33 34 ]
[48 69 20 66 60 90 97 42 68 57 42 43 15 21 61 24 34 5 47 9 0 44 0 39 66 1 81 3 19 46 50 50 94 15 48 0 57 46 84 89 30 74 61 43 53 40 93 13 76 59 8 63 45 76 86 62 54 25 38 88 9 56 63 74 26 9 2 77 37 20 51 73 74 85 40 49 9 37 45 39 64 25 69 15 95 83 59 25 63 17 38 22 59 34 45 5 71 82 95 5 ]
[89 82 30 15 6 71 15 44 54 75 23 21 45 55 91 61 2 11 39 29 56 0 54 85 12 49 71 99 74 68 2 66 7 0 83 86 33 4 18 86 38 22 10 89 4 38 70 21 56 30 83 70 9 76 5 29 13 41 71 28 71 52 5 37 0 83 52 46 94 83 48 19 96 94 42 89 52 64 16 32 47 44 64 18 53 60 95 57 5 7 87 68 28 63 65 2 48 61 48 41 ]
[51 64 33 45 10 43 40 82 39 98 34 49 83 38 73 93 51 100 92 46 100 46 0 81 26 79 87 69 88 8 56 62 53 48 37 4 9 87 19 15 28 67 68 84 68 85 64 46 59 34 72 77 57 40 78 31 71 37 6 63 7 87 32 60 78 17 57 50 23 28 11 28 7 31 73 38 87 0 22 14 33 66 17 25 57 15 19 60 2 66 19 8 37 3 42 56 3 20 25 49 ]
[51 46 8 46 9 23 13 31 34 97 34 18 92 86 21 89 16 75 79 88 61 15 19 0 23 69 21 93 99 35 64 7 7 10 60 57 91 12 79 81 97 26 72 71 14 46 94 10 3 34 24 31 19 7 70 19 22 62 97 74 74 5 84 62 18 60 98 62 43 67 24 91 98 50 19 55 38 52 11 51 9 69 31 63 88 70 6 24 91 30 36 53 42 95 9 43 80 16 17 22 ]
[52 9 46 27 82 94 24 44 20 29 72 68 47 40 27 26 47 96 81 24 34 88 74 77 0 84 70 62 45 61 97 84 65 74 53 97 93 56 94 93 61 79 62 47 1 27 58 73 85 92 44 65 63 3 13 7 79 4 10 60 48 95 16 1 22 89 20 50 78 93 96 63 91 66 42 30 57 59 30 87 65 96 87 6 30 88 43 62 58 58 68 81 70 56 59 45 41 32 33 37 ]
[68 89 38 65 20 31 9 89 91 54 30 34 73 73 42 17 63 23 21 32 99 51 21 31 16 0 35 55 69 8 86 7 12 5 76 83 52 80 10 53 78 83 20 10 80 80 67 6 96 24 50 31 91 90 87 23 67 12 95 64 62 34 41 88 34 87 30 7 22 70 37 70 11 12 10 88 3 87 24 73 3 85 84 82 92 0 91 9 60 25 27 90 1 98 77 82 22 94 11 59 ]
[49 35 19 100 95 76 44 20 22 57 12 71 62 47 45 87 8 78 75 8 19 29 13 79 30 65 0 8 1 38 69 58 20 10 8 64 11 37 49 18 78 35 79 51 88 1 35 36 2 6 95 81 80 20 36 85 51 56 49 7 45 99 84 4 85 87 68 65 44 54 68 95 2 15 75 98 79 39 2 60 75 21 24 15 87 93 95 12 6 4 5 18 1 40 1 11 63 31 37 39 ]
[74 17 8 85 25 23 24 80 54 49 67 70 82 31 7 51 57 9 57 58 97 1 31 7 38 45 92 0 26 84 40 11 17 19 92 13 78 39 47 66 17 16 77 72 87 49 18 49 99 56 19 3 84 25 55 57 49 80 77 5 6 30 7 88 43 46 84 32 31 59 38 74 77 53 68 5 23 36 71 73 5 73 81 72 95 74 90 10 23 37 73 61 73 54 61 24 26 37 61 0 ]
[70 34 62 24 22 48 87 37 39 79 81 85 58 51 59 34 24 34 66 2 81 26 12 1 55 31 99 74 0 27 12 58 22 88 34 13 63 29 49 40 22 89 84 28 84 29 56 80 25 24 13 80 93 49 19 47 65 87 14 30 80 68 23 17 32 58 79 84 98 83 10 80 45 20 91 14 64 23 4 92 21 87 71 35 72 8 56 24 36 68 94 1 90 75 3 77 51 8 82 66 ]
[40 81 71 36 56 83 52 78 60 93 65 81 9 72 93 37 53 83 1 97 54 32 92 65 39 92 62 16 73 0 33 71 40 45 81 11 93 24 13 33 37 89 94 44 88 33 71 14 35 80 59 41 32 24 32 80 6 4 48 69 77 37 32 22 75 85 65 72 14 36 92 24 78 87 78 54 88 71 83 4 44 74 86 14 32 71 55 93 43 97 50 63 13 80 66 95 2 50 61 93 ]
[53 80 75 52 78 22 6 90 100 96 55 79 51 32 72 42 78 23 70 11 50 98 44 36 3 14 31 60 88 67 0 86 66 22 68 41 18 44 34 29 52 26 62 55 96 27 54 53 22 28 47 24 69 75 88 13 13 83 5 94 91 58 77 93 9 71 95 25 96 10 28 26 40 90 48 97 45 34 42 33 19 88 75 85 68 38 0 6 70 29 5 81 18 18 0 87 17 58 89 58 ]
[42 51 72 12 76 45 55 85 31 44 38 17 41 4 60 43 25 80 97 100 50 34 38 93 16 93 42 89 42 29 14 0 35 19 24 61 94 57 27 95 6 81 51 59 23 74 79 54 52 24 34 34 61 33 73 46 39 40 43 0 40 53 81 65 66 11 72 42 0 14 46 43 13 37 42 41 89 55 52 52 23 50 39 93 12 40 62 79 67 24 79 32 55 28 0 63 47 70 50 32 ]
[57 62 91 61 49 92 80 27 47 90 49 39 45 28 25 24 37 49 17 40 6 93 47 93 35 88 80 83 78 60 34 65 0 52 35 43 79 92 67 9 7 83 76 29 45 2 60 50 43 36 70 29 49 74 65 21 3 28 34 79 91 63 72 45 13 71 62 19 35 35 52 54 34 42 30 19 89 13 39 68 65 70 21 85 93 49 4 21 53 64 51 40 7 99 50 4 84 73 5 39 ]
[56 97 5 87 14 32 29 85 91 32 71 93 43 85 1 100 18 98 9 67 85 100 52 90 26 95 90 81 12 55 78 81 48 0 35 79 78 42 12 85 35 74 96 75 92 66 49 97 27 10 57 56 0 10 5 89 51 46 99 8 81 87 52 86 68 61 59 52 24 12 22 75 9 94 68 70 97 82 70 62 16 40 66 18 63 43 36 48 55 19 2 73 41 31 17 59 67 16 72 51 ]
[6 2 100 44 72 90 19 79 73 89 1 97 46 24 61 68 35 53 15 74 52 17 63 40 47 24 92 8 66 19 32 76 65 65 0 73 83 74 73 98 20 82 29 43 0 44 18 39 76 80 86 53 97 39 16 88 40 25 83 13 66 13 60 76 7 34 94 33 65 23 71 76 74 83 70 20 31 14 59 33 35 47 23 7 91 30 0 78 75 73 38 71 32 92 27 74 68 95 19 10 ]
[72 98 62 24 25 24 4 72 81 71 69 37 66 8 44 42 22 76 9 21 100 14 96 43 3 17 36 87 87 89 59 39 57 21 27 0 97 89 15 36 95 31 36 72 45 6 23 27 66 62 38 87 87 63 94 78 45 53 69 79 39 66 5 17 44 33 75 45 38 14 62 31 32 43 15 74 92 20 34 48 15 72 27 92 50 27 85 22 8 4 21 24 91 84 38 0 30 28 5 32 ]
[84 25 49 74 14 6 58 97 64 15 70 4 55 15 60 56 58 68 71 48 43 67 91 9 7 48 89 22 37 7 82 6 21 22 17 3 0 4 48 62 23 31 23 23 38 19 26 14 7 96 95 1 18 7 59 37 56 22 83 87 65 62 30 55 35 23 73 73 86 5 72 39 59 67 74 57 89 71 73 87 65 77 30 61 74 37 0 65 79 31 47 36 72 82 23 57 97 67 56 50 ]
[97 55 96 53 25 39 19 82 50 6 76 87 17 91 17 37 93 7 58 23 54 96 13 88 44 20 63 61 71 76 56 43 8 58 26 11 96 0 4 10 81 83 37 56 82 64 49 65 40 41 43 56 41 48 81 30 52 2 28 16 2 71 10 70 73 71 1 84 32 78 32 86 60 63 47 13 49 71 9 60 48 87 0 94 60 15 56 46 20 17 9 31 96 60 72 3 41 47 84 46 ]
[85 16 86 29 74 10 4 46 25 71 43 62 93 68 19 34 65 23 43 85 16 82 81 21 6 90 51 53 51 87 66 73 33 88 27 85 52 96 0 91 89 79 1 19 95 73 28 20 97 22 42 87 11 47 15 49 43 4 91 91 42 89 80 87 0 10 39 24 73 75 71 95 52 4 6 17 81 60 32 89 31 38 72 73 39 89 66 63 97 0 8 9 34 47 92 94 5 62 23 52 ]
[70 8 21 48 8 47 25 23 71 16 12 53 13 40 84 74 25 16 9 41 11 14 85 19 7 47 82 34 60 67 71 5 91 15 2 64 38 90 9 0 39 24 52 23 88 31 15 99 1 69 36 69 99 93 40 16 11 95 18 20 68 74 46 57 49 60 79 60 74 50 54 32 46 8 45 41 27 5 90 56 6 83 59 20 18 16 81 69 58 61 56 56 54 69 32 26 50 75 87 28 ]
[48 50 63 88 69 72 81 86 57 61 66 38 9 58 98 38 85 35 99 34 70 62 72 3 39 22 22 83 78 63 48 94 93 65 80 5 77 19 11 61 0 32 30 6 93 0 39 2 58 57 66 47 84 48 85 27 41 61 18 79 19 19 12 69 82 65 41 3 37 34 47 36 59 98 68 64 82 4 72 31 31 44 52 48 35 85 13 63 31 25 7 10 25 86 91 7 20 79 45 7 ]
[45 76 63 77 55 35 66 51 51 41 67 35 42 19 12 53 36 43 86 98 26 78 33 74 21 17 65 84 11 11 74 19 17 26 18 69 69 17 21 76 68 0 57 93 4 28 58 26 87 82 80 91 45 58 47 97 59 61 70 8 51 38 93 23 67 54 66 20 3 26 34 80 9 70 32 61 90 39 10 86 35 50 80 38 0 20 64 62 0 74 90 1 74 41 30 54 55 4 97 19 ]
[35 25 48 78 55 48 2 90 100 51 5 49 43 74 86 31 57 20 93 91 39 90 32 28 38 80 21 23 16 6 38 49 24 4 71 64 77 63 99 48 70 43 0 93 42 1 13 4 94 74 89 49 43 32 18 89 85 94 5 84 91 56 35 11 79 41 24 85 33 44 13 0 39 54 52 36 37 58 33 94 26 98 26 40 86 79 80 42 99 15 14 43 98 67 75 34 89 59 26 44 ]
[72 99 33 3 64 32 34 69 34 65 55 100 96 93 65 40 89 33 57 5 57 11 16 29 53 90 49 28 72 56 45 41 71 25 57 28 77 44 81 77 94 7 7 0 65 93 14 70 64 53 30 60 50 74 78 32 70 6 47 58 97 16 26 66 33 27 72 33 0 9 95 36 94 49 39 37 75 8 12 38 90 46 85 0 93 98 93 49 65 7 90 11 16 30 86 12 16 66 0 46 ]
[29 42 68 1 62 26 16 98 16 61 17 55 29 87 14 59 100 44 77 77 47 96 32 86 99 20 12 13 16 12 4 77 55 8 100 55 62 18 5 12 7 96 58 35 0 81 0 21 88 56 26 86 12 91 98 11 36 57 65 62 66 89 97 4 21 0 90 40 18 58 42 25 88 2 47 64 75 8 69 5 35 33 62 86 44 0 66 8 87 48 16 69 93 70 25 12 17 77 54 8 ]
[68 81 45 78 86 43 67 96 12 13 85 52 94 22 7 58 96 15 3 26 60 62 15 54 73 20 99 51 71 67 73 26 98 34 56 94 81 36 27 69 100 72 99 7 19 0 43 14 23 82 38 1 74 50 94 60 15 29 64 58 16 86 13 66 38 83 61 4 49 92 37 10 11 22 48 31 0 77 22 59 92 55 62 56 98 80 25 99 94 76 1 95 91 0 60 7 83 95 32 49 ]
[71 53 3 46 98 75 32 59 84 49 98 35 12 53 55 12 82 51 92 80 7 30 36 6 42 33 65 82 44 29 46 21 40 51 82 77 74 51 72 85 61 42 87 86 100 57 0 99 31 92 51 21 4 20 48 26 65 12 86 44 6 92 26 1 25 69 83 21 70 1 84 68 37 42 88 76 52 69 29 92 61 54 64 97 20 92 51 73 23 76 33 37 82 66 1 1 96 5 72 90 ]
[28 34 86 21 32 83 10 32 75 36 73 16 86 54 69 87 61 79 3 100 87 79 54 90 27 94 64 51 20 86 47 46 50 3 61 73 86 35 80 1 98 74 96 30 79 86 1 0 10 46 26 77 94 83 23 24 61 55 24 60 90 73 59 44 68 0 97 8 51 24 56 77 78 82 85 79 41 56 28 78 89 92 74 64 62 74 57 33 37 78 66 90 80 85 83 96 80 82 63 88 ]
[32 14 15 93 19 75 25 34 65 94 38 14 43 56 27 56 64 42 59 2 24 44 41 97 15 4 98 1 75 65 78 48 57 73 24 34 93 60 3 99 42 13 6 36 12 77 69 90 0 58 4 76 7 49 39 5 19 89 93 87 69 26 4 71 44 85 7 30 50 22 17 39 75 63 94 19 78 12 42 40 17 5 56 19 73 17 14 43 10 86 59 78 13 43 35 89 39 90 50 99 ]
[42 100 20 2 71 12 19 52 83 7 52 20 76 4 19 20 52 47 98 91 41 70 66 66 8 76 94 44 76 20 72 76 64 90 20 38 4 59 78 31 43 18 26 47 44 18 8 54 42 0 34 98 26 43 27 86 49 50 20 3 90 79 89 82 74 86 66 88 29 73 9 92 37 66 43 38 70 66 73 14 33 35 90 82 34 60 50 37 61 49 18 96 66 32 6 65 29 32 26 29 ]
[11 57 79 97 68 19 81 7 10 1 93 85 36 73 62 70 19 1 69 68 92 17 28 76 56 50 5 81 87 41 53 66 30 43 14 62 5 57 58 64 34 20 11 70 74 62 49 74 96 66 0 93 5 38 56 5 34 44 77 1 42 83 4 47 58 42 27 1 1 67 99 37 59 14 40 99 91 76 53 28 61 56 50 27 15 55 28 74 51 17 36 51 16 11 81 11 24 28 92 41 ]
[6 10 21 33 94 65 86 76 61 69 78 89 19 91 33 79 94 7 92 36 37 30 23 69 35 69 19 97 20 59 76 66 71 44 47 13 99 44 13 31 53 9 51 40 14 99 79 23 24 2 7 0 52 52 3 10 16 23 27 5 77 81 81 31 35 63 64 52 36 83 46 82 93 52 46 80 6 41 83 31 66 77 52 29 42 33 39 67 80 69 74 62 48 7 12 15 68 34 97 35 ]
[87 71 84 10 73 23 2 47 58 48 95 86 3 51 17 98 9 81 35 62 55 91 43 81 37 9 20 16 7 68 31 39 51 100 3 13 82 59 89 1 16 55 57 50 88 26 96 6 93 74 95 48 0 12 93 48 45 66 77 35 42 70 30 87 34 29 27 94 12 71 5 11 92 77 90 85 47 56 3 36 51 86 53 73 83 58 12 14 71 91 7 75 53 41 53 46 7 5 59 8 ]
[95 8 95 89 82 98 99 10 43 39 31 19 32 41 92 83 48 10 28 4 24 24 60 93 97 10 80 75 51 76 25 67 26 90 61 37 93 52 53 7 52 42 68 26 9 50 80 17 51 57 62 48 88 0 3 80 14 28 12 84 7 42 38 93 77 51 38 10 54 83 3 47 36 51 54 17 88 99 45 75 54 41 70 38 41 61 92 18 40 28 33 7 45 29 16 53 56 59 50 35 ]
[26 3 8 84 86 20 79 34 75 62 60 85 62 54 84 14 80 22 66 94 14 95 22 30 87 13 64 45 81 68 12 27 35 95 84 6 41 19 85 60 15 53 82 22 2 6 52 77 61 73 44 97 7 97 0 39 63 91 52 77 95 63 90 73 45 13 7 33 89 69 55 96 19 29 15 80 79 33 7 87 4 55 99 4 53 11 46 57 48 80 74 22 83 46 73 29 21 14 28 90 ]
[48 55 48 41 50 7 80 69 38 20 34 98 68 48 55 48 49 38 83 92 38 71 69 81 93 77 15 43 53 20 87 54 79 11 12 22 63 70 51 84 73 3 11 68 89 40 74 76 95 14 95 90 52 20 61 0 29 43 88 23 89 81 9 62 39 98 62 60 29 2 68 23 50 61 43 44 27 17 68 7 51 14 30 42 18 92 62 56 37 43 69 19 15 20 15 42 1 6 45 34 ]
[84 64 81 14 23 14 17 48 31 55 15 33 79 44 51 89 43 78 44 68 46 87 29 78 21 33 49 51 35 94 87 61 97 49 60 55 44 48 57 89 59 41 15 30 64 85 35 39 81 51 66 84 55 86 37 71 0 43 50 98 32 94 74 11 86 32 98 70 18 54 78 62 78 74 35 67 70 43 89 55 36 71 92 97 49 11 88 75 58 87 78 97 76 25 56 60 42 11 62 82 ]
[12 15 55 9 33 54 33 56 81 49 74 15 1 83 13 66 30 81 46 65 75 59 63 38 96 88 44 20 13 96 17 60 72 54 75 47 78 98 96 5 39 39 6 94 43 71 88 45 11 50 56 77 34 72 9 57 57 0 14 43 0 79 93 30 8 93 55 57 83 25 88 45 40 73 31 42 7 24 24 23 29 75 74 72 42 43 50 52 6 59 65 20 16 31 19 14 7 57 1 66 ]
[2 14 25 18 95 2 21 13 92 70 57 76 98 53 69 60 52 75 79 40 62 29 94 3 90 5 51 23 86 52 95 57 66 1 17 31 17 72 9 82 82 30 95 53 35 36 14 76 7 80 23 73 23 88 48 12 50 86 0 96 7 53 55 98 26 57 33 61 94 76 61 17 84 53 66 89 39 6 4 51 29 41 1 2 58 40 3 14 97 14 63 36 31 58 25 90 30 49 79 22 ]
[10 76 94 45 53 67 55 61 62 59 28 38 41 38 80 54 26 14 49 42 12 72 37 26 40 36 93 95 70 31 6 100 21 92 87 21 13 84 9 80 21 92 16 42 38 42 56 40 13 97 99 95 65 16 23 77 2 57 4 0 61 73 9 91 0 14 24 61 48 92 5 7 53 16 36 45 51 70 9 47 9 96 35 62 23 83 40 88 91 92 13 30 97 20 82 18 41 80 49 61 ]
[4 19 78 51 95 77 14 8 42 45 73 90 69 7 66 44 25 82 27 57 91 29 93 26 52 38 55 94 20 23 9 60 9 19 34 61 35 98 58 32 81 49 9 3 34 84 94 10 31 10 58 23 58 93 5 11 68 100 93 39 0 37 32 0 70 17 47 52 27 4 19 25 60 61 18 12 87 94 1 23 4 93 62 51 1 39 34 86 8 24 12 81 51 56 3 44 10 44 67 69 ]
[63 15 5 66 57 85 14 80 32 87 80 41 30 59 42 77 58 64 78 38 44 48 13 95 5 66 1 70 32 63 42 47 37 13 87 34 38 29 11 26 81 62 44 84 11 14 8 27 74 21 17 19 30 58 37 19 6 21 47 27 63 0 90 8 65 78 26 50 13 97 66 19 21 64 19 85 98 75 37 73 14 64 21 8 0 18 89 71 51 49 20 97 4 64 37 43 84 83 55 10 ]
[30 17 60 22 86 43 82 37 27 40 69 42 27 69 25 69 15 70 45 14 37 95 68 16 84 59 16 93 77 68 23 19 28 48 40 95 70 90 20 54 88 7 65 74 3 87 74 41 96 11 96 19 70 62 10 91 26 7 45 91 68 10 0 20 76 52 39 17 72 13 8 14 11 53 88 67 93 29 50 49 45 94 83 2 35 31 41 82 5 71 78 48 96 26 94 15 54 36 62 63 ]
[47 33 92 22 13 6 92 88 84 37 23 5 16 96 25 14 44 12 70 38 26 63 40 38 99 12 96 12 83 78 7 35 55 14 24 83 45 30 13 43 31 77 89 34 96 34 99 56 29 18 53 69 13 7 27 38 89 70 2 9 100 92 80 0 33 13 92 6 15 88 44 85 46 8 45 38 62 9 66 92 80 17 38 28 60 39 76 20 18 18 60 18 3 6 31 86 42 34 88 75 ]
[28 17 54 68 99 10 77 35 54 26 62 29 49 56 9 37 92 24 22 96 74 100 22 82 78 66 15 57 68 25 91 34 87 32 93 56 65 27 100 51 18 33 21 67 79 62 75 32 56 26 42 65 66 23 55 61 14 92 74 100 30 35 24 67 0 60 46 14 61 60 54 29 50 80 34 63 6 46 85 93 4 36 20 55 88 19 22 55 62 80 34 75 89 9 34 25 97 71 75 37 ]
[11 5 79 8 19 37 36 51 77 99 14 50 9 77 6 30 50 18 73 96 91 17 83 40 11 13 13 54 42 15 29 89 29 39 66 67 77 29 90 40 35 46 59 73 100 17 31 100 15 14 58 37 71 49 87 2 68 7 43 86 83 22 48 87 40 0 80 48 85 24 95 29 9 19 3 14 89 64 17 83 14 65 51 4 85 55 42 78 92 1 23 33 12 47 94 49 6 75 15 72 ]
[88 24 48 30 91 66 53 67 9 96 27 2 36 35 83 91 51 9 67 89 98 48 43 2 80 70 32 16 21 35 5 28 38 41 6 25 27 99 61 21 59 34 76 28 10 39 17 3 93 34 73 36 73 62 93 38 2 45 67 76 53 74 61 8 54 20 0 15 82 86 21 81 16 87 35 70 7 2 69 30 43 42 61 66 18 45 22 8 63 15 93 92 3 63 87 74 88 60 39 53 ]
[19 97 42 88 11 94 87 58 33 44 47 97 12 31 45 17 11 32 87 82 23 54 50 38 50 93 35 68 16 28 75 58 81 48 67 55 27 16 76 40 97 80 15 67 60 96 79 92 70 12 99 48 6 90 67 40 30 43 39 39 48 50 83 94 86 52 85 0 53 38 52 32 82 98 84 84 83 19 44 62 68 77 17 40 33 30 59 10 43 32 46 55 79 41 58 5 91 40 58 70 ]
[47 65 53 4 95 62 41 8 38 20 78 3 55 82 9 75 14 76 33 58 63 6 77 57 22 78 56 69 2 86 4 100 65 76 35 62 14 68 27 26 63 97 67 100 82 51 30 49 50 71 99 64 88 46 11 71 82 17 6 52 73 87 28 85 39 15 18 47 0 42 16 46 43 69 97 83 11 32 90 2 77 3 63 87 98 16 70 81 90 76 15 34 17 92 25 2 56 66 51 82 ]
[45 92 46 39 18 2 16 42 43 73 77 5 31 85 29 48 99 32 36 93 80 17 72 33 7 30 46 41 17 64 90 86 65 88 77 86 95 22 25 50 66 74 56 91 42 8 99 76 78 27 33 17 29 17 31 98 46 75 24 8 96 3 87 12 40 76 14 62 58 0 15 44 10 96 37 27 29 29 46 84 76 10 28 25 66 50 70 24 72 78 92 45 36 61 5 21 13 34 79 99 ]
[70 64 56 56 52 85 80 71 24 25 62 83 29 17 87 20 89 98 21 63 49 52 89 76 4 63 32 62 90 8 72 54 48 78 29 38 28 68 29 46 53 66 87 5 58 63 16 44 83 91 1 54 95 97 45 32 22 12 39 95 81 34 92 56 46 5 79 48 84 85 0 53 9 56 0 59 0 49 15 22 66 3 2 71 63 41 15 23 24 64 18 78 22 29 92 74 34 18 44 17 ]
[21 51 60 85 21 33 92 42 55 74 6 46 95 67 63 56 78 60 99 2 27 81 72 9 37 30 5 26 20 76 74 57 46 25 24 69 61 14 5 68 64 20 100 64 75 90 32 23 61 8 63 18 89 53 4 77 38 55 83 93 75 81 86 15 71 71 19 68 54 56 47 0 91 99 66 92 68 30 97 72 41 62 36 39 88 41 10 47 64 8 25 33 34 92 11 14 30 68 84 96 ]
[21 34 51 52 15 16 65 53 9 34 52 49 38 74 33 39 52 89 55 59 26 4 93 2 9 89 98 23 55 22 60 87 66 91 26 68 41 40 48 54 41 91 61 6 12 89 63 22 25 63 41 7 8 64 81 50 22 60 16 47 40 79 89 54 50 91 84 18 57 90 91 9 0 84 52 16 41 93 24 52 20 35 24 39 15 70 97 53 38 23 55 35 76 99 52 68 12 87 53 99 ]
[54 17 11 45 50 50 86 82 82 61 59 13 73 74 79 83 69 12 27 88 15 6 69 50 34 88 85 47 80 13 10 63 58 6 17 57 33 37 96 92 2 30 46 51 98 78 58 18 37 34 86 48 23 49 71 39 26 27 47 84 39 36 47 92 20 81 13 2 31 4 44 1 16 0 90 2 26 64 20 47 53 88 24 43 51 13 14 84 55 42 9 66 32 2 87 9 19 5 6 59 ]
[100 33 84 3 100 12 23 84 9 15 85 2 69 70 17 63 28 95 30 87 60 58 27 81 58 90 25 32 9 22 52 58 70 32 30 85 26 53 94 55 32 68 48 61 53 52 12 15 6 57 60 54 10 46 85 57 65 69 34 64 82 81 12 55 66 97 65 16 3 63 100 34 48 10 0 68 9 77 43 48 59 26 41 77 98 87 91 91 69 23 98 11 26 40 6 8 70 19 87 39 ]
[62 55 4 75 37 26 54 65 5 86 35 14 45 8 21 71 75 30 67 39 51 11 62 45 70 12 2 95 86 46 3 59 81 30 80 26 43 87 83 59 36 39 64 63 36 69 24 21 81 62 1 20 15 83 20 56 33 58 11 55 88 15 33 62 37 86 30 16 17 73 41 8 84 98 32 0 32 85 18 54 45 99 5 35 24 86 32 88 97 0 34 5 46 74 67 13 70 31 79 0 ]
[48 5 1 24 23 44 68 90 13 40 65 15 61 15 77 61 65 82 35 5 91 48 13 62 43 97 21 77 36 12 55 11 11 3 69 8 11 51 19 73 18 10 63 25 25 100 48 59 22 30 9 94 53 12 21 73 30 93 61 49 13 2 7 38 94 11 93 17 89 71 100 32 59 74 91 68 0 37 97 93 65 47 58 1 0 3 54 2 16 77 15 22 59 87 68 82 84 36 3 44 ]
[60 39 30 62 83 82 39 99 51 5 54 25 8 85 73 69 68 61 60 25 63 36 100 48 41 13 61 64 77 29 66 45 87 18 86 80 29 29 40 95 96 61 42 92 92 23 31 44 88 34 24 59 44 1 67 83 57 76 94 30 6 25 71 91 54 36 98 81 68 71 51 70 7 36 23 15 63 0 70 59 27 27 80 16 28 68 52 54 43 97 83 11 64 99 7 29 61 34 38 18 ]
[77 99 29 52 11 27 26 23 17 35 42 79 38 82 72 89 21 12 36 100 55 84 78 89 70 76 98 29 96 17 58 48 61 30 41 66 27 91 68 10 28 90 67 88 31 78 71 72 58 27 47 17 97 55 93 32 11 76 96 91 99 63 50 34 15 83 31 56 10 54 85 3 76 80 57 82 3 30 0 53 21 62 37 84 57 92 41 80 58 16 89 65 83 60 90 72 52 92 94 95 ]
[13 45 18 49 79 12 71 89 65 30 78 78 87 79 85 79 81 85 17 15 61 68 86 49 13 27 40 27 8 96 67 48 32 38 67 52 13 40 11 44 69 14 6 62 95 41 8 22 60 86 72 69 64 25 13 93 45 77 49 53 77 27 51 8 7 17 70 38 98 16 78 28 48 53 52 46 7 41 47 0 88 76 35 19 43 36 74 3 51 43 22 98 58 48 45 64 81 82 76 0 ]
[75 1 7 95 17 43 30 41 55 70 87 31 21 97 79 34 51 77 91 93 36 53 67 91 35 97 25 95 79 56 81 77 35 84 65 85 35 52 69 94 69 65 74 10 65 8 39 11 83 67 39 34 49 46 96 49 64 71 71 91 96 86 55 20 96 86 57 32 23 24 34 59 80 47 41 55 35 73 79 12 0 62 47 75 5 73 95 75 44 52 2 78 63 77 50 78 82 64 87 5 ]
[21 51 36 69 67 69 47 52 16 35 76 38 2 78 35 31 38 60 19 40 75 56 34 31 4 15 79 27 13 26 12 50 30 60 53 28 23 13 62 17 56 50 2 54 67 45 46 8 95 65 44 23 14 59 45 86 29 25 59 4 7 36 6 83 64 35 58 23 97 90 97 38 65 12 74 1 53 73 38 24 38 0 37 23 63 66 47 71 40 88 30 2 56 64 83 4 13 27 28 56 ]
[92 81 59 73 47 24 62 53 41 6 26 23 43 98 89 10 53 10 67 61 31 36 83 69 13 16 76 19 29 14 25 61 79 34 77 73 70 100 28 41 48 20 74 15 38 38 36 26 44 10 50 48 47 30 1 70 8 26 99 65 38 79 17 62 80 49 39 83 37 72 98 64 76 76 59 95 42 20 63 65 53 63 0 99 5 31 68 89 58 16 66 58 87 18 58 88 89 44 35 25 ]
[48 50 6 2 8 98 70 47 94 26 23 82 9 43 42 12 94 22 22 67 85 82 75 37 94 18 85 28 65 86 15 7 15 82 93 8 39 6 27 80 52 62 60 100 14 44 3 36 81 18 73 71 27 62 96 58 3 28 98 38 49 92 98 72 45 96 34 60 13 75 29 61 61 57 23 65 99 84 16 81 25 77 1 0 38 61 73 63 34 66 11 78 19 40 58 80 46 85 31 51 ]
[75 82 37 73 20 53 63 42 48 39 83 81 58 85 64 23 21 41 62 39 5 47 43 12 70 8 13 5 28 68 32 88 7 37 9 50 26 40 61 82 65 100 14 7 56 2 80 38 27 66 85 58 17 59 47 82 51 58 42 77 99 100 65 40 12 15 82 67 2 34 37 12 85 49 2 76 100 72 43 57 95 37 95 62 0 47 34 64 1 10 84 70 17 38 31 11 78 16 59 19 ]
[100 58 83 15 74 76 98 49 88 13 39 77 34 74 100 79 56 76 81 17 17 40 85 30 12 100 7 26 92 29 62 60 51 57 70 73 63 85 11 84 15 80 21 2 100 20 8 26 83 40 45 67 42 39 89 8 89 57 60 17 61 82 69 61 81 45 55 70 84 50 59 59 30 87 13 14 97 32 8 64 27 34 69 39 53 0 42 85 72 63 68 76 8 53 84 22 27 57 63 41 ]
[65 49 52 84 82 52 38 83 69 90 2 49 18 76 13 51 18 26 91 24 41 5 81 94 57 9 5 10 44 45 100 38 96 64 100 15 100 44 34 19 87 36 20 7 34 75 49 43 86 50 72 61 88 8 54 38 12 50 97 60 66 11 59 24 78 58 78 41 30 30 85 90 3 86 9 68 46 48 59 26 5 53 32 27 66 58 0 81 36 60 71 60 59 35 46 96 90 44 86 28 ]
[37 42 38 61 38 23 16 5 34 85 61 92 9 39 42 57 15 84 79 90 75 43 40 76 38 91 88 90 76 7 94 21 79 52 22 78 35 54 37 31 37 38 58 51 92 1 27 67 57 63 26 33 86 82 43 44 25 48 86 12 14 29 18 80 45 22 92 90 19 76 77 53 47 16 9 12 98 46 20 97 25 29 11 37 36 15 19 0 61 86 60 49 35 6 40 83 93 15 8 78 ]
[27 96 40 99 63 91 94 47 42 41 50 44 85 23 50 42 17 40 61 42 37 95 98 9 42 40 94 77 64 57 30 33 47 45 25 92 21 80 3 42 69 100 1 35 13 6 77 63 90 39 49 20 29 60 52 63 42 94 3 9 92 49 95 82 38 8 37 57 10 28 76 36 62 45 31 3 84 57 42 49 56 60 42 66 99 28 64 39 0 59 88 50 65 93 20 36 40 88 31 27 ]
[87 78 54 18 51 29 90 35 14 9 34 26 73 4 67 59 5 77 37 65 83 93 34 70 42 75 96 63 32 3 71 76 36 81 27 96 69 83 100 39 75 26 85 93 52 24 24 22 14 51 83 31 9 72 20 57 13 41 86 8 76 51 29 82 20 99 85 68 24 22 36 92 77 58 77 100 23 3 84 57 48 12 84 34 90 37 40 14 41 0 97 5 20 70 11 32 83 70 49 18 ]
[40 75 24 17 33 40 11 80 34 2 88 24 88 75 2 88 23 39 80 66 62 13 81 64 32 73 95 27 6 50 95 21 49 98 62 79 53 91 92 44 93 10 86 10 84 99 67 34 41 82 64 26 93 67 26 31 22 35 37 87 88 80 22 40 66 77 7 54 85 8 82 75 45 91 2 66 85 17 11 78 98 70 34 89 16 32 29 40 12 3 0 83 36 69 18 41 66 43 44 90 ]
[77 51 34 24 95 5 7 89 56 10 88 64 88 22 43 81 97 80 51 35 78 32 92 47 19 10 82 39 99 37 19 68 60 27 29 76 64 69 91 44 90 99 57 89 31 5 63 10 22 4 49 38 25 93 78 81 3 80 64 70 19 3 52 82 25 67 8 45 66 55 22 67 65 34 89 95 78 89 35 2 22 98 42 22 30 24 40 51 50 95 17 0 31 69 38 80 45 97 66 4 ]
[16 73 9 31 76 54 87 87 85 80 26 95 85 27 40 26 81 100 33 51 41 72 63 58 30 99 99 27 10 87 82 45 93 59 68 9 28 4 66 46 75 26 2 84 7 9 18 20 87 34 84 52 47 55 17 85 24 84 69 3 49 96 4 97 11 88 97 21 83 64 78 66 24 68 74 54 41 36 17 42 37 44 13 81 83 92 41 65 35 80 64 69 0 48 90 22 21 35 20 29 ]
[92 94 9 61 22 66 75 69 32 15 91 45 99 22 84 37 15 91 87 39 66 37 97 5 44 2 60 46 25 20 82 72 1 69 8 16 18 40 53 31 14 59 33 70 30 100 34 15 57 68 89 93 59 71 54 80 75 69 42 80 44 36 74 94 91 53 37 59 8 39 71 8 1 98 60 26 13 1 40 52 23 36 82 60 62 47 65 94 7 30 31 31 52 0 12 60 97 24 79 9 ]
[24 26 46 5 19 86 96 9 2 38 82 46 38 36 4 72 65 64 2 16 55 35 58 91 41 23 99 39 97 34 100 100 50 83 73 62 77 28 8 68 9 70 25 14 75 40 99 17 65 94 19 88 47 84 27 85 44 81 75 18 97 63 6 69 66 6 13 42 75 95 8 89 48 13 94 33 32 93 10 55 50 17 42 42 69 16 54 60 80 89 82 62 10 88 0 69 50 28 26 57 ]
[26 95 92 11 42 23 63 23 70 19 77 18 77 50 90 62 90 81 57 11 95 98 44 57 55 18 89 76 23 5 13 37 96 41 26 100 43 97 6 74 93 46 66 88 88 93 99 4 11 35 89 85 54 47 71 58 40 86 10 82 56 57 85 14 75 51 26 95 98 79 26 86 32 91 92 87 18 71 28 36 22 96 12 20 89 78 4 17 64 68 59 20 78 40 31 0 72 36 44 63 ]
[23 99 96 97 42 97 39 61 100 95 81 12 92 50 44 56 61 91 7 63 29 52 97 20 59 78 37 74 49 98 83 53 16 33 32 70 3 59 95 50 80 45 11 84 83 17 4 20 61 71 76 32 93 44 79 99 58 93 70 59 90 16 46 58 3 94 12 9 44 87 66 70 88 81 30 30 16 39 48 19 18 87 11 54 22 73 10 7 60 17 34 55 79 3 50 28 0 51 4 78 ]
[34 70 17 71 42 95 26 58 45 72 91 37 28 2 49 86 64 13 85 17 18 39 80 84 68 6 69 63 92 50 42 30 27 84 5 72 33 53 38 25 21 96 41 34 23 5 95 18 10 68 72 66 95 41 86 94 89 43 51 20 56 17 64 66 29 25 40 60 34 66 82 32 13 95 81 69 64 66 8 18 36 73 56 15 84 43 56 85 12 30 57 3 65 76 72 64 49 0 84 88 ]
[46 73 49 28 93 29 94 57 13 65 2 31 68 44 27 55 6 85 16 67 5 52 75 83 67 89 63 39 18 39 11 50 95 28 81 95 44 16 77 13 55 3 74 100 46 68 28 37 50 74 8 3 41 50 72 55 38 99 21 51 33 45 38 12 25 85 61 42 49 21 56 16 47 94 13 21 97 62 6 24 13 72 65 69 41 37 14 92 69 51 56 34 80 21 74 56 96 16 0 65 ]
[90 46 99 95 78 46 14 52 8 80 48 79 50 41 96 6 55 47 5 66 95 59 51 78 63 41 61 100 34 7 42 68 61 49 90 68 50 54 48 72 93 81 56 54 92 51 10 12 1 71 59 65 92 65 10 66 18 34 78 39 31 90 37 25 63 28 47 30 18 1 83 4 1 41 61 100 56 82 5 100 95 44 75 49 81 59 72 22 73 82 10 96 71 91 43 37 22 12 35 0 ]
];
