nbGenes = 100;
preference = [[0 20 68 85 2 74 96 17 28 67 4 29 73 56 64 75 63 60 20 55 74 93 91 38 83 84 84 97 96 18 89 61 68 32 37 41 31 1 15 34 97 90 85 63 1 25 71 74 61 4 68 46 66 96 91 97 44 59 67 21 50 57 25 37 0 71 48 65 73 31 66 26 45 49 25 4 50 47 87 60 22 46 54 58 3 46 68 34 41 17 95 0 71 49 22 38 19 20 71 44 ]
[80 0 48 8 59 54 38 44 30 18 16 21 19 89 76 38 67 36 66 66 13 31 76 18 20 59 18 57 70 81 99 13 7 50 99 83 46 73 42 33 17 14 49 82 45 48 51 42 68 96 57 20 41 15 78 37 31 22 49 44 1 7 0 34 5 41 56 59 95 17 22 16 0 19 10 19 58 61 40 13 85 4 5 59 14 99 55 80 89 17 14 52 6 51 47 6 4 48 45 51 ]
[32 52 0 4 97 95 6 46 12 37 95 85 75 39 94 15 86 55 57 87 55 55 38 27 17 43 85 91 31 21 56 21 8 0 30 92 24 65 60 21 13 28 71 4 29 73 55 65 5 35 4 8 67 34 79 69 37 8 83 87 72 75 30 9 98 24 92 13 92 57 10 39 20 38 3 39 79 39 19 38 80 26 30 41 25 54 53 25 45 80 18 33 96 81 12 54 64 56 33 91 ]
[15 92 96 0 40 42 39 39 25 34 85 29 78 13 38 27 4 65 65 57 86 66 56 0 73 42 64 52 20 14 85 2 93 33 51 91 27 62 28 20 47 58 49 9 77 22 75 49 72 13 70 13 61 33 7 86 34 45 41 72 89 65 28 53 12 51 13 38 35 42 95 85 78 63 14 94 77 3 64 31 32 12 58 76 4 56 62 93 81 85 99 10 35 68 95 9 31 16 61 94 ]
[98 41 3 60 0 27 55 76 78 41 20 21 70 45 3 29 96 70 90 71 18 86 10 54 51 82 45 84 12 25 62 50 31 52 5 74 53 32 21 49 11 48 16 50 49 29 43 72 89 30 10 86 34 57 20 29 53 88 73 5 27 28 15 36 62 91 14 9 78 0 12 74 29 41 17 14 6 90 92 99 67 6 38 71 94 65 21 53 59 10 84 91 26 26 11 87 43 76 17 26 ]
[26 46 5 58 73 0 57 20 5 77 40 54 56 56 52 20 25 17 94 10 9 37 74 7 85 51 50 43 63 42 33 35 25 8 48 97 87 95 27 34 26 90 26 11 63 53 13 47 54 81 18 5 95 37 13 61 80 82 20 60 92 32 2 47 15 99 29 55 71 55 13 6 64 28 57 49 83 64 79 55 57 57 19 45 85 97 81 60 41 13 60 51 10 12 62 87 61 32 4 6 ]
[4 62 94 61 45 43 0 89 48 17 34 79 90 41 10 90 51 57 49 21 18 17 52 72 26 37 52 46 89 3 30 24 29 52 57 71 64 35 6 68 65 89 68 6 9 83 67 96 32 67 6 13 70 28 44 9 62 74 9 42 76 27 55 32 76 45 14 37 85 76 20 21 34 61 60 69 73 28 34 63 0 4 47 68 48 7 24 43 80 75 40 82 35 64 60 31 45 31 1 52 ]
[83 56 54 61 24 80 11 0 24 66 70 8 72 9 19 45 40 44 88 92 82 54 71 18 22 33 11 16 35 51 87 44 56 64 22 60 66 58 59 90 1 95 55 74 68 99 22 96 10 37 81 54 67 9 58 97 47 99 25 90 31 22 83 95 25 54 36 58 95 95 77 89 75 42 9 8 49 8 69 37 77 73 71 17 96 26 88 55 12 5 9 99 66 83 26 72 83 1 0 23 ]
[72 70 88 75 22 95 52 76 0 60 5 71 72 52 53 38 11 19 95 74 67 78 60 69 72 11 97 24 83 9 50 8 62 56 58 95 19 96 8 15 21 81 69 15 14 7 34 82 10 34 52 33 2 88 88 25 94 51 38 65 17 75 47 12 53 47 5 71 35 59 5 27 64 1 1 54 35 2 37 82 35 27 7 8 54 52 99 89 4 41 71 70 87 5 81 24 43 55 66 71 ]
[33 82 63 66 59 23 83 34 40 0 90 72 69 56 0 8 83 49 49 63 31 37 39 12 76 23 59 54 1 49 97 23 83 70 25 48 22 38 75 71 37 56 95 37 9 89 43 33 69 91 97 18 46 51 0 88 75 46 26 32 73 16 53 42 76 18 18 51 61 73 72 20 34 44 12 11 73 9 96 83 28 94 14 27 76 9 67 66 16 22 52 96 16 38 1 18 9 35 88 79 ]
[96 84 5 15 80 60 66 30 95 10 0 90 19 30 44 93 71 95 94 21 80 92 97 45 76 58 47 82 13 95 46 64 18 37 38 48 73 75 6 98 7 14 42 64 20 19 84 25 61 14 78 91 71 96 91 84 3 72 73 52 70 4 29 70 95 7 30 35 55 11 8 46 6 79 30 38 14 75 3 88 66 2 68 2 13 14 94 46 67 96 65 7 52 5 80 93 55 73 57 79 ]
[71 79 15 71 79 46 21 92 29 28 10 0 60 58 78 10 62 77 19 22 16 88 26 33 87 40 8 83 86 48 86 38 24 83 52 87 26 75 61 49 31 61 67 59 32 7 73 33 29 14 36 50 87 96 44 63 17 92 54 55 18 0 27 32 54 37 42 36 93 15 12 22 23 45 34 98 90 33 64 8 84 4 55 13 98 71 72 50 26 88 49 84 15 33 77 29 70 92 44 57 ]
[27 81 25 22 30 44 10 28 28 31 81 40 0 68 21 46 58 69 64 10 78 43 72 30 6 24 1 87 72 65 8 97 88 99 56 77 72 58 54 1 0 40 70 18 0 69 15 85 30 15 82 73 36 4 73 67 50 71 64 68 13 49 99 27 39 8 0 52 62 48 42 67 98 74 51 48 73 97 82 56 3 58 71 41 76 40 86 69 66 18 35 65 55 93 23 70 77 95 99 62 ]
[44 11 61 87 55 44 59 91 48 44 70 42 32 0 13 17 2 27 52 64 4 9 38 48 57 94 64 43 30 80 7 91 48 98 90 32 62 55 33 52 92 56 90 59 99 46 57 62 69 13 41 76 18 41 74 99 92 32 63 39 84 34 63 36 15 46 82 39 22 79 0 15 41 55 94 46 67 55 84 33 23 91 41 66 71 75 96 62 17 70 82 70 82 77 15 1 98 15 87 97 ]
[36 24 6 62 97 48 90 81 47 100 56 22 79 87 0 63 39 32 7 3 24 90 74 85 74 81 70 90 88 5 92 71 24 94 10 82 3 44 16 71 38 24 68 65 55 21 8 57 38 79 18 79 97 3 1 71 59 76 80 90 22 4 37 46 55 46 65 97 96 0 46 56 51 21 9 85 28 59 88 81 61 6 1 8 21 75 85 67 6 32 68 16 12 79 87 53 45 87 55 3 ]
[25 62 85 73 71 80 10 55 62 92 7 90 54 83 37 0 52 12 5 24 66 52 20 60 94 22 59 21 29 73 50 1 61 77 42 58 25 61 47 0 46 98 44 40 73 4 97 99 32 51 88 73 41 30 3 7 59 22 30 56 35 69 55 71 39 79 15 20 54 53 50 17 98 96 49 15 69 45 29 55 16 59 65 28 15 75 93 64 0 12 76 68 1 92 41 79 41 94 61 28 ]
[37 33 14 96 4 75 49 60 89 17 29 38 42 98 61 48 0 69 35 58 41 18 36 54 49 25 97 51 91 52 25 13 10 76 18 0 49 53 60 34 56 84 77 86 44 44 42 9 40 90 76 10 33 70 36 4 49 50 29 87 97 1 26 72 74 41 55 42 22 60 29 85 50 21 46 34 71 52 33 46 19 81 87 40 98 48 3 10 51 30 51 80 77 3 35 12 56 18 54 9 ]
[40 64 45 35 30 83 43 56 81 51 5 23 31 73 68 88 31 0 77 43 93 3 44 27 16 46 79 65 86 9 5 78 26 76 97 6 76 83 89 9 97 56 85 80 21 59 84 42 17 79 66 96 30 14 55 37 7 12 3 58 74 58 13 36 12 68 35 54 50 77 56 39 80 89 19 34 33 58 54 80 54 88 10 81 85 68 40 18 87 35 2 94 64 55 1 51 3 64 77 94 ]
[80 34 43 35 10 6 51 12 5 51 6 81 36 48 93 95 65 23 0 43 56 38 16 35 25 1 73 12 60 83 87 88 20 56 67 47 61 89 22 9 50 93 79 26 59 99 57 58 65 61 51 77 58 13 36 67 68 65 37 56 70 44 83 45 28 14 51 22 96 24 56 30 4 76 76 50 51 88 50 96 36 66 68 2 72 35 42 67 29 85 78 33 71 33 98 98 52 13 56 75 ]
[45 34 13 43 29 90 79 8 26 37 79 78 90 36 97 76 42 57 57 0 60 55 83 96 40 28 54 0 68 16 80 74 41 74 54 85 89 99 21 14 71 75 6 46 24 5 47 54 68 65 45 11 50 0 73 85 11 28 47 56 48 74 65 13 61 12 23 6 37 66 99 76 20 88 99 11 68 40 20 0 94 29 87 32 19 30 90 46 20 49 88 48 62 5 76 26 62 52 9 22 ]
[26 87 45 14 82 91 82 18 33 69 20 84 22 96 76 34 59 7 44 40 0 43 69 8 60 1 21 48 31 94 96 30 50 60 42 73 94 84 51 43 75 14 85 92 81 92 37 76 42 6 42 1 63 18 19 24 48 10 38 69 12 67 68 93 14 79 56 9 11 22 70 42 35 13 15 42 53 95 96 63 29 18 53 68 98 75 95 36 44 59 58 49 24 24 77 84 34 79 38 95 ]
[7 69 45 34 14 63 83 46 22 63 8 12 57 91 10 48 82 97 62 45 57 0 25 71 42 17 76 71 58 99 30 19 48 7 58 34 65 37 18 82 99 53 85 58 95 79 30 93 43 85 74 14 11 24 6 8 31 85 30 95 63 86 25 57 46 16 31 11 12 37 87 33 26 23 50 15 93 79 30 48 18 38 31 22 39 39 50 42 89 87 11 51 64 81 74 73 60 81 56 34 ]
[9 24 62 44 90 26 48 29 40 61 3 74 28 62 26 80 64 56 84 17 31 75 0 43 37 99 64 59 7 9 9 25 58 48 48 22 54 66 13 22 17 15 72 43 16 18 59 23 39 38 11 11 13 45 17 26 27 51 67 48 49 37 72 53 43 96 36 61 6 24 38 68 52 1 29 44 76 58 53 40 89 19 48 57 38 88 33 40 41 60 1 17 83 50 71 97 80 74 23 90 ]
[62 82 73 100 46 93 28 82 31 88 55 67 70 52 15 40 46 73 65 4 92 29 57 0 1 18 90 23 81 23 23 7 72 72 82 3 21 94 27 16 20 21 40 22 23 42 97 98 74 4 89 0 29 11 67 24 99 78 28 73 71 74 37 7 97 65 38 59 31 58 87 38 1 25 60 75 85 17 60 38 80 49 25 70 21 51 94 61 2 6 55 41 44 35 69 82 73 24 50 14 ]
[17 80 83 27 49 15 74 78 28 24 24 13 94 43 26 6 51 84 75 60 40 58 63 99 0 95 79 6 31 32 66 48 15 66 37 79 97 4 86 58 59 60 81 96 96 28 20 60 35 38 3 27 39 50 4 34 5 31 68 14 12 22 93 3 64 65 69 43 21 34 14 16 74 79 38 75 61 93 50 49 49 49 59 43 9 90 37 7 65 53 5 91 26 92 10 42 76 85 55 63 ]
[16 41 57 58 18 49 63 67 89 77 42 60 76 6 19 78 75 54 99 72 99 83 1 82 5 0 89 15 21 74 79 83 10 58 33 4 92 65 1 55 71 26 7 85 77 19 52 0 75 94 6 39 17 35 53 23 83 5 2 84 52 45 89 9 0 66 57 29 62 47 17 4 60 65 63 40 83 18 7 35 4 64 78 41 31 13 34 0 95 11 14 97 79 24 86 33 80 21 38 59 ]
[16 82 15 36 55 50 48 89 3 41 53 92 99 36 30 41 3 21 27 46 79 24 36 10 21 11 0 44 2 57 86 50 62 93 32 1 57 25 29 39 67 58 70 29 50 19 25 28 35 67 51 76 1 49 5 14 43 12 73 96 93 31 17 52 3 4 17 97 90 83 17 37 40 78 97 26 95 42 36 44 0 28 1 89 10 75 60 13 38 6 54 60 28 51 85 91 1 1 63 19 ]
[3 43 9 48 16 57 54 84 76 46 18 17 13 57 10 79 49 35 88 100 52 29 41 77 94 85 56 0 97 7 72 18 40 54 39 77 90 74 47 83 78 31 20 85 60 0 15 59 89 70 60 99 77 36 26 4 71 64 7 68 43 94 96 39 90 85 93 9 8 69 92 90 24 4 97 82 68 55 1 19 84 75 39 16 86 93 29 23 82 93 25 26 20 12 68 57 64 97 68 3 ]
[4 30 69 80 88 37 11 65 17 99 87 14 28 70 12 71 9 14 40 32 69 42 93 19 69 79 98 3 0 48 50 97 35 91 44 96 62 15 99 86 63 74 14 83 80 53 21 27 81 54 47 41 92 20 23 57 64 51 93 6 34 35 2 23 51 62 75 87 29 97 83 4 20 73 7 29 79 2 76 53 55 71 74 93 51 41 46 92 72 98 51 45 55 14 52 22 35 96 94 28 ]
[82 19 79 86 75 58 97 49 91 51 5 52 35 20 95 27 48 91 17 84 6 1 91 77 68 26 43 93 52 0 35 55 65 32 62 28 32 89 67 88 57 19 73 40 24 6 2 80 24 28 96 0 56 15 43 23 77 64 43 94 89 59 47 41 1 94 23 35 38 24 10 98 86 6 47 65 50 96 56 47 16 62 52 7 13 50 93 53 84 28 30 12 17 6 73 57 72 28 8 41 ]
[11 1 44 15 38 67 70 13 50 3 54 14 92 93 8 50 75 95 13 20 4 70 91 77 34 21 14 28 50 65 0 53 20 3 11 2 49 82 44 51 38 37 51 31 73 13 86 40 47 66 61 48 24 31 46 23 93 29 44 56 38 43 79 69 37 32 25 20 2 37 34 12 94 24 16 10 1 98 37 71 22 14 65 37 0 32 69 58 10 30 8 40 35 59 86 23 23 2 17 3 ]
[39 87 79 98 50 65 76 56 92 77 36 62 3 9 29 99 87 22 12 26 70 81 75 93 52 17 50 82 3 45 47 0 45 5 28 19 4 48 24 66 89 23 98 87 82 55 18 40 72 99 48 5 72 78 91 89 13 22 56 50 94 37 45 14 52 77 31 54 13 60 22 47 22 53 47 64 36 25 15 32 25 45 88 93 61 51 15 78 67 83 98 70 3 78 55 58 24 11 76 69 ]
[32 93 92 7 69 75 71 44 38 17 82 76 12 52 76 39 90 74 80 59 50 52 42 28 85 90 38 60 65 35 80 55 0 99 65 51 84 31 99 2 22 35 62 99 50 74 37 71 14 25 70 16 58 36 36 27 63 37 27 34 42 66 10 65 56 42 1 36 28 91 94 90 73 2 88 40 22 52 74 41 56 44 44 19 34 87 72 4 46 11 82 66 72 5 68 0 46 36 31 51 ]
[68 50 100 67 48 92 48 36 44 30 63 17 1 2 6 23 24 24 44 26 40 93 52 28 34 42 7 46 9 68 97 95 1 0 52 2 93 69 17 47 91 92 82 1 46 26 86 57 43 76 28 68 43 47 49 28 24 25 93 78 49 9 44 56 91 28 62 64 25 17 8 21 54 36 81 74 80 86 53 12 39 5 88 14 48 16 82 50 90 37 36 84 50 51 34 41 22 77 61 37 ]
[63 1 70 49 95 52 43 78 42 75 62 48 44 10 90 58 82 3 33 46 58 42 52 18 63 67 68 61 56 38 89 72 35 48 0 67 28 97 75 92 26 17 72 76 80 0 95 31 90 59 46 90 18 48 19 74 73 8 69 14 19 58 83 12 31 19 84 49 99 91 82 74 57 7 10 5 64 51 94 59 57 23 20 15 67 97 74 24 54 77 9 4 57 37 53 28 2 93 69 2 ]
[59 17 8 9 26 3 29 40 5 52 52 13 23 68 18 42 100 94 53 15 27 66 78 97 21 96 99 23 4 72 98 81 49 98 33 0 13 13 87 60 65 70 52 15 46 84 33 77 46 75 63 82 39 11 73 87 77 32 27 92 13 2 2 51 85 85 90 99 38 44 14 40 86 7 97 63 37 35 95 1 90 78 63 40 75 64 11 54 85 42 29 95 73 13 2 98 24 91 97 32 ]
[69 54 76 73 47 13 36 34 81 78 27 74 28 38 97 75 51 24 39 11 6 35 46 79 3 8 43 10 38 68 51 96 16 7 72 87 0 34 98 66 92 22 56 66 81 55 12 99 98 69 85 3 48 78 34 80 95 31 60 7 92 62 67 6 96 48 10 21 19 92 62 31 11 28 54 60 83 81 57 24 59 40 35 91 73 46 97 28 65 59 42 1 3 98 49 90 66 81 82 53 ]
[99 27 35 38 68 5 65 42 4 62 25 25 42 45 56 39 47 17 11 1 16 63 34 6 96 35 75 26 85 11 18 52 69 31 3 87 66 0 77 85 56 13 85 89 48 62 2 70 45 40 87 36 92 8 37 34 85 19 98 60 55 51 23 26 50 86 62 68 52 47 78 36 54 21 10 69 81 93 39 41 5 48 47 7 68 1 17 27 17 21 16 31 93 9 76 45 63 78 44 25 ]
[85 58 40 72 79 73 94 41 92 25 94 39 46 67 84 53 40 11 78 79 49 82 87 73 14 99 71 53 1 33 56 76 1 83 25 13 2 23 0 82 62 13 47 98 66 91 49 26 86 38 26 40 87 91 0 96 60 59 43 9 28 1 93 14 4 80 27 48 69 31 96 62 24 84 90 52 68 77 10 29 63 36 65 54 96 89 3 96 64 88 72 19 9 91 7 74 15 39 11 57 ]
[66 67 79 80 51 66 32 10 85 29 2 51 99 48 29 100 66 91 91 86 57 18 78 84 42 45 61 17 14 12 49 34 98 53 8 40 34 15 18 0 33 85 15 48 41 21 96 89 63 19 71 18 72 26 88 61 21 75 93 94 32 53 18 13 76 98 60 39 63 95 8 72 12 1 66 34 41 18 85 12 72 57 7 27 65 12 93 91 9 69 97 63 83 59 74 45 24 18 23 65 ]
[3 83 87 53 89 74 35 99 79 63 93 69 100 8 62 54 44 3 50 29 25 1 83 80 41 29 33 22 37 43 62 11 78 9 74 35 8 44 38 67 0 22 34 6 26 30 16 51 26 15 10 53 40 83 95 59 82 68 28 2 31 79 78 81 45 90 20 35 34 50 25 45 68 40 18 37 37 17 7 70 73 4 84 33 33 52 52 16 59 24 30 71 75 99 36 22 89 69 86 82 ]
[10 86 72 42 52 10 11 5 19 44 86 39 60 44 76 2 16 44 7 25 86 47 85 79 40 74 42 69 26 81 63 77 65 8 83 30 78 87 87 15 78 0 28 27 61 4 54 93 9 35 37 8 36 48 19 0 83 80 99 84 8 24 73 26 2 17 98 58 1 57 83 80 94 3 83 33 85 5 14 44 8 52 88 72 87 98 79 27 1 80 25 33 48 67 41 59 95 13 37 62 ]
[15 51 29 51 84 74 32 45 31 5 58 33 30 10 32 56 23 15 21 94 15 15 28 60 19 93 30 80 86 27 49 2 38 18 28 48 44 15 53 85 66 72 0 15 42 56 71 80 68 36 29 75 34 31 36 95 92 38 95 69 82 44 54 56 58 60 23 7 93 92 76 4 71 86 89 79 73 99 47 87 89 55 26 80 64 53 7 25 21 59 16 16 92 1 77 95 50 58 84 16 ]
[37 18 96 91 50 89 94 26 85 63 36 41 82 41 35 60 14 20 74 54 8 42 57 78 4 15 71 15 17 60 69 13 1 99 24 85 34 11 2 52 94 73 85 0 39 72 50 42 18 23 97 57 99 43 17 77 71 76 37 10 6 86 8 54 41 43 45 31 1 3 25 37 38 42 11 7 8 91 65 14 73 44 89 26 0 53 62 59 47 7 32 55 70 31 73 82 50 31 66 70 ]
[99 55 71 23 51 37 91 32 86 91 80 68 100 1 45 27 56 79 41 76 19 5 84 77 4 23 50 40 20 76 27 18 50 54 20 54 19 52 34 59 74 39 58 61 0 79 59 38 52 56 82 46 40 24 38 11 26 72 99 61 40 64 55 46 79 23 28 81 86 57 73 10 19 86 92 53 52 31 25 78 66 71 98 1 27 12 88 7 14 81 4 31 37 12 52 80 7 19 20 71 ]
[75 52 27 78 71 47 17 1 93 11 81 93 31 54 79 96 56 41 1 95 8 21 82 58 72 81 81 100 47 94 87 45 26 74 100 16 45 38 9 79 70 96 44 28 21 0 24 57 0 63 20 48 88 23 74 6 2 42 47 72 72 82 86 29 33 11 91 76 11 64 66 46 19 46 87 45 97 75 35 7 48 14 81 15 55 49 61 82 62 76 86 74 53 15 5 61 69 77 65 61 ]
[29 49 45 25 57 87 33 78 66 57 16 27 85 43 92 3 58 16 43 53 63 70 41 3 80 48 75 85 79 98 14 82 63 14 5 67 88 98 51 4 84 46 29 50 41 76 0 59 8 28 67 24 60 66 45 57 72 48 24 42 12 48 68 11 28 71 15 82 72 94 97 44 92 71 21 12 47 92 57 96 7 90 17 4 68 78 37 28 87 14 87 78 9 24 4 61 36 16 49 20 ]
[26 58 35 51 28 53 4 4 18 67 75 67 15 38 43 1 91 58 42 46 24 7 77 2 40 100 72 41 73 20 60 60 29 43 69 23 1 30 74 11 49 7 20 58 62 43 41 0 18 42 40 69 92 7 99 78 48 87 68 80 13 82 11 3 37 76 33 29 73 53 56 70 39 30 5 38 94 92 27 10 90 60 63 2 75 33 68 6 1 70 22 67 34 7 80 33 43 52 79 34 ]
[39 32 95 28 11 46 68 90 90 31 39 71 70 31 62 68 60 83 35 32 58 57 61 26 65 25 65 11 19 76 53 28 86 57 10 54 2 55 14 37 74 91 32 82 48 100 92 82 0 2 78 86 18 96 66 55 78 49 79 56 50 85 56 76 26 71 58 86 51 33 27 87 75 70 85 2 74 49 98 26 18 38 68 40 80 11 90 3 34 5 85 83 91 81 87 16 98 79 17 29 ]
[96 4 65 87 70 19 33 63 66 9 86 86 85 87 21 49 10 21 39 35 94 15 62 96 62 6 33 30 46 72 34 1 75 24 41 25 31 60 62 81 85 65 64 77 44 37 72 58 98 0 90 48 17 77 29 24 20 50 56 5 37 88 36 86 79 32 75 43 34 39 96 12 72 22 22 65 76 48 67 18 90 38 11 61 97 42 14 4 15 13 38 98 91 16 91 40 14 39 16 70 ]
[32 43 96 30 90 82 94 19 48 3 22 64 18 59 82 12 24 34 49 55 58 26 89 11 97 94 49 40 53 4 39 52 30 72 54 37 15 13 74 29 90 63 71 3 18 80 33 60 22 10 0 0 89 27 26 95 53 18 39 22 82 16 84 27 52 22 25 22 31 0 73 38 92 78 12 97 63 23 75 72 73 49 55 59 95 31 92 13 9 2 93 53 78 1 41 76 95 68 3 0 ]
[54 80 92 87 14 95 87 46 67 82 9 50 27 24 21 27 90 4 23 89 99 86 89 100 73 61 24 1 59 100 52 95 84 32 10 18 97 64 60 82 47 92 25 43 54 52 76 31 14 52 100 0 8 91 92 66 15 13 0 59 58 30 64 68 19 52 33 95 31 56 68 52 59 12 57 48 89 71 23 55 64 39 63 80 56 38 75 78 67 92 56 87 47 77 73 15 0 87 15 15 ]
[34 59 33 39 66 5 30 33 98 54 29 13 64 82 3 59 67 70 42 50 37 89 87 71 61 83 99 23 8 44 76 28 42 57 82 61 52 8 13 28 60 64 66 1 60 12 40 8 82 83 11 92 0 72 40 29 23 62 2 82 88 83 95 22 60 25 53 54 41 52 40 17 3 37 56 90 95 76 96 87 52 49 77 42 31 66 29 34 58 27 44 98 25 97 41 1 16 18 19 78 ]
[4 85 66 67 43 63 72 91 12 49 4 4 96 59 97 70 30 86 87 100 82 76 55 89 50 65 51 64 80 85 69 22 64 53 52 89 22 92 9 74 17 52 69 57 76 77 34 93 4 23 73 9 28 0 42 77 17 83 83 77 54 48 33 92 92 9 83 79 39 52 44 9 74 66 91 47 8 30 50 46 19 94 31 54 5 84 55 69 76 56 84 92 1 25 20 79 45 24 81 28 ]
[9 22 21 93 80 87 56 42 12 100 9 56 27 26 99 97 64 45 64 27 81 94 83 33 96 47 95 74 77 57 54 9 64 51 81 27 66 63 100 12 5 81 64 83 62 26 55 1 34 71 74 8 60 58 0 28 49 24 55 0 56 21 52 20 1 2 52 15 90 96 21 82 80 45 49 53 11 75 28 61 63 11 57 49 63 27 34 29 32 8 8 78 77 83 46 80 2 13 42 38 ]
[3 63 31 14 71 39 91 3 75 12 16 37 33 1 29 93 96 63 33 15 76 92 74 76 66 77 86 96 43 77 77 11 73 72 26 13 20 66 4 39 41 100 5 23 89 94 43 22 45 76 5 34 71 23 72 0 66 64 12 35 35 54 93 16 73 78 20 4 2 5 57 61 54 34 61 98 97 15 41 61 23 26 86 4 37 84 51 13 17 34 65 50 81 54 55 24 53 36 37 6 ]
[56 69 63 66 47 20 38 53 6 25 97 83 50 8 41 41 51 93 32 89 52 69 73 1 95 17 57 29 36 23 7 87 37 76 27 23 5 15 40 79 18 17 8 29 74 98 28 52 22 80 47 85 77 83 51 34 0 98 99 75 95 29 92 19 31 16 13 74 95 67 98 25 12 20 4 41 42 83 79 86 79 4 75 61 65 87 30 2 31 82 38 48 82 35 28 91 39 50 93 12 ]
[41 78 92 55 12 18 26 1 49 54 28 8 29 68 24 78 50 88 35 72 90 15 49 22 69 95 88 36 49 36 71 78 63 75 92 68 69 81 41 25 32 20 62 24 28 58 52 13 51 50 82 87 38 17 76 36 2 0 39 22 54 91 57 64 57 91 48 16 78 76 68 7 23 99 93 55 64 65 2 91 89 88 20 31 81 28 41 2 52 81 48 25 21 62 87 98 92 42 37 14 ]
[33 51 17 59 27 80 91 75 62 74 27 46 36 37 20 70 71 97 63 53 62 70 33 72 32 98 27 93 7 57 56 44 73 7 31 73 40 2 57 7 72 1 5 63 1 53 76 32 21 44 61 100 98 17 45 88 1 61 0 17 72 83 21 72 16 18 0 33 87 44 20 4 79 57 51 33 36 47 88 57 53 41 4 15 31 30 78 69 59 62 0 84 52 1 27 98 54 0 23 87 ]
[79 56 13 28 95 40 58 10 35 68 48 45 32 61 10 44 13 42 44 44 31 5 52 27 86 16 4 32 94 6 44 50 66 22 86 8 93 40 91 6 98 16 31 90 39 28 58 20 44 95 78 41 18 23 100 65 25 78 83 0 33 65 39 4 81 54 66 26 41 83 87 38 50 35 17 38 23 72 18 55 51 50 2 56 13 85 86 63 61 26 51 25 84 81 60 34 78 65 21 64 ]
[50 99 28 11 73 8 24 69 83 27 30 82 87 16 78 65 3 26 30 52 88 37 51 29 88 48 7 57 66 11 62 6 58 51 81 87 8 45 72 68 69 92 18 94 60 28 88 87 50 63 18 42 12 46 44 65 5 46 28 67 0 98 93 79 55 20 92 80 86 66 63 12 49 41 49 13 13 96 11 30 38 10 55 10 8 8 50 67 50 31 44 36 61 62 65 50 7 74 58 67 ]
[43 93 25 35 72 68 73 78 25 84 96 100 51 66 96 31 99 42 56 26 33 14 63 26 78 55 69 6 65 41 57 63 34 91 42 98 38 49 99 47 21 76 56 14 36 18 52 18 15 12 84 70 17 52 79 46 71 9 17 35 2 0 0 63 82 84 78 8 67 91 22 63 84 55 2 8 94 3 71 61 92 70 27 96 96 16 1 9 41 68 74 84 27 93 9 92 84 27 57 45 ]
[75 100 70 72 85 98 45 17 53 47 71 73 1 37 63 45 74 87 17 35 32 75 28 63 7 11 83 4 98 53 21 55 90 56 17 98 33 77 7 82 22 27 46 92 45 14 32 89 44 64 16 36 5 67 48 7 8 43 79 61 7 100 0 30 69 22 54 88 49 58 71 84 69 67 96 99 71 44 75 52 77 13 61 38 2 1 30 98 9 46 67 73 20 31 6 49 97 87 2 73 ]
[63 66 91 47 64 53 68 5 88 58 30 68 73 64 54 29 28 64 55 87 7 43 47 93 97 91 48 61 77 59 31 86 35 44 88 49 94 74 86 87 19 74 44 46 54 71 89 97 24 14 73 32 78 8 80 84 81 36 28 96 21 37 70 0 74 49 10 39 52 94 32 68 7 57 78 67 75 17 89 2 50 3 84 80 79 7 22 3 29 52 3 4 46 99 39 9 22 63 94 81 ]
[100 95 2 88 38 85 24 75 47 24 5 46 61 85 45 61 26 88 72 39 86 54 57 3 36 100 97 10 49 99 63 48 44 9 69 15 4 50 96 24 55 98 42 59 21 67 72 63 74 21 48 81 40 8 99 27 69 43 84 19 45 18 31 26 0 70 34 98 21 69 9 65 76 54 70 86 78 98 88 25 3 8 33 88 98 43 2 58 1 43 86 95 47 17 14 66 54 76 86 42 ]
[29 59 76 49 9 1 55 46 53 82 93 63 92 54 54 21 59 32 86 88 21 84 4 35 35 34 96 15 38 6 68 23 58 72 81 15 52 14 20 2 10 83 40 57 77 89 29 24 29 68 78 48 75 91 98 22 84 9 82 46 80 16 78 51 30 0 71 30 52 43 20 28 82 64 1 30 66 56 12 46 16 76 45 89 87 29 46 60 70 45 36 12 37 75 85 42 60 9 47 7 ]
[52 44 8 87 86 71 86 64 95 82 70 58 100 18 35 85 45 65 49 77 44 69 64 62 31 43 83 7 25 77 75 69 99 38 16 10 90 38 73 40 80 2 77 55 72 9 85 67 42 25 75 67 47 17 48 80 87 52 100 34 8 22 46 90 66 29 0 22 69 0 96 54 24 42 44 69 27 39 65 87 45 54 83 91 10 48 49 20 88 54 11 16 31 13 5 73 67 89 80 67 ]
[35 41 87 62 91 45 63 42 29 49 65 64 48 61 3 80 58 46 78 94 91 89 39 41 57 71 3 91 13 65 80 46 64 36 51 1 79 32 52 61 65 42 93 69 19 24 18 71 14 57 78 5 46 21 85 96 26 84 67 74 20 92 12 61 2 70 78 0 40 53 80 1 28 25 77 45 36 99 89 43 69 60 2 97 8 60 21 85 23 54 54 45 74 79 24 61 38 55 99 5 ]
[27 5 8 65 22 29 15 5 65 39 45 7 38 78 4 46 78 50 4 63 89 88 94 69 79 38 10 92 71 62 98 87 72 75 1 62 81 48 31 37 66 99 7 99 14 89 28 27 49 66 69 69 59 61 10 98 5 22 13 59 14 33 51 48 79 48 31 60 0 32 96 73 3 0 83 33 85 45 56 46 9 69 79 23 29 97 28 16 84 66 53 98 32 6 98 49 58 30 22 87 ]
[69 83 43 58 100 45 24 5 41 27 89 85 52 21 100 47 40 23 76 34 78 63 76 42 66 53 17 31 3 76 63 40 9 83 9 56 8 53 69 5 50 43 8 97 43 36 6 47 67 61 100 44 48 48 4 95 33 24 56 17 34 9 42 6 31 57 100 47 68 0 41 84 91 29 81 40 3 84 12 14 39 40 91 93 87 20 62 84 32 73 1 83 87 85 94 43 64 54 41 7 ]
[34 78 90 5 88 87 80 23 95 28 92 88 58 100 54 50 71 44 44 1 30 13 62 13 86 83 83 8 17 90 66 78 6 92 18 86 38 22 4 92 75 17 24 75 27 34 3 44 73 4 27 32 60 56 79 43 2 32 80 13 37 78 29 68 91 80 4 20 4 59 0 31 25 24 77 26 56 89 69 42 51 24 49 17 81 66 10 1 15 18 51 25 37 6 32 65 71 60 66 38 ]
[74 84 61 15 26 94 79 11 73 80 54 78 33 85 44 83 15 61 70 24 58 67 32 62 84 96 63 10 96 2 88 53 10 79 26 60 69 64 38 28 55 20 96 63 90 54 56 30 13 88 62 48 83 91 18 39 75 93 96 62 88 37 16 32 35 72 46 99 27 16 69 0 29 65 33 86 45 4 37 35 64 99 58 56 24 91 78 94 9 53 34 13 48 46 90 70 94 63 55 42 ]
[55 100 80 22 71 36 66 25 36 66 94 77 2 59 49 2 50 20 96 80 65 74 48 99 26 40 60 76 80 14 6 78 27 46 43 14 89 46 76 88 32 6 29 62 81 81 8 61 25 28 8 41 97 26 20 46 88 77 21 50 51 16 31 93 24 18 76 72 97 9 75 71 0 55 0 40 90 81 13 4 30 80 89 85 28 34 95 8 37 76 34 62 82 48 90 73 15 94 58 11 ]
[51 81 62 37 59 72 39 58 99 56 21 55 26 45 79 4 79 11 24 12 87 77 99 75 21 35 22 96 27 94 76 47 98 64 93 93 72 79 16 99 60 97 14 58 14 54 29 70 30 78 22 88 63 34 55 66 80 1 43 65 59 45 33 43 46 36 58 75 100 71 76 35 45 0 70 14 37 16 51 82 93 78 93 40 65 33 54 99 56 32 17 86 23 0 80 72 70 62 59 72 ]
[75 90 97 86 83 43 40 91 99 88 70 66 49 6 91 51 54 81 24 1 85 50 71 40 62 37 3 3 93 53 84 53 12 19 90 3 46 90 10 34 82 17 11 89 8 13 79 95 15 78 88 43 44 9 51 39 96 7 49 83 51 98 4 22 30 99 56 23 17 19 23 67 100 30 0 30 29 89 52 81 95 66 66 14 50 23 92 29 91 72 6 88 51 31 11 97 80 51 44 85 ]
[96 81 61 6 86 51 31 92 46 89 62 2 52 54 15 85 66 66 50 89 58 85 56 25 25 60 74 18 71 35 90 36 60 26 95 37 40 31 48 66 63 67 21 93 47 55 88 62 98 35 3 52 10 53 47 2 59 45 67 62 87 92 1 33 14 70 31 55 67 60 74 14 60 86 70 0 96 10 40 0 11 22 78 88 62 62 25 18 89 33 41 0 12 75 5 64 7 16 91 17 ]
[50 42 21 23 94 17 27 51 65 27 86 10 27 33 72 31 29 67 49 32 47 7 24 15 39 17 5 32 21 50 99 64 78 20 36 63 17 19 32 59 63 15 27 92 48 3 53 6 26 24 37 11 5 92 89 3 58 36 64 77 87 6 29 25 22 34 73 64 15 97 44 55 10 63 71 4 0 99 85 57 2 5 8 19 67 13 96 68 45 49 50 56 69 43 89 34 63 25 84 89 ]
[53 39 61 97 10 36 72 92 98 91 25 67 3 45 41 55 48 42 12 60 5 21 42 83 7 82 58 45 98 4 2 75 48 14 49 65 19 7 23 82 83 95 1 9 69 25 8 8 51 52 77 29 24 70 25 85 17 35 53 28 4 97 56 83 2 44 61 1 55 16 11 96 19 84 11 90 1 0 27 67 76 92 89 71 6 62 23 42 1 39 30 94 68 10 9 59 7 8 35 8 ]
[13 60 81 36 8 21 66 31 63 4 97 36 18 16 12 71 67 46 50 80 4 70 47 40 50 93 64 99 24 44 63 85 26 47 6 5 43 61 90 15 93 86 53 35 75 65 43 73 2 33 25 77 4 50 72 59 21 98 12 82 89 29 25 11 12 88 35 11 44 88 31 63 87 49 48 60 15 73 0 0 14 0 31 76 76 25 98 55 59 40 95 79 42 22 84 55 31 46 25 31 ]
[40 87 62 69 1 45 37 63 18 17 12 92 44 67 19 45 54 20 4 100 37 52 60 62 51 65 56 81 47 53 29 68 59 88 41 99 76 59 71 88 30 56 13 86 22 93 4 90 74 82 28 45 13 54 39 39 14 9 43 45 70 39 48 98 75 54 13 57 54 86 58 65 96 18 19 100 43 33 100 0 81 64 41 64 40 0 75 8 40 77 80 28 36 27 93 57 49 22 99 89 ]
[78 15 20 68 33 43 100 23 65 72 34 16 97 77 39 84 81 46 64 6 71 82 11 20 51 96 100 16 45 84 78 75 44 61 43 10 41 95 37 28 27 92 11 27 34 52 93 10 82 10 27 36 48 81 37 77 21 11 47 49 62 8 23 50 97 84 55 31 91 61 49 36 70 7 5 89 98 24 86 19 0 33 19 74 98 58 45 10 92 74 3 58 39 98 94 2 22 67 0 47 ]
[54 96 74 88 94 43 96 27 73 6 98 96 42 9 94 41 19 12 34 71 82 62 81 51 51 36 72 25 29 38 86 55 56 95 77 22 60 52 64 43 96 48 45 56 29 86 10 40 62 62 51 61 51 6 89 74 96 12 59 50 90 30 87 97 92 24 46 40 31 60 76 1 20 22 34 78 95 8 100 36 67 0 31 60 34 69 67 27 23 15 52 13 13 57 71 8 99 14 42 85 ]
[46 95 70 42 62 81 53 29 93 86 32 45 29 59 99 35 13 90 32 13 47 69 52 75 41 22 99 61 26 48 35 12 56 12 80 37 65 53 35 93 16 12 74 11 2 19 83 37 32 89 45 37 23 69 43 14 25 80 96 98 45 73 39 16 67 55 17 98 21 9 51 42 11 7 34 22 92 11 69 59 81 69 0 67 19 3 29 54 17 4 40 16 66 81 47 73 96 49 62 39 ]
[42 41 59 24 29 55 32 83 92 73 98 87 59 34 92 72 60 19 98 68 32 78 43 30 57 59 11 84 7 93 63 7 81 86 85 60 9 93 46 73 67 28 20 74 99 85 96 98 60 39 41 20 58 46 51 96 39 69 85 44 90 4 62 20 12 11 9 3 77 7 83 44 15 60 86 12 81 29 24 36 26 40 33 0 9 18 40 91 43 99 64 62 54 93 54 63 58 67 33 72 ]
[97 86 75 96 6 15 52 4 46 24 87 2 24 29 79 85 2 15 28 81 2 61 62 79 91 69 90 14 49 87 100 39 66 52 33 25 27 32 4 35 67 13 36 100 73 45 32 25 20 3 5 44 69 95 37 63 35 19 69 87 92 4 98 21 2 13 90 92 71 13 19 76 72 35 50 38 33 94 24 60 2 66 81 91 0 59 33 4 17 83 53 25 8 37 43 3 26 21 70 34 ]
[54 1 46 44 35 3 93 74 48 91 86 29 60 25 25 25 52 32 65 70 25 61 12 49 10 87 25 7 59 50 68 49 13 84 3 36 54 99 11 88 48 2 47 47 88 51 22 67 89 58 69 62 34 16 73 16 13 72 70 15 92 84 99 93 57 71 52 40 3 80 34 9 66 67 77 38 87 38 75 100 42 31 97 82 41 0 89 13 63 59 21 60 87 84 15 33 39 13 69 18 ]
[32 45 47 38 79 19 76 12 1 33 6 28 14 4 15 7 97 60 58 10 5 50 67 6 63 66 40 71 54 7 31 85 28 18 26 89 3 83 97 7 48 21 93 38 12 39 63 32 10 86 8 25 71 45 66 49 70 59 22 14 50 99 70 78 98 54 51 79 72 38 90 22 5 46 8 75 4 77 2 25 55 33 71 60 67 11 0 47 14 65 66 42 50 73 67 35 91 69 1 75 ]
[66 20 75 7 47 40 57 45 11 34 54 50 31 38 33 36 90 82 33 54 64 58 60 39 93 100 87 77 8 47 42 22 96 50 76 46 72 73 4 9 84 73 75 41 93 18 72 94 97 96 87 22 66 31 71 87 98 98 31 37 33 91 2 97 42 40 80 15 84 16 99 6 92 1 71 82 32 58 45 92 90 73 46 9 96 87 53 0 55 3 4 15 77 56 96 7 76 99 46 14 ]
[59 11 55 19 41 59 20 88 96 84 33 74 34 83 94 100 49 13 71 80 56 11 59 98 35 5 62 18 28 16 90 33 54 10 46 15 35 83 36 91 41 99 79 53 86 38 13 99 66 85 91 33 42 24 68 83 69 48 41 39 50 59 91 71 99 30 12 77 16 68 85 91 63 44 9 11 55 99 41 60 8 77 83 57 83 37 86 45 0 23 68 49 45 24 89 18 91 42 48 51 ]
[83 83 20 15 90 87 25 95 59 78 4 12 82 30 68 88 70 65 15 51 41 13 40 94 47 89 94 7 2 72 70 17 89 63 23 58 41 79 12 31 76 20 41 93 19 24 86 30 95 87 98 8 73 44 92 66 18 19 38 74 69 32 54 48 57 55 46 46 34 27 82 47 24 68 28 67 51 61 60 23 26 85 96 1 17 41 35 97 77 0 66 62 62 31 30 9 86 29 30 68 ]
[5 86 82 1 16 40 60 91 29 48 35 51 65 18 32 24 49 98 22 12 42 89 99 45 95 86 46 75 49 70 92 2 18 64 91 71 58 84 28 3 70 75 84 68 96 14 13 78 15 62 7 44 56 16 92 35 62 52 100 49 56 26 33 97 14 64 89 46 47 99 49 66 66 83 94 59 50 70 5 20 97 48 60 36 47 79 34 96 32 34 0 7 19 87 15 93 91 7 8 15 ]
[100 48 67 90 9 49 18 1 30 4 93 16 35 30 84 32 20 6 67 52 51 49 83 59 9 3 40 74 55 88 60 30 34 16 96 5 99 69 81 37 29 67 84 45 69 26 22 33 17 2 47 13 2 8 22 50 52 75 16 75 64 16 27 96 5 88 84 55 2 17 75 87 38 14 12 100 44 6 21 72 42 87 84 38 75 40 58 85 51 38 93 0 18 18 50 78 49 44 21 1 ]
[29 94 4 65 74 90 65 34 13 84 48 85 45 18 88 99 23 36 29 38 76 36 17 56 74 21 72 80 45 83 65 97 28 50 43 27 97 7 91 17 25 52 8 30 63 47 91 66 9 9 22 53 75 99 23 19 18 79 48 16 39 73 80 54 53 63 69 26 68 13 63 52 18 77 49 88 31 32 58 64 61 87 34 46 92 13 50 23 55 38 81 82 0 64 94 75 93 43 20 36 ]
[51 49 19 32 74 88 36 17 95 62 95 67 7 23 21 8 97 45 67 95 76 19 50 65 8 76 49 88 86 94 41 22 95 49 63 87 2 91 9 41 1 33 99 69 88 85 76 93 19 84 99 23 3 75 17 46 65 38 99 19 38 7 69 1 83 25 87 21 94 15 94 54 52 100 69 25 57 90 78 73 2 43 19 7 63 16 27 44 76 69 13 82 36 0 88 48 16 19 36 49 ]
[78 53 88 5 89 38 40 74 19 99 20 23 77 85 13 59 65 99 2 24 23 26 29 31 90 14 15 32 48 27 14 45 32 66 47 98 51 24 93 26 64 59 23 27 48 95 96 20 13 9 59 27 59 80 54 45 72 13 73 40 35 91 94 61 86 15 95 76 2 6 68 10 10 20 89 95 11 91 16 7 6 29 53 46 57 85 33 4 11 70 85 50 6 12 0 24 89 40 66 73 ]
[62 94 46 91 13 13 69 28 76 82 7 71 30 99 47 21 88 49 2 74 16 27 3 18 58 67 9 43 78 43 77 42 100 59 72 2 10 55 26 55 78 41 5 18 20 39 39 67 84 60 24 85 99 21 20 76 9 2 2 66 50 8 51 91 34 58 27 39 51 57 35 30 27 28 3 36 66 41 45 43 98 92 27 37 97 67 65 93 82 91 7 22 25 52 76 0 87 26 34 12 ]
[81 96 36 69 57 39 55 17 57 91 45 30 23 2 55 59 44 97 48 38 66 40 20 27 24 20 99 36 65 28 77 76 54 78 98 76 34 37 85 76 11 5 50 50 93 31 64 57 2 86 5 100 84 55 98 47 61 8 46 22 93 16 3 78 46 40 33 62 42 36 29 6 85 30 20 93 37 93 69 51 78 1 4 42 74 61 9 24 9 14 9 51 7 84 11 13 0 12 68 34 ]
[80 52 44 84 24 68 69 99 45 65 27 8 5 85 13 6 82 36 87 48 21 19 26 76 15 79 99 3 4 72 98 89 64 23 7 9 19 22 61 82 31 87 42 69 81 23 84 48 21 61 32 13 82 76 87 64 50 58 100 35 26 73 13 37 24 91 11 45 70 46 40 37 6 38 49 84 75 92 54 78 33 86 51 33 79 87 31 1 58 71 93 56 57 81 60 74 88 0 12 7 ]
[29 55 67 39 83 96 99 100 34 12 43 56 1 13 45 39 46 23 44 91 62 44 77 50 45 62 37 32 6 92 83 24 69 39 31 3 18 56 89 77 14 63 16 34 80 35 51 21 83 84 97 85 81 19 58 63 7 63 77 79 42 43 98 6 14 53 20 1 78 59 34 45 42 41 56 9 16 65 75 1 100 58 38 67 30 31 99 54 52 70 92 79 80 64 34 66 32 88 0 25 ]
[56 49 9 6 74 94 48 77 29 21 21 43 38 3 97 72 91 6 25 78 5 66 10 86 37 41 81 97 72 59 97 31 49 63 98 68 47 75 43 35 18 38 84 30 29 39 80 66 71 30 100 85 22 72 62 94 88 86 13 36 33 55 27 19 58 93 33 95 13 93 62 58 89 28 15 83 11 92 69 11 53 15 61 28 66 82 25 86 49 32 85 99 64 51 27 88 66 93 75 0 ]
];
