nbGenes = 100;
preference = [[0 5 85 0 25 54 75 97 57 21 72 90 95 77 4 55 85 76 95 89 83 57 16 4 76 38 92 95 93 79 12 61 70 29 59 38 70 1 55 53 1 91 95 27 53 89 29 80 67 31 38 99 87 78 72 58 6 50 12 43 18 89 88 10 85 43 31 73 98 21 67 57 78 83 49 63 20 72 52 13 38 27 92 88 31 8 27 81 14 7 14 38 94 75 54 25 92 96 10 92 ]
[95 0 43 84 55 47 13 90 29 78 37 2 4 84 95 63 69 28 38 25 93 80 23 30 67 21 50 1 48 43 21 34 13 44 10 41 72 61 22 25 47 39 89 4 39 4 25 30 61 58 64 75 31 43 94 57 5 4 43 67 34 80 5 79 53 0 83 9 15 24 56 48 83 65 14 48 92 58 69 33 7 89 79 35 0 33 4 89 13 82 65 85 38 13 30 31 28 91 14 33 ]
[15 57 0 81 77 52 23 19 25 85 49 85 76 79 44 21 72 34 84 94 70 67 99 14 49 52 42 29 10 5 16 23 94 53 18 18 95 1 79 98 45 1 6 8 10 70 78 13 31 9 94 6 99 35 13 68 19 13 64 69 42 30 82 8 51 50 93 1 4 50 82 60 75 99 61 14 51 40 12 85 71 34 25 92 90 63 6 87 73 22 89 61 96 38 48 78 86 9 38 0 ]
[100 16 19 0 45 1 20 95 7 71 27 26 85 89 7 88 64 85 82 32 48 73 72 40 61 78 79 7 31 31 25 71 84 72 66 45 82 45 70 26 79 70 42 38 51 79 8 10 39 79 34 56 46 32 63 31 88 93 93 71 59 9 64 39 74 14 56 97 35 56 24 85 1 78 27 91 73 86 49 89 41 82 24 1 6 73 72 28 5 99 73 88 46 6 23 79 77 37 11 52 ]
[75 45 23 55 0 19 2 79 10 21 4 64 41 12 17 67 55 33 10 42 1 97 35 9 99 98 65 72 42 81 60 24 32 89 60 89 48 49 74 72 76 71 11 19 22 27 51 95 31 2 93 15 78 16 30 22 48 73 82 35 45 74 57 68 67 82 30 6 21 95 35 42 6 20 12 8 22 42 92 68 49 86 50 6 75 21 79 45 96 36 3 34 65 13 53 67 39 43 26 87 ]
[46 53 48 99 81 0 94 96 64 94 81 6 29 5 75 23 18 57 28 93 90 23 13 45 53 73 10 48 92 57 29 98 38 65 95 12 37 43 31 83 99 81 84 42 2 53 2 45 97 33 13 80 36 25 9 74 66 31 97 94 52 19 38 50 41 77 64 57 35 61 62 90 91 72 79 8 55 78 55 72 22 45 67 41 36 50 36 41 67 51 34 28 88 13 1 58 73 37 28 57 ]
[25 87 77 80 98 6 0 62 97 26 82 92 48 92 61 57 61 61 18 7 52 7 66 23 52 35 20 16 10 18 42 76 35 26 78 53 89 95 58 53 88 94 83 62 6 22 44 23 69 71 34 88 1 52 21 89 39 76 18 40 94 7 79 35 50 84 22 31 87 21 18 30 58 15 31 52 76 39 98 87 44 48 55 98 62 68 17 31 41 65 99 39 99 7 11 29 81 7 59 73 ]
[3 10 81 5 21 4 38 0 46 68 15 81 53 54 76 72 32 75 38 75 31 56 20 94 91 13 60 64 5 52 73 78 4 54 66 58 77 95 75 76 89 31 19 62 35 50 35 78 45 50 31 95 43 31 53 58 69 94 61 65 73 12 29 81 64 6 29 39 76 12 75 3 9 52 70 2 61 84 95 74 38 16 80 55 40 51 7 45 71 51 87 48 19 26 24 1 96 54 68 40 ]
[43 71 75 93 90 36 3 54 0 16 12 23 92 29 78 87 20 16 98 29 35 31 59 50 1 86 65 94 0 26 28 42 34 25 4 46 26 29 62 2 89 75 84 86 21 19 64 58 91 27 2 67 14 14 35 79 65 40 37 46 21 12 78 24 45 25 16 79 13 29 6 3 65 95 7 93 67 8 16 12 76 99 1 48 0 80 21 37 40 59 82 5 46 28 24 81 82 23 87 88 ]
[79 22 15 29 79 6 74 32 84 0 62 57 26 57 47 83 53 38 98 61 11 19 1 85 90 69 90 79 17 59 8 35 48 99 15 31 84 67 37 16 32 18 46 34 88 56 15 14 44 35 8 75 82 99 45 18 37 48 88 57 72 14 94 15 43 87 46 27 21 66 37 91 32 46 90 92 4 95 13 90 50 3 21 4 50 44 77 49 96 5 90 19 3 3 23 57 51 54 28 13 ]
[28 63 51 73 96 19 18 85 88 38 0 9 26 54 51 33 11 56 77 96 40 67 14 10 62 21 82 20 39 67 17 70 30 35 76 18 99 80 55 7 10 17 16 32 59 75 77 85 10 40 38 15 69 99 57 89 65 53 3 92 68 73 18 17 79 62 97 39 49 44 34 42 87 63 45 51 5 80 97 18 55 5 17 18 36 86 94 2 76 56 36 64 95 45 68 93 18 70 46 82 ]
[10 98 15 74 36 94 8 19 77 43 91 0 12 60 70 60 47 40 93 75 69 37 33 93 16 41 54 15 92 66 40 30 0 75 68 14 15 24 59 0 64 0 11 26 55 45 40 26 19 1 13 38 63 84 44 5 42 45 40 57 77 45 39 84 49 31 62 63 33 83 87 16 11 0 20 81 18 60 89 98 14 62 14 94 56 23 10 97 96 59 72 65 65 61 47 99 74 45 93 31 ]
[5 96 24 15 59 71 52 47 8 74 74 88 0 45 43 66 30 31 41 24 56 98 82 6 60 38 85 85 50 13 4 77 33 35 96 13 5 1 47 46 71 8 15 79 4 27 99 84 78 34 27 89 99 54 33 57 98 99 81 17 40 12 8 26 81 5 30 46 92 1 2 11 20 38 83 77 88 86 33 22 34 40 87 79 2 7 85 27 67 65 70 28 80 43 19 28 79 39 86 74 ]
[23 16 21 11 88 95 8 46 71 43 46 40 55 0 11 29 63 28 44 96 74 79 11 25 86 36 80 41 2 96 82 66 51 24 17 13 92 7 5 49 61 75 13 41 94 94 6 8 81 87 80 79 14 88 8 67 62 88 40 31 38 69 40 20 19 67 56 13 64 15 7 91 34 78 22 87 20 74 31 26 38 47 57 35 22 36 15 60 19 68 13 14 78 73 21 68 1 89 20 84 ]
[96 5 56 93 83 25 39 24 22 53 49 30 57 89 0 17 46 15 86 42 23 67 62 76 51 61 69 56 27 62 50 43 77 72 96 52 20 5 21 71 81 6 55 63 94 21 12 41 24 89 99 46 97 74 88 35 49 72 2 32 35 6 79 38 6 44 78 40 68 26 33 35 6 87 71 64 89 98 6 13 67 22 27 86 92 64 2 33 24 6 83 99 3 16 24 15 48 95 9 6 ]
[45 37 79 12 33 77 43 28 13 17 67 40 34 71 83 0 54 89 13 11 85 64 12 81 54 16 56 41 62 6 39 42 75 21 17 9 30 93 68 64 73 54 98 69 92 1 43 53 32 39 29 45 87 91 1 86 4 22 30 47 24 83 96 68 86 3 4 78 64 19 6 67 84 6 15 8 37 14 49 70 58 4 72 70 50 78 99 43 89 38 82 79 12 22 12 10 53 50 86 32 ]
[15 31 28 36 45 82 39 68 80 47 89 53 70 37 54 46 0 14 53 47 97 59 86 86 55 52 26 59 77 49 0 19 13 27 61 60 12 94 82 98 43 73 19 53 97 19 5 22 48 24 99 37 28 35 57 47 23 53 48 16 93 60 35 78 96 46 47 93 89 77 26 74 59 63 58 36 87 54 41 85 10 37 46 96 79 78 27 46 76 46 54 91 14 97 11 36 70 35 97 16 ]
[24 72 66 15 67 43 39 25 84 62 44 60 69 72 85 11 86 0 61 0 69 96 72 80 85 45 99 91 75 68 77 18 23 69 39 30 11 28 75 21 42 13 47 40 98 35 99 34 15 89 98 55 36 25 27 35 33 46 44 96 7 61 62 89 52 86 9 14 64 56 78 15 24 50 92 72 88 64 96 90 43 22 57 18 85 23 23 32 39 27 99 76 78 8 93 42 30 3 77 0 ]
[5 62 16 18 90 72 82 62 2 2 23 7 59 56 14 87 47 39 0 66 53 30 41 96 97 4 55 68 65 35 58 78 15 44 23 36 58 19 92 98 98 91 24 96 81 16 87 49 40 15 58 40 91 39 41 54 27 65 25 31 14 56 99 72 99 59 5 60 23 44 20 93 34 4 66 81 3 20 84 79 55 69 21 18 74 20 84 62 58 25 93 3 58 71 3 88 31 23 54 43 ]
[11 75 6 68 58 7 93 25 71 39 4 25 76 4 58 89 53 100 34 0 93 12 97 80 99 29 86 99 5 75 45 10 25 59 58 55 25 75 11 86 39 20 84 12 10 77 26 38 31 19 34 98 58 72 45 44 44 41 20 43 41 34 96 20 92 0 76 75 76 18 77 16 39 4 28 21 5 4 47 98 84 77 57 59 95 92 60 16 76 87 11 28 27 91 6 86 48 87 77 69 ]
[17 7 30 52 99 10 48 69 65 89 60 31 44 26 77 15 3 31 47 7 0 47 46 7 80 86 17 33 94 67 77 18 54 17 80 22 95 77 13 60 76 54 40 14 93 4 56 54 89 6 63 67 90 50 81 47 2 63 28 29 74 72 66 52 65 13 85 54 58 38 52 88 19 63 2 43 80 57 62 56 27 73 38 65 15 84 19 9 34 58 89 25 39 71 8 5 53 84 20 7 ]
[43 20 33 27 3 77 93 44 69 81 33 63 2 21 33 36 41 4 70 88 53 0 95 88 1 42 87 74 45 95 9 38 48 15 72 49 25 69 55 84 90 17 23 34 22 84 39 90 70 6 17 38 1 78 72 35 82 35 68 75 22 74 89 63 0 66 56 47 81 60 95 34 76 99 11 25 67 8 77 49 19 66 53 12 0 77 22 81 48 69 10 34 22 77 78 86 26 16 3 69 ]
[84 77 1 28 65 87 34 80 41 99 86 67 18 89 38 88 14 28 59 3 54 5 0 1 20 54 56 71 83 67 96 27 21 30 80 25 5 80 53 32 3 2 33 8 21 48 4 30 74 59 81 60 46 45 71 34 18 12 53 55 15 13 42 79 44 82 53 33 88 26 74 4 53 35 69 6 47 0 75 12 35 84 98 89 60 31 50 16 69 60 62 48 16 7 93 88 8 34 55 84 ]
[96 70 86 60 91 55 77 6 50 15 90 7 94 75 24 19 14 20 4 20 93 12 99 0 88 97 95 71 61 1 73 96 66 89 16 42 35 51 41 15 44 55 42 19 82 36 5 31 41 88 64 1 36 94 3 92 50 65 70 27 4 89 79 87 9 20 25 21 9 13 58 84 21 12 12 22 49 15 90 3 11 87 69 16 52 58 9 54 88 25 66 25 5 18 43 14 47 79 3 67 ]
[24 33 51 39 1 47 48 9 99 10 38 84 40 14 49 46 45 15 3 1 20 99 80 12 0 17 41 49 10 43 96 50 17 52 26 45 5 10 39 64 29 68 68 37 42 60 89 10 78 16 31 13 7 58 52 74 74 92 42 95 66 18 14 67 24 85 2 70 85 94 23 23 74 87 71 77 65 94 81 59 78 86 8 42 85 98 29 25 72 91 90 59 30 73 42 86 82 26 84 87 ]
[62 79 48 22 2 27 65 87 14 31 79 59 62 64 39 84 48 55 96 71 14 58 46 3 83 0 28 65 53 73 87 40 2 44 76 57 93 47 10 47 9 37 23 64 6 50 43 82 75 9 54 93 19 40 17 21 68 86 19 63 86 70 48 59 31 25 13 38 99 67 63 26 3 95 96 85 12 78 76 60 14 10 39 61 97 90 42 56 24 36 54 30 86 80 82 69 89 24 9 36 ]
[8 50 58 21 35 90 80 40 35 10 18 46 15 20 31 44 74 1 45 14 83 13 44 5 59 72 0 11 91 22 19 38 58 55 0 10 72 14 87 40 44 57 47 39 26 15 31 51 7 99 9 96 31 74 61 75 10 30 24 11 42 31 9 66 53 82 74 9 60 95 53 45 83 14 95 8 23 5 47 61 94 70 35 66 36 22 21 55 95 89 22 12 61 5 46 90 2 35 2 16 ]
[5 99 71 93 28 52 84 36 6 21 80 85 15 59 44 59 41 9 32 1 67 26 29 29 51 35 89 0 1 84 22 55 90 36 97 72 21 99 80 43 31 35 21 70 7 94 41 35 96 68 47 2 55 60 9 43 82 65 81 35 87 11 14 44 48 0 9 73 46 58 22 95 18 57 23 43 15 60 2 74 21 71 95 2 7 64 19 78 63 98 3 47 36 75 73 33 28 32 93 53 ]
[7 52 90 69 58 8 90 95 100 83 61 8 50 98 73 38 23 25 35 95 6 55 17 39 90 47 9 99 0 79 27 0 33 91 56 2 68 23 95 78 8 39 67 91 37 77 14 13 69 45 33 94 43 41 62 16 14 78 56 71 78 3 46 0 70 27 94 19 54 61 50 99 6 45 75 16 59 46 2 93 57 91 49 14 68 3 42 72 42 76 13 43 13 49 25 54 62 2 95 97 ]
[21 57 95 69 19 43 82 48 74 41 33 34 87 4 38 94 51 32 65 25 33 5 33 99 57 27 78 16 21 0 91 8 68 23 23 33 31 24 43 9 34 97 20 43 20 95 26 93 45 7 24 11 42 79 60 88 17 24 37 6 29 75 70 57 33 55 66 28 6 97 58 2 17 55 74 40 93 61 72 63 63 78 91 25 62 16 82 67 7 98 26 84 22 24 82 40 32 20 24 83 ]
[88 79 84 75 40 71 58 27 72 92 83 60 96 18 50 61 100 23 42 55 23 91 4 27 4 13 81 78 73 9 0 70 70 40 54 45 62 90 24 55 94 81 88 82 95 59 39 19 34 7 88 57 39 24 0 63 7 0 56 11 59 59 4 6 29 42 8 94 14 92 72 78 59 71 25 96 70 18 87 53 80 99 79 16 48 5 85 65 35 12 63 87 0 67 70 29 65 38 87 83 ]
[39 66 77 29 76 2 24 22 58 65 30 70 23 34 57 58 81 82 22 90 82 62 73 4 50 60 62 45 100 92 30 0 0 78 67 52 84 53 54 43 89 39 5 36 68 6 18 16 80 10 57 62 71 40 96 20 78 91 26 73 7 50 23 60 51 10 57 60 1 62 93 24 98 92 58 46 4 20 31 73 57 95 17 85 28 53 44 46 54 49 9 16 60 90 37 18 51 25 16 43 ]
[30 87 6 16 68 62 65 96 66 52 70 100 67 49 23 25 87 77 85 75 46 52 79 34 83 98 42 10 67 32 30 100 0 21 50 60 26 20 64 35 12 69 10 39 97 19 51 45 6 47 19 31 33 26 47 13 1 85 23 12 47 33 32 56 24 99 82 97 13 6 16 33 12 95 29 13 83 70 21 57 48 51 3 78 96 3 44 19 64 85 53 27 72 37 23 18 45 8 42 40 ]
[71 56 47 28 11 35 74 46 75 1 65 25 65 76 28 79 73 31 56 41 83 85 70 11 48 56 45 64 9 77 60 22 79 0 93 1 47 84 90 64 26 35 85 80 23 53 52 17 62 50 81 60 66 35 79 70 55 42 34 67 43 81 68 85 21 4 52 60 54 58 41 91 92 70 39 64 15 99 45 93 89 55 35 65 47 94 23 2 35 6 86 98 59 60 71 10 98 38 85 47 ]
[41 90 82 34 40 5 22 34 96 85 24 32 4 83 4 83 39 61 77 42 20 28 20 84 74 24 100 3 44 77 46 33 50 7 0 44 80 31 16 93 72 56 31 29 26 65 76 61 72 11 86 69 14 17 68 97 39 88 82 53 54 88 90 61 57 40 49 70 43 25 11 89 60 36 41 7 55 58 13 38 48 90 74 49 58 60 14 92 29 41 28 68 59 93 77 63 85 75 18 14 ]
[62 59 82 55 11 88 47 42 54 69 82 86 87 87 48 91 40 70 64 45 78 51 75 58 55 43 90 28 98 67 55 48 40 99 56 0 65 38 8 90 24 36 25 59 58 73 72 76 97 57 81 79 76 29 30 90 41 88 61 71 14 94 27 29 19 90 64 73 13 31 70 38 88 2 69 57 4 89 44 4 59 92 42 2 46 47 85 53 38 71 42 81 56 72 19 46 35 67 31 83 ]
[30 28 5 18 52 63 11 23 74 16 1 85 95 8 80 70 88 89 42 75 5 75 95 65 95 7 28 79 32 69 38 16 74 53 20 35 0 61 88 72 85 28 74 31 49 73 51 82 58 33 63 97 0 95 96 5 37 29 25 82 62 44 4 96 18 0 16 84 77 82 73 98 92 11 50 42 4 93 11 65 94 56 54 18 66 73 16 51 92 97 76 79 86 96 90 52 2 34 2 36 ]
[99 39 99 55 51 57 5 5 71 33 20 76 99 93 95 7 6 72 81 25 23 31 20 49 90 53 86 1 77 76 10 47 80 16 69 62 39 0 70 56 94 58 52 70 64 70 51 97 20 96 86 51 54 52 63 22 73 6 80 45 64 14 1 31 92 90 43 39 89 57 6 65 63 70 61 20 92 10 28 29 35 23 40 72 18 31 25 42 13 42 80 47 27 57 98 78 49 24 89 47 ]
[45 78 21 30 26 69 42 25 38 63 45 41 53 95 79 32 18 25 8 89 87 45 47 59 61 90 13 20 5 57 76 46 36 10 84 92 12 30 0 28 99 47 31 84 49 82 17 59 54 5 88 5 8 8 63 24 88 42 62 90 24 72 32 69 2 73 61 96 48 29 5 0 9 85 29 6 90 3 4 64 86 26 62 22 94 44 6 83 77 18 59 90 63 55 20 89 54 34 86 84 ]
[47 75 2 74 28 17 47 24 98 84 93 100 54 51 29 36 2 79 2 14 40 16 68 85 36 53 60 57 22 91 45 57 65 36 7 10 28 44 72 0 86 20 85 31 93 36 4 68 25 94 66 22 88 90 29 54 18 89 26 47 86 90 12 79 66 66 18 95 7 76 71 54 20 39 97 79 26 40 40 71 27 7 31 87 19 30 97 84 89 65 93 85 78 33 9 24 51 60 13 85 ]
[99 53 55 21 24 1 12 11 11 68 90 36 29 39 19 27 57 58 2 61 24 10 97 56 71 91 56 69 92 66 6 11 88 74 28 76 15 6 1 14 0 40 15 47 18 18 35 30 1 0 70 69 62 74 61 47 56 95 6 11 19 98 68 78 53 37 26 39 67 0 95 88 0 72 76 66 21 72 23 99 83 11 56 0 52 95 23 62 74 62 80 27 51 60 28 46 42 66 81 55 ]
[9 61 99 30 29 19 6 69 25 82 83 100 92 25 94 46 27 87 9 80 46 83 98 45 32 63 43 65 61 3 19 61 31 65 44 64 72 42 53 80 60 0 11 23 55 88 55 30 36 26 91 92 3 40 68 43 93 65 47 91 54 42 72 20 40 88 39 62 80 1 8 1 63 58 96 0 40 91 51 74 45 78 7 48 83 60 81 8 11 61 36 45 75 51 19 4 53 71 26 50 ]
[5 11 94 58 89 16 17 81 16 54 84 89 85 87 45 2 81 53 76 16 60 77 67 58 32 77 53 79 33 80 12 95 90 15 69 75 26 48 69 15 85 89 0 22 97 38 39 2 20 69 82 78 62 12 53 32 97 4 87 51 16 91 42 39 56 49 65 71 57 5 84 90 60 69 39 68 15 97 19 83 89 78 29 64 50 78 90 14 57 65 59 66 36 58 66 58 68 85 70 50 ]
[73 96 92 62 81 58 38 38 14 66 68 74 21 59 37 31 47 60 4 88 86 66 92 81 63 36 61 30 9 57 18 64 61 20 71 41 69 30 16 69 53 77 78 0 94 77 32 57 75 37 38 50 16 79 12 1 12 43 59 97 91 66 30 31 52 13 56 62 44 58 12 44 5 29 15 78 30 1 39 49 69 49 30 95 39 97 1 47 67 97 36 16 53 28 98 43 74 79 32 13 ]
[47 61 90 49 78 98 94 65 79 12 41 45 96 6 6 8 3 2 19 90 7 78 79 18 58 94 74 93 63 80 5 32 3 77 74 42 51 36 51 7 82 45 3 6 0 36 72 53 29 42 56 50 28 5 36 93 2 9 41 5 68 84 91 73 40 17 11 42 80 91 20 99 47 62 39 64 19 37 43 79 24 13 95 48 21 18 65 17 2 38 32 41 99 57 61 92 88 65 5 24 ]
[11 96 30 21 73 47 78 50 81 44 25 55 73 6 79 99 81 65 84 23 96 16 52 64 40 50 85 6 23 5 41 94 81 47 35 27 27 30 18 64 82 12 62 23 64 0 78 45 72 83 57 22 9 49 96 30 74 65 21 17 60 38 3 40 48 43 33 39 86 73 76 26 9 45 56 46 71 89 49 94 80 6 96 57 51 50 40 26 26 42 79 17 24 67 42 35 26 34 1 42 ]
[71 75 22 92 49 98 56 65 36 85 23 60 1 94 88 57 95 1 13 74 44 61 96 95 11 57 69 59 86 74 61 82 49 48 24 28 49 49 83 96 65 45 61 68 28 22 0 12 45 27 76 72 15 15 68 4 9 29 69 59 45 41 68 85 61 26 57 80 58 85 34 0 56 27 43 48 29 69 79 95 50 79 13 13 4 67 88 57 62 63 54 24 51 3 90 19 13 42 33 6 ]
[20 70 87 90 5 55 77 22 42 86 15 74 16 92 59 47 78 66 51 62 46 10 70 69 90 18 49 65 87 7 81 84 55 83 39 24 18 3 41 32 70 70 98 43 47 55 88 0 93 92 82 45 89 84 27 98 90 13 86 24 22 98 82 8 25 26 62 66 57 76 39 58 37 87 3 53 69 11 66 47 41 80 94 90 12 65 46 43 35 52 86 64 99 19 65 12 66 3 1 75 ]
[33 39 69 61 69 3 31 55 9 56 90 81 22 19 76 68 52 85 60 69 11 30 26 59 22 25 93 4 31 55 66 20 94 38 28 3 42 80 46 75 99 64 80 25 71 28 55 7 0 72 45 1 55 61 82 4 9 10 42 58 51 5 66 46 26 88 21 25 23 44 97 18 45 78 7 8 59 32 13 15 50 11 11 42 19 57 90 79 80 45 82 6 84 18 11 55 57 84 1 67 ]
[69 42 91 21 98 67 29 50 73 65 60 99 66 13 11 61 76 11 85 81 94 94 41 12 84 91 1 32 55 93 93 90 53 50 89 43 67 4 95 6 100 74 31 63 58 17 73 8 28 0 24 25 88 9 11 39 68 7 34 26 46 45 47 29 43 10 10 80 72 17 90 43 70 27 50 47 97 0 94 59 79 10 69 24 78 46 74 89 35 23 62 17 20 36 13 31 4 61 4 87 ]
[62 36 6 66 7 87 66 69 98 92 62 87 73 20 1 71 1 2 42 66 37 83 19 36 69 46 91 53 67 76 12 43 81 19 14 19 37 14 12 34 30 9 18 62 44 43 24 18 55 76 0 31 68 6 27 36 48 92 72 91 2 27 20 93 64 87 53 17 46 26 78 82 10 23 81 4 60 43 81 35 5 13 66 8 73 15 11 19 9 83 92 66 95 96 2 64 27 44 78 50 ]
[1 25 94 44 85 20 12 5 33 25 85 62 11 21 54 55 63 45 60 2 33 62 40 99 87 7 4 98 6 89 43 38 69 40 31 21 3 49 95 78 31 8 22 50 50 78 28 55 99 75 69 0 96 95 71 46 6 51 46 10 50 98 30 68 63 81 36 29 53 78 80 18 19 5 46 70 57 78 91 79 40 34 68 49 44 44 52 52 33 55 32 23 29 13 41 18 45 27 32 41 ]
[13 69 1 54 22 64 99 57 86 18 31 37 1 86 3 13 72 64 9 42 10 99 54 64 93 81 69 45 57 58 61 29 67 34 86 24 100 46 92 12 38 97 38 84 72 91 85 11 45 12 32 4 0 3 23 73 34 99 79 9 10 59 21 70 26 11 2 79 74 45 99 48 38 14 47 6 96 20 74 55 36 74 41 3 53 64 77 36 77 52 85 47 68 78 79 48 5 70 59 4 ]
[22 57 65 68 84 75 48 69 86 1 1 16 46 12 26 9 65 75 61 28 50 22 55 6 42 60 26 40 59 21 76 60 74 65 83 71 5 48 92 10 26 60 88 21 95 51 85 16 39 91 94 5 97 0 51 98 98 58 55 40 22 4 56 10 84 21 32 53 58 33 19 76 90 83 88 92 48 3 42 98 17 90 76 11 86 42 74 90 83 33 84 31 81 91 34 6 24 21 6 10 ]
[28 6 87 37 70 91 79 47 65 55 43 56 67 92 12 99 43 73 59 55 19 28 29 97 48 83 39 91 38 40 100 4 53 21 32 70 4 37 37 71 39 32 47 88 64 4 32 73 18 89 73 29 77 49 0 16 51 76 92 95 90 59 15 11 77 51 11 56 7 77 17 49 57 69 92 51 24 23 95 44 83 16 74 88 59 21 14 54 93 90 17 80 17 81 32 31 37 95 69 49 ]
[42 43 32 69 78 26 11 42 21 82 11 95 43 33 65 14 53 65 46 56 53 65 66 8 26 79 25 57 84 12 37 80 87 30 3 10 95 78 76 46 53 57 68 99 7 70 96 2 96 61 64 54 27 2 84 0 73 98 47 16 10 43 40 29 89 69 65 16 32 74 3 26 11 90 35 32 82 77 67 26 96 80 96 91 41 29 25 18 82 82 2 21 86 64 13 99 3 10 5 90 ]
[94 95 81 12 52 34 61 31 35 63 35 58 2 38 51 96 77 67 73 56 98 18 82 50 26 32 90 18 86 83 93 22 99 45 61 59 63 27 12 82 44 7 3 88 98 26 91 10 91 32 52 94 66 2 49 27 0 24 95 2 76 50 36 91 94 54 81 1 62 23 60 78 21 85 27 77 29 99 97 15 97 96 34 86 81 86 50 63 22 2 65 33 41 47 32 7 84 65 73 13 ]
[50 96 87 7 27 69 24 6 60 52 47 55 1 12 28 78 47 54 35 59 37 65 88 35 8 14 70 35 22 76 100 9 15 58 12 12 71 94 58 11 5 35 96 57 91 35 71 87 90 93 8 49 1 42 24 2 76 0 55 89 68 29 67 45 46 40 94 16 67 76 13 71 69 92 10 42 49 48 55 71 71 68 56 4 29 90 41 95 82 30 69 84 25 22 78 89 16 87 95 71 ]
[88 57 36 7 18 3 82 39 63 12 97 60 19 60 98 70 52 56 75 80 72 32 47 30 58 81 76 19 44 63 44 74 77 66 18 39 75 20 38 74 94 53 13 41 59 79 31 14 58 66 28 54 21 45 8 53 5 45 0 45 0 11 46 75 78 10 73 12 37 0 73 46 71 28 82 8 84 78 99 32 82 66 93 72 22 45 84 21 57 59 6 94 4 79 75 59 73 54 21 85 ]
[57 33 31 29 65 6 60 35 54 43 8 43 83 69 68 53 84 4 69 57 71 25 45 73 5 37 89 65 29 94 89 27 88 33 47 29 18 55 10 53 89 9 49 3 95 83 41 76 42 74 9 90 91 60 5 84 98 11 55 0 0 75 92 34 65 27 69 56 25 84 22 91 42 57 84 83 0 24 92 46 45 65 75 21 85 69 56 61 61 29 4 39 85 3 49 12 68 63 61 62 ]
[82 66 58 41 55 48 6 27 79 28 32 23 60 62 65 76 7 93 86 59 26 78 85 96 34 14 58 13 22 71 41 93 53 57 46 86 38 36 76 14 81 46 84 9 32 40 55 78 49 54 98 50 90 78 10 90 24 32 100 100 0 86 59 46 51 79 48 22 24 24 22 82 41 83 90 94 26 12 93 21 22 43 71 41 91 89 78 49 46 23 77 95 43 46 40 91 57 11 67 61 ]
[11 20 70 91 26 81 93 88 88 86 27 55 88 31 94 17 40 39 44 66 28 26 87 11 82 30 69 89 97 25 41 50 67 19 12 6 56 86 28 10 2 58 9 34 16 62 59 2 95 55 73 2 41 96 41 57 50 71 89 25 14 0 92 53 47 6 21 71 70 14 21 4 5 71 37 45 84 61 92 68 92 9 92 55 75 87 23 31 68 78 68 16 99 8 36 23 62 78 86 35 ]
[12 95 18 36 43 62 21 71 22 6 82 61 92 60 21 4 65 38 1 4 34 11 58 21 86 52 91 86 54 30 96 77 68 32 10 73 96 99 68 88 32 28 58 70 9 97 32 18 34 53 80 70 79 44 85 60 64 33 54 8 41 8 0 78 19 75 74 87 50 20 16 96 91 47 65 25 37 12 38 61 8 52 89 24 45 19 7 26 77 89 75 97 32 43 0 6 33 39 59 5 ]
[90 21 92 61 32 50 65 19 76 85 83 16 74 80 62 32 22 11 28 80 48 37 21 13 33 41 34 56 100 43 94 40 44 15 39 71 4 69 31 21 22 80 61 69 27 60 15 92 54 71 7 32 30 90 89 71 9 55 25 66 54 47 22 0 35 79 7 26 51 73 72 55 78 63 72 16 75 86 57 17 39 5 53 17 42 67 81 25 50 46 84 67 15 72 22 47 35 15 98 67 ]
[15 47 49 26 33 59 50 36 55 57 21 51 19 81 94 14 4 48 1 8 35 100 56 91 76 69 47 52 30 67 71 49 76 79 43 81 82 8 98 34 47 60 44 48 60 52 39 75 74 57 36 37 74 16 23 11 6 54 22 35 49 53 81 65 0 99 28 54 55 91 83 11 70 16 35 46 8 16 24 20 2 83 27 91 80 32 86 21 36 47 27 35 98 54 63 37 54 39 66 91 ]
[57 100 50 86 18 23 16 94 75 13 38 69 95 33 56 97 54 14 41 100 87 34 18 80 15 75 18 100 73 45 58 90 1 96 60 10 100 10 27 34 63 12 51 87 83 57 74 74 12 90 13 19 89 79 49 31 46 60 90 73 21 94 25 21 1 0 29 86 6 94 88 42 2 79 59 22 23 87 44 74 0 96 74 16 75 20 81 86 34 73 80 81 82 36 36 75 26 24 53 39 ]
[69 17 7 44 70 36 78 71 84 54 3 38 70 44 22 96 53 91 95 24 15 44 47 75 98 87 26 91 6 34 92 43 18 48 51 36 84 57 39 82 74 61 35 44 89 67 43 38 79 90 47 64 98 68 89 35 19 6 27 31 52 79 26 93 72 71 0 19 98 35 82 63 0 7 18 7 13 13 49 69 1 83 3 66 85 46 95 89 97 2 87 80 93 51 39 12 65 91 68 17 ]
[27 91 99 3 94 43 69 61 21 73 61 37 54 87 60 22 7 86 40 25 46 53 67 79 30 62 91 27 81 72 6 40 3 40 30 27 16 61 4 5 61 38 29 38 58 61 20 34 75 20 83 71 21 47 44 84 99 84 88 44 78 29 13 74 46 14 81 0 16 54 53 71 40 13 64 93 61 46 86 21 24 53 91 35 3 26 78 64 48 27 92 50 73 44 55 2 13 64 78 76 ]
[2 85 96 65 79 65 13 24 87 79 51 67 8 36 32 36 11 36 77 24 42 19 12 91 15 1 40 54 46 94 86 99 87 46 57 87 23 11 52 93 33 20 43 56 20 14 42 43 77 28 54 47 26 42 93 68 38 33 63 75 76 30 50 49 45 94 2 84 0 18 22 64 13 15 70 52 70 40 86 49 72 51 28 53 12 43 84 25 97 68 5 91 42 24 18 90 88 29 56 1 ]
[79 76 50 44 5 39 79 88 71 34 56 17 99 85 74 81 23 44 56 82 62 40 74 87 6 33 5 42 39 3 8 38 94 42 75 69 18 43 71 24 100 99 95 42 9 27 15 24 56 83 74 22 55 67 23 26 77 24 100 16 76 86 80 27 9 6 65 46 82 0 51 80 3 34 39 54 59 61 5 35 83 70 34 78 2 40 8 25 25 61 11 63 71 42 85 95 86 15 68 65 ]
[33 44 18 76 65 38 82 25 94 63 66 13 98 93 67 94 74 22 80 23 48 5 26 42 77 37 47 78 50 42 28 7 84 59 89 30 27 94 95 29 5 92 16 88 80 24 66 61 3 10 22 20 1 81 83 97 40 87 27 78 78 79 84 28 17 12 18 47 78 49 0 13 81 57 82 23 29 13 16 21 45 47 11 0 96 21 29 45 51 93 10 63 14 54 61 64 50 18 99 65 ]
[43 52 40 15 58 10 70 97 97 9 58 84 89 9 65 33 26 85 7 84 12 66 96 16 77 74 55 5 1 98 22 76 67 9 11 62 2 35 100 46 12 99 10 56 1 74 100 42 82 57 18 82 52 24 51 74 22 29 54 9 18 96 4 45 89 58 37 29 36 20 87 0 94 39 82 23 76 8 66 23 68 82 94 27 43 53 78 94 17 45 21 74 75 31 93 86 82 13 14 10 ]
[22 17 25 99 94 9 42 91 35 68 13 89 80 66 94 16 41 76 66 61 81 24 47 79 26 97 17 82 94 83 41 2 88 8 40 12 8 37 91 80 100 37 40 95 53 91 44 63 55 30 90 81 62 10 43 89 79 31 29 58 59 95 9 22 30 98 100 60 87 97 19 6 0 17 13 86 49 88 73 66 81 6 97 1 22 7 97 48 39 32 26 58 9 78 56 28 72 16 84 38 ]
[17 35 1 22 80 28 85 48 5 54 37 100 62 22 13 94 37 50 96 96 37 1 65 88 13 5 86 43 55 45 29 8 5 30 64 98 89 30 15 61 28 42 31 71 38 55 73 13 22 73 77 95 86 17 31 10 15 8 72 43 17 29 53 37 84 21 93 87 85 66 43 61 83 0 40 20 64 23 32 74 52 51 71 58 55 84 19 31 30 61 52 60 99 92 79 37 1 95 5 88 ]
[51 86 39 73 88 21 69 30 93 10 55 80 17 78 29 85 42 8 34 72 98 89 31 88 29 4 5 77 25 26 75 42 71 61 59 31 50 39 71 3 24 4 61 85 61 44 57 97 93 50 19 54 53 12 8 65 73 90 18 16 10 63 35 28 65 41 82 36 30 61 18 18 87 60 0 49 29 80 3 25 49 49 9 54 33 30 22 44 61 35 58 79 40 76 53 4 0 48 61 87 ]
[37 52 86 9 92 92 48 98 7 8 49 19 23 13 36 92 64 28 19 79 57 75 94 78 23 15 92 57 84 60 4 54 87 36 93 43 58 80 94 21 34 100 32 22 36 54 52 47 92 53 96 30 94 8 49 68 23 58 92 17 6 55 75 84 54 78 93 7 48 46 77 77 14 80 51 0 25 7 97 93 90 86 44 71 12 51 22 93 35 97 6 81 84 61 15 62 65 98 20 20 ]
[80 8 49 27 78 45 24 39 33 96 95 82 12 80 11 63 13 12 97 95 20 33 53 51 35 88 77 85 41 7 30 96 17 85 45 96 96 8 10 74 79 60 85 70 81 29 71 31 41 3 40 43 4 52 76 18 71 51 16 100 74 16 63 25 92 77 87 39 30 41 71 24 51 36 71 75 0 11 91 72 92 3 0 68 20 43 67 81 95 45 74 46 97 33 93 42 74 50 13 47 ]
[28 42 60 14 58 22 61 16 92 5 20 40 14 26 2 86 46 36 80 96 43 92 100 85 6 22 95 40 54 39 82 80 30 1 42 11 7 90 97 60 28 9 3 99 63 11 31 89 68 100 57 22 80 97 77 23 1 52 22 76 88 39 88 14 84 13 87 54 60 39 87 92 12 77 20 93 89 0 52 74 80 24 84 63 52 1 38 10 71 65 28 21 9 57 33 17 11 30 3 28 ]
[48 31 88 51 8 45 2 5 84 87 3 11 67 69 94 51 59 4 16 53 38 23 25 10 19 24 53 98 98 28 13 69 79 55 87 56 89 72 96 60 77 49 81 61 57 51 21 34 87 6 19 9 26 58 5 33 3 45 1 8 7 8 62 43 76 56 51 14 14 95 84 34 27 68 97 3 9 48 0 6 74 76 46 45 33 3 53 61 35 79 5 35 13 10 85 8 17 51 91 31 ]
[87 67 15 11 32 28 13 26 88 10 82 2 78 74 87 30 15 10 21 2 44 51 88 97 41 40 39 26 7 37 47 27 43 7 62 96 35 71 36 29 1 26 17 51 21 6 5 53 85 41 65 21 45 2 56 74 85 29 68 54 79 32 39 83 80 26 31 79 51 65 79 77 34 26 75 7 28 26 94 0 70 83 30 64 69 57 54 44 16 10 67 65 10 95 13 66 29 43 2 31 ]
[62 93 29 59 51 78 56 62 24 50 45 86 66 62 33 42 90 57 45 16 73 81 65 89 22 86 6 79 43 37 20 43 52 11 52 41 6 65 14 73 17 55 11 31 76 20 50 59 50 21 95 60 64 83 17 4 3 29 18 55 78 8 92 61 98 100 99 76 28 17 55 32 19 48 51 10 8 20 26 30 0 96 79 76 4 6 16 62 18 58 5 9 75 95 59 81 76 20 59 47 ]
[73 11 66 18 14 55 52 84 1 97 95 38 60 53 78 96 63 78 31 23 27 34 16 13 14 90 30 29 9 22 1 5 49 45 10 8 44 77 74 93 89 22 22 51 87 94 21 20 89 90 87 66 26 10 84 20 4 32 34 35 57 91 48 95 17 4 17 47 49 30 53 18 94 49 51 14 97 76 24 17 4 0 49 89 47 57 44 68 93 24 7 1 77 73 2 1 5 73 93 72 ]
[8 21 75 76 50 33 45 20 99 79 83 86 13 43 73 28 54 43 79 43 62 47 2 31 92 61 65 5 51 9 21 83 97 65 26 58 46 60 38 69 44 93 71 70 5 4 87 6 89 31 34 32 59 24 26 4 66 44 7 25 29 8 11 47 73 26 97 9 72 66 89 6 3 29 91 56 100 16 54 70 21 51 0 31 32 48 35 96 45 30 51 1 35 6 42 2 92 14 53 7 ]
[12 65 8 99 94 59 2 45 52 96 82 6 21 65 14 30 4 82 82 41 35 88 11 84 58 39 34 98 86 75 84 15 22 35 51 98 82 28 78 13 100 52 36 5 52 43 87 10 58 76 92 51 97 89 12 9 14 96 28 79 59 45 76 83 9 84 34 65 47 22 100 73 99 42 46 29 32 37 55 36 24 11 69 0 34 91 11 26 27 95 15 63 64 99 35 38 7 31 97 72 ]
[69 100 10 94 25 64 38 60 100 50 64 44 98 78 8 50 21 15 26 5 85 100 40 48 15 3 64 93 32 38 52 72 4 53 42 54 34 82 6 81 48 17 50 61 79 49 96 88 81 22 27 56 47 14 41 59 19 71 78 15 9 25 55 58 20 25 15 97 88 98 4 57 78 45 67 88 80 48 67 31 96 53 68 66 0 60 96 83 84 17 62 35 91 82 63 33 40 84 27 1 ]
[92 67 37 27 79 50 32 49 20 56 14 77 93 64 36 22 22 77 80 8 16 23 69 42 2 10 78 36 97 84 95 47 97 6 40 53 27 69 56 70 5 40 22 3 82 50 33 35 43 54 85 56 36 58 79 71 14 10 55 31 11 13 81 33 68 80 54 74 57 60 79 47 93 16 70 49 57 99 97 43 94 43 52 9 40 0 15 40 90 7 13 87 86 48 36 17 83 12 61 55 ]
[73 96 94 28 21 64 83 93 79 23 6 90 15 85 98 1 73 77 16 40 81 78 50 91 71 58 79 81 58 18 15 56 56 77 86 15 84 75 94 3 77 19 10 99 35 60 12 54 10 26 89 48 23 26 86 75 50 59 16 44 22 77 93 19 14 19 5 22 16 92 71 22 3 81 78 78 33 62 47 46 84 56 65 89 4 85 0 26 12 88 35 14 42 60 48 82 96 16 78 92 ]
[19 11 13 72 55 59 69 55 63 51 98 3 73 40 67 57 54 68 38 84 91 19 84 46 75 44 45 22 28 33 35 54 81 98 8 47 49 58 17 16 38 92 86 53 83 74 43 57 21 11 81 48 64 10 46 82 37 5 79 39 51 69 74 75 79 14 11 36 75 75 55 6 52 69 56 7 19 90 39 56 38 32 4 74 17 60 74 0 86 39 64 76 73 29 23 13 80 81 84 51 ]
[86 87 27 95 4 33 59 29 60 4 24 4 33 81 76 11 24 61 42 24 66 52 31 12 28 76 5 37 58 93 65 46 36 65 71 62 8 87 23 11 26 89 43 33 98 74 38 65 20 65 91 67 23 17 7 18 78 18 43 39 54 32 23 50 64 66 3 52 3 75 49 83 61 70 39 65 5 29 65 84 82 7 55 73 16 10 88 14 0 39 86 45 51 71 90 47 26 57 28 37 ]
[93 18 78 1 64 49 35 49 41 95 44 41 35 32 94 62 54 73 75 13 42 31 40 75 9 64 11 2 24 2 88 51 15 94 59 29 3 58 82 35 38 39 35 3 62 58 37 48 55 77 17 45 48 67 10 18 98 70 41 71 77 22 11 54 53 27 98 73 32 39 7 55 68 39 65 3 55 35 21 90 42 76 70 5 83 93 12 61 61 0 85 4 58 53 54 78 22 41 8 4 ]
[86 35 11 27 97 66 1 13 18 10 64 28 30 87 17 18 46 1 7 89 11 90 38 34 10 46 78 97 87 74 37 91 47 14 72 58 24 20 41 7 20 64 41 64 68 21 46 14 18 38 8 68 15 16 83 98 35 31 94 96 23 32 25 16 73 20 13 8 95 89 90 79 74 48 42 94 26 72 95 33 95 93 49 85 38 87 65 36 14 15 0 79 12 25 90 32 93 63 22 65 ]
[62 15 39 12 66 72 61 52 95 81 36 35 72 86 1 21 9 24 97 72 75 66 52 75 41 70 88 53 57 16 13 84 73 2 32 19 21 53 10 15 73 55 34 84 59 83 76 36 94 83 34 77 53 69 20 79 67 16 6 61 5 84 3 33 65 19 20 50 9 37 37 26 42 40 21 19 54 79 65 35 91 99 99 37 65 13 86 24 55 96 21 0 48 5 39 98 47 32 94 54 ]
[6 62 4 54 35 12 1 81 54 97 5 35 20 22 97 88 86 22 42 73 61 78 84 95 70 14 39 64 87 78 100 40 28 41 41 44 14 73 37 22 49 25 64 47 1 76 49 1 16 80 5 71 32 19 83 14 59 75 96 15 57 1 68 85 2 18 7 27 58 29 86 25 91 1 60 16 3 91 87 90 25 23 65 36 9 14 58 27 49 42 88 52 0 12 88 19 93 96 89 86 ]
[25 87 62 94 87 87 93 74 72 97 55 39 57 27 84 78 3 92 29 9 29 23 93 82 27 20 95 25 51 76 33 10 63 40 7 28 4 43 45 67 40 49 42 72 43 33 97 81 82 64 4 87 22 9 19 36 53 78 21 97 54 92 57 28 46 64 49 56 76 58 46 69 22 8 24 39 67 43 90 5 5 27 94 1 18 52 40 71 29 47 75 95 88 0 42 57 10 51 88 24 ]
[46 70 52 77 47 99 89 76 76 77 32 53 81 79 76 88 89 7 97 94 92 22 7 57 58 18 54 27 75 18 30 63 77 29 23 81 10 2 80 91 72 81 34 2 39 58 10 35 89 87 98 59 21 66 68 87 68 22 25 51 60 64 100 78 37 64 61 45 82 15 39 7 44 21 47 85 7 67 15 87 41 98 58 65 37 64 52 77 10 46 10 61 12 58 0 4 70 87 60 56 ]
[75 69 22 21 33 42 71 99 19 43 7 1 72 32 85 90 64 58 12 14 95 14 12 86 14 31 10 67 46 60 71 82 82 90 37 54 48 22 11 76 54 96 42 57 8 65 81 88 45 69 36 82 52 94 69 1 93 11 41 88 9 77 94 53 63 25 88 98 10 5 36 14 72 63 96 38 58 83 92 34 19 99 98 62 67 83 18 87 53 22 68 2 81 43 96 0 88 31 21 53 ]
[8 72 14 23 61 27 19 4 18 49 82 26 21 99 52 47 30 70 69 52 47 74 92 53 18 11 98 72 38 68 35 49 55 2 15 65 98 51 46 49 58 47 32 26 12 74 87 34 43 96 73 55 95 76 63 97 16 84 27 32 43 38 67 65 46 74 35 87 12 14 50 18 28 99 100 35 26 89 83 71 24 95 8 93 60 17 4 20 74 78 7 53 7 90 30 12 0 61 8 49 ]
[4 9 91 63 57 63 93 46 77 46 30 55 61 11 5 50 65 97 77 13 16 84 66 21 74 76 65 68 98 80 62 75 92 62 25 33 66 76 66 40 34 29 15 21 35 66 58 97 16 39 56 73 30 79 5 90 35 13 46 37 89 22 61 85 61 76 9 36 71 85 82 87 84 5 52 2 50 70 49 57 80 27 86 69 16 88 84 19 43 59 37 68 4 49 13 69 39 0 96 92 ]
[90 86 62 89 74 72 41 32 13 72 54 7 14 80 91 14 3 23 46 23 80 97 45 97 16 91 98 7 5 76 13 84 58 15 82 69 98 11 14 87 19 74 30 68 95 99 67 99 99 96 22 68 41 94 31 95 27 5 79 39 33 14 41 2 34 47 32 22 44 32 1 86 16 95 39 80 87 97 9 98 41 7 47 3 73 39 22 16 72 92 78 6 11 12 40 79 92 4 0 41 ]
[8 67 100 48 13 43 27 60 12 87 18 69 26 16 94 68 84 100 57 31 93 31 16 33 13 64 84 47 3 17 17 57 60 53 86 17 64 53 16 15 45 50 50 87 76 58 94 25 33 13 50 59 96 90 51 10 87 29 15 38 39 65 95 33 9 61 83 24 99 35 35 90 62 12 13 80 53 72 69 69 53 28 93 28 99 45 8 49 63 96 35 46 14 76 44 47 51 8 59 0 ]
];
