nbGenes = 40;
preference = [[0 39 29 31 20 61 86 46 26 89 7 87 78 48 61 95 58 14 56 50 12 48 68 14 96 81 74 40 47 11 36 63 93 75 74 31 69 90 93 40 ]
[61 0 70 52 51 93 72 7 95 65 63 30 14 64 78 94 79 9 72 27 32 35 67 80 13 50 46 69 41 43 98 81 42 19 49 41 82 7 23 84 ]
[71 30 0 47 16 1 23 32 41 60 32 71 85 59 50 23 97 86 9 59 80 9 55 7 91 58 4 60 53 12 35 75 44 51 0 55 11 32 61 90 ]
[69 48 53 0 5 83 13 16 93 30 13 57 65 57 46 15 94 48 60 82 64 73 28 69 33 77 80 39 72 53 56 51 85 17 69 83 59 11 47 99 ]
[80 49 84 95 0 86 38 97 45 99 61 47 29 12 82 11 87 21 29 75 97 55 41 75 10 7 71 57 23 52 55 64 41 92 66 37 27 10 39 40 ]
[39 7 99 17 14 0 44 22 75 3 76 28 45 92 79 6 62 92 14 83 92 17 54 47 35 5 13 60 24 9 69 13 57 81 36 91 31 19 70 46 ]
[14 28 77 87 62 56 0 51 30 60 1 54 10 11 51 97 56 87 69 65 33 31 77 43 62 52 24 77 64 80 81 59 4 84 97 57 7 31 58 80 ]
[54 93 68 84 3 78 49 0 8 26 85 63 58 25 90 92 35 30 39 48 16 41 99 26 70 95 89 71 11 70 81 18 27 43 4 52 84 73 88 62 ]
[74 5 59 7 55 25 70 92 0 25 17 82 74 22 65 35 0 63 13 8 42 57 87 31 35 99 28 56 68 87 60 24 46 88 16 97 33 81 77 81 ]
[11 35 40 70 1 97 40 74 75 0 25 3 19 56 45 36 86 48 26 80 68 54 63 38 41 93 84 77 74 76 96 94 88 57 13 0 33 6 73 85 ]
[93 37 68 87 39 24 99 15 83 75 0 59 85 30 15 25 78 70 31 21 3 43 86 26 15 76 75 71 77 62 51 59 3 48 47 72 17 69 80 45 ]
[13 70 29 43 53 72 46 37 18 97 41 0 31 13 13 93 29 12 53 56 52 5 15 90 67 90 6 91 66 71 83 3 22 49 78 14 52 35 4 67 ]
[22 86 15 35 71 55 90 42 26 81 15 69 0 34 50 79 90 34 68 18 52 72 36 91 16 4 61 35 62 37 40 82 34 2 88 0 81 49 3 10 ]
[52 36 41 43 88 8 89 75 78 44 70 87 66 0 79 51 79 17 68 12 1 14 46 73 73 61 15 60 36 24 5 2 69 13 55 40 68 72 34 52 ]
[39 22 50 54 18 21 49 10 35 55 85 87 50 21 0 96 78 10 52 9 37 93 31 64 77 73 73 19 64 56 48 32 69 41 12 65 94 19 82 68 ]
[5 6 77 85 89 94 3 8 65 64 75 7 21 49 4 0 60 89 40 67 34 87 63 13 81 60 44 94 74 83 67 62 20 31 23 77 18 71 5 13 ]
[42 21 3 6 13 38 44 65 100 14 22 71 10 21 22 40 0 40 72 61 41 95 54 64 14 87 39 20 67 6 63 76 92 63 85 21 93 3 0 62 ]
[86 91 14 52 79 8 13 70 37 52 30 88 66 83 90 11 60 0 64 0 12 52 64 51 67 54 34 19 81 12 94 59 76 58 97 42 93 92 35 50 ]
[44 28 91 40 71 86 31 61 87 74 69 47 32 32 48 60 28 36 0 17 53 40 43 33 63 49 77 34 96 78 5 28 32 63 74 60 84 0 26 67 ]
[50 73 41 18 25 17 35 52 92 20 79 44 82 88 91 33 39 100 83 0 34 2 8 72 15 5 15 24 92 52 0 58 23 91 36 99 34 9 1 52 ]
[88 68 20 36 3 8 67 84 58 32 97 48 48 99 63 66 59 88 47 66 0 91 71 70 68 25 34 79 45 42 77 77 56 55 72 65 71 79 9 93 ]
[52 65 91 27 45 83 69 59 43 46 57 95 28 86 7 13 5 48 60 98 9 0 4 99 12 53 78 78 84 75 9 64 69 28 2 34 64 64 71 95 ]
[32 33 45 72 59 46 23 1 13 37 14 85 64 54 69 37 46 36 57 92 29 96 0 30 93 39 55 87 58 16 85 34 23 27 8 12 82 7 23 56 ]
[86 20 93 31 25 53 57 74 69 62 74 10 9 27 36 87 36 49 67 28 30 1 70 0 19 73 82 82 49 92 55 13 62 99 29 14 13 0 16 67 ]
[4 87 9 67 90 65 38 30 65 59 85 33 84 27 23 19 86 33 37 85 32 88 7 81 0 12 1 6 7 26 90 23 50 55 48 10 42 33 60 37 ]
[19 50 42 23 93 95 48 5 1 7 24 10 96 39 27 40 13 46 51 95 75 47 61 27 88 0 19 62 48 58 76 18 2 1 95 36 56 2 30 26 ]
[26 54 96 20 29 87 76 11 72 16 25 94 39 85 27 56 61 66 23 85 66 22 45 18 99 81 0 68 98 67 83 80 6 35 93 90 32 55 69 97 ]
[60 31 40 61 43 40 23 29 44 23 29 9 65 40 81 6 80 81 66 76 21 22 13 18 94 38 32 0 45 4 70 60 75 46 12 8 62 36 78 36 ]
[53 59 47 28 77 76 36 89 32 26 23 34 38 64 36 26 33 19 4 8 55 16 42 51 93 52 2 55 0 61 35 56 20 99 48 2 3 93 79 11 ]
[89 57 88 47 48 91 20 30 13 24 38 29 63 76 44 17 94 88 22 48 58 25 84 8 74 42 33 96 39 0 40 60 61 50 40 94 60 39 25 8 ]
[64 2 65 44 45 31 19 19 40 4 49 17 60 95 52 33 37 6 95 100 23 91 15 45 10 24 17 30 65 60 0 66 82 50 66 72 22 13 74 24 ]
[37 19 25 49 36 87 41 82 76 6 41 97 18 98 68 38 24 41 72 42 23 36 66 87 77 82 20 40 44 40 34 0 91 76 3 51 75 34 78 26 ]
[7 58 56 15 59 43 96 73 54 12 97 78 66 31 31 80 8 24 68 77 44 31 77 38 50 98 94 25 80 39 18 9 0 79 59 22 40 89 4 53 ]
[25 81 49 83 8 19 16 57 12 43 52 51 98 87 59 69 37 42 37 9 45 72 73 1 45 99 65 54 1 50 50 24 21 0 24 42 1 5 7 77 ]
[26 51 100 31 34 64 3 96 84 87 53 22 12 45 88 77 15 3 26 64 28 98 92 71 52 5 7 88 52 60 34 97 41 76 0 55 94 22 32 14 ]
[69 59 45 17 63 9 43 48 3 100 28 86 100 60 35 23 79 58 40 1 35 66 88 86 90 64 10 92 98 6 28 49 78 58 45 0 68 78 95 93 ]
[31 18 89 41 73 69 93 16 67 67 83 48 19 32 6 82 7 7 16 66 29 36 18 87 58 44 68 38 97 40 78 25 60 99 6 32 0 95 87 24 ]
[10 93 68 89 90 81 69 27 19 94 31 65 51 28 81 29 97 8 100 91 21 36 93 100 67 98 45 64 7 61 87 66 11 95 78 22 5 0 15 36 ]
[7 77 39 53 61 30 42 12 23 27 20 96 97 66 18 95 100 65 74 99 91 29 77 84 40 70 31 22 21 75 26 22 96 93 68 5 13 85 0 2 ]
[60 16 10 1 60 54 20 38 19 15 55 33 90 48 32 87 38 50 33 48 7 5 44 33 63 74 3 64 89 92 76 74 47 23 86 7 76 64 98 0 ]
];
