nbGenes = 50;
preference = [[0 50 46 11 97 91 34 18 47 75 43 48 75 55 78 94 82 59 52 34 89 55 24 45 95 36 51 73 17 2 84 87 29 31 50 86 3 51 42 49 62 52 21 99 25 96 51 11 33 0 ]
[50 0 85 99 28 79 71 3 47 35 43 68 6 80 20 40 43 46 27 13 86 51 46 91 65 38 14 41 19 91 43 80 0 13 89 22 62 11 91 77 50 32 21 3 34 65 92 22 30 37 ]
[54 15 0 64 45 58 13 22 3 38 88 78 7 52 65 17 88 89 94 19 75 65 66 1 64 99 36 46 91 8 83 95 80 11 89 90 12 68 32 10 20 10 59 60 54 82 61 64 26 84 ]
[89 1 36 0 93 3 34 32 88 4 67 99 96 7 68 41 19 80 75 98 29 38 22 45 18 56 16 40 69 42 76 23 54 61 92 10 19 82 42 76 39 90 80 89 96 62 5 9 49 28 ]
[3 72 55 7 0 25 26 52 49 95 89 63 99 19 91 52 17 32 93 24 68 57 17 71 23 15 63 3 35 35 22 50 49 77 79 83 17 77 70 46 38 37 87 32 72 36 11 12 91 24 ]
[9 21 42 97 75 0 53 7 77 18 71 19 56 57 38 53 89 31 56 30 64 33 97 66 56 70 75 99 16 11 74 0 75 64 5 46 94 99 19 22 51 65 81 84 7 8 36 81 3 29 ]
[66 29 87 66 74 47 0 22 44 75 92 91 15 21 77 34 76 70 45 55 27 35 40 68 67 97 73 20 5 51 53 99 8 64 31 35 8 21 7 56 72 88 50 18 56 99 55 87 53 47 ]
[82 97 78 68 48 93 78 0 83 35 46 44 88 76 64 31 58 21 13 76 94 30 30 52 15 7 85 46 73 35 32 45 86 45 19 30 10 56 96 96 69 37 55 62 16 49 20 78 18 41 ]
[53 53 97 12 51 23 56 17 0 24 13 99 20 10 9 82 89 35 52 15 76 45 76 49 86 52 86 48 22 58 85 39 93 3 8 99 99 95 26 63 93 70 67 31 33 72 18 26 84 53 ]
[25 65 62 96 5 82 25 65 76 0 49 38 77 57 95 88 55 59 79 85 73 84 15 31 52 85 15 78 37 31 97 30 71 41 69 97 96 67 83 83 47 89 30 86 46 83 6 8 92 26 ]
[57 57 12 33 11 29 8 54 87 51 0 88 14 89 23 6 18 2 94 98 3 19 59 35 91 54 65 62 38 97 60 65 78 59 68 61 52 67 34 88 97 70 63 97 44 54 56 35 86 68 ]
[52 32 22 1 37 81 9 56 1 62 12 0 36 79 41 25 15 52 28 70 53 65 67 90 73 12 27 98 72 20 30 7 41 43 37 58 37 73 64 18 46 1 13 36 27 92 89 95 6 89 ]
[25 94 93 4 1 44 85 12 80 23 86 64 0 90 66 84 95 26 52 21 27 93 10 8 88 36 7 63 31 16 25 69 64 0 26 86 61 21 8 83 41 97 86 52 30 22 2 83 56 1 ]
[45 20 48 93 81 43 79 24 90 43 11 21 10 0 13 44 32 81 77 87 98 62 8 72 37 55 15 12 79 54 58 80 40 58 14 24 11 4 79 44 93 28 42 27 25 26 37 37 93 56 ]
[22 80 35 32 9 62 23 36 91 5 77 59 34 87 0 1 55 69 11 38 57 56 48 18 62 16 16 38 47 81 72 47 83 65 90 33 27 15 39 54 55 75 18 32 1 24 71 64 88 68 ]
[6 60 83 59 48 47 66 69 18 12 94 75 16 56 99 0 27 56 28 88 31 16 93 68 12 5 76 40 40 47 86 73 90 71 25 45 9 31 80 40 24 1 35 28 47 37 52 48 33 59 ]
[18 57 12 81 83 11 24 42 11 45 82 85 5 68 45 73 0 15 82 41 61 41 93 33 17 68 38 98 18 79 57 33 57 8 52 5 98 93 22 71 44 31 42 37 62 19 59 47 33 48 ]
[41 54 11 20 68 69 30 79 65 41 98 48 74 19 31 44 85 0 39 81 4 75 32 4 78 87 25 98 21 23 79 18 3 57 37 30 37 23 78 81 62 48 15 72 20 52 18 9 78 97 ]
[48 73 6 25 7 44 55 87 48 21 6 72 48 23 89 72 18 61 0 89 24 1 8 15 36 8 28 95 65 50 13 28 20 5 81 41 2 0 55 18 93 52 31 55 1 50 43 17 0 42 ]
[66 87 81 2 76 70 45 24 85 15 2 30 79 13 62 12 59 19 11 0 52 0 21 24 28 90 17 31 98 68 24 87 45 33 75 34 4 99 11 89 24 15 43 39 31 22 85 40 70 52 ]
[11 14 25 71 32 36 73 6 24 27 97 47 73 2 43 69 39 96 76 48 0 27 68 55 79 9 27 60 72 79 20 11 80 66 6 4 51 3 94 59 20 76 1 36 33 30 78 67 90 44 ]
[45 49 35 62 43 67 65 70 55 16 81 35 7 38 44 84 59 25 99 100 73 0 80 80 95 14 35 6 89 63 57 85 19 10 94 50 67 36 69 47 30 44 27 25 64 86 24 73 38 88 ]
[76 54 34 78 83 3 60 70 24 85 41 33 90 92 52 7 7 68 92 79 32 20 0 24 21 16 66 48 86 4 45 33 99 46 84 39 55 55 83 42 39 34 66 25 79 73 78 18 43 93 ]
[55 9 99 55 29 34 32 48 51 69 65 10 92 28 82 32 67 96 85 76 45 20 76 0 85 25 52 72 48 66 21 0 73 20 83 74 84 42 56 32 88 11 5 77 31 92 90 92 42 88 ]
[5 35 36 82 77 44 33 85 14 48 9 27 12 63 38 88 83 22 64 72 21 5 79 15 0 80 85 17 50 44 68 99 85 48 24 82 89 45 87 55 86 52 32 40 62 45 1 42 91 86 ]
[64 62 1 44 85 30 3 93 48 15 46 88 64 45 84 95 32 13 92 10 91 86 84 75 20 0 92 91 75 43 26 78 5 58 69 50 3 57 67 59 20 50 48 64 29 64 39 20 59 69 ]
[49 86 64 84 37 25 27 15 14 85 35 73 93 85 84 24 62 75 72 83 73 65 34 48 15 8 0 19 27 28 12 65 45 59 36 82 49 9 9 94 55 71 3 65 94 80 53 71 76 68 ]
[27 59 54 60 97 1 80 54 52 22 38 2 37 88 62 60 2 2 5 69 40 94 52 28 83 9 81 0 70 89 4 4 1 70 55 25 26 98 38 8 79 63 7 94 85 71 52 16 55 18 ]
[83 81 9 31 65 84 95 27 78 63 62 28 69 21 53 60 82 79 35 2 28 11 14 52 50 25 73 30 0 90 87 55 17 96 34 14 78 78 89 86 34 10 23 66 77 6 29 84 56 11 ]
[98 9 92 58 65 89 49 65 42 69 3 80 84 46 19 53 21 77 50 32 21 37 96 34 56 57 72 11 10 0 6 40 20 16 88 16 53 92 12 95 25 10 9 20 31 46 57 26 49 91 ]
[16 57 17 24 78 26 47 68 15 3 40 70 75 42 28 14 43 21 87 76 80 43 55 79 32 74 88 96 13 94 0 19 61 7 79 81 13 64 28 66 12 45 45 45 26 17 8 9 45 63 ]
[13 20 5 77 50 100 1 55 61 70 35 93 31 20 53 27 67 82 72 13 89 15 67 100 1 22 35 96 45 60 81 0 61 75 54 3 28 86 81 77 30 66 88 65 43 37 54 45 1 5 ]
[71 100 20 46 51 25 92 14 7 29 22 59 36 60 17 10 43 97 80 55 20 81 1 27 15 95 55 99 83 80 39 39 0 0 54 4 11 63 35 78 58 62 27 29 44 49 73 13 72 29 ]
[69 87 89 39 23 36 36 55 97 59 41 57 100 42 35 29 92 43 95 67 34 90 54 80 52 42 41 30 4 84 93 25 100 0 90 72 88 35 73 68 24 84 15 93 80 80 95 6 97 74 ]
[50 11 11 8 21 95 69 81 92 31 32 63 74 86 10 75 48 63 19 25 94 6 16 17 76 31 64 45 66 12 21 46 46 10 0 15 70 54 60 21 0 84 72 74 49 50 1 27 95 94 ]
[14 78 10 90 17 54 65 70 1 3 39 42 14 76 67 55 95 70 59 66 96 50 61 26 18 50 18 75 86 84 19 97 96 28 85 0 48 81 39 69 17 83 61 32 59 82 88 63 7 42 ]
[97 38 88 81 83 6 92 90 1 4 48 63 39 89 73 91 2 63 98 96 49 33 45 16 11 97 51 74 22 47 87 72 89 12 30 52 0 48 33 16 53 97 48 4 14 32 72 19 84 94 ]
[49 89 32 18 23 1 79 44 5 33 33 27 79 96 85 69 7 77 100 1 97 64 45 58 55 43 91 2 22 8 36 14 37 65 46 19 52 0 1 98 84 93 77 9 37 18 26 47 40 49 ]
[58 9 68 58 30 81 93 4 74 17 66 36 92 21 61 20 78 22 45 89 6 31 17 44 13 33 91 62 11 88 72 19 65 27 40 61 67 99 0 73 88 37 96 22 46 78 22 80 32 7 ]
[51 23 90 24 54 78 44 4 37 17 12 82 17 56 46 60 29 19 82 11 41 53 58 68 45 41 6 92 14 5 34 23 22 32 79 31 84 2 27 0 74 4 13 37 38 88 24 21 8 3 ]
[38 50 80 61 62 49 28 31 7 53 3 54 59 7 45 76 56 38 7 76 80 70 61 12 14 80 45 21 66 75 88 70 42 76 100 83 47 16 12 26 0 71 16 91 57 39 56 76 20 96 ]
[48 68 90 10 63 35 12 63 30 11 30 99 3 72 25 99 69 52 48 85 24 56 66 89 48 50 29 37 90 90 55 34 38 16 16 17 3 7 63 96 29 0 78 11 71 70 47 51 58 51 ]
[79 79 41 20 13 19 50 45 33 70 37 87 14 58 82 65 58 85 69 57 99 73 34 95 68 52 97 93 77 91 55 12 73 85 28 39 52 23 4 87 84 22 0 87 59 69 40 66 70 98 ]
[1 97 40 11 68 16 82 38 69 14 3 64 48 73 68 72 63 28 45 61 64 75 75 23 60 36 35 6 34 80 55 35 71 7 26 68 96 91 78 63 9 89 13 0 86 36 33 23 61 51 ]
[75 66 46 4 28 93 44 84 67 54 56 73 70 75 99 53 38 80 99 69 67 36 21 69 38 71 6 15 23 69 74 57 56 20 51 41 86 63 54 62 43 29 41 14 0 23 85 86 40 81 ]
[4 35 18 38 64 92 1 51 28 17 46 8 78 74 76 63 81 48 50 78 70 14 27 8 55 36 20 29 94 54 83 63 51 20 50 18 68 82 22 12 61 30 31 64 77 0 23 0 63 53 ]
[49 8 39 95 89 64 45 80 82 94 44 11 98 63 29 48 41 82 57 15 22 76 22 10 99 61 47 48 71 43 92 46 27 5 99 12 28 74 78 76 44 53 60 67 15 77 0 68 31 81 ]
[89 78 36 91 88 19 13 22 74 92 65 5 17 63 36 52 53 91 83 60 33 27 82 8 58 80 29 84 16 74 91 55 87 94 73 37 81 53 20 79 24 49 34 77 14 100 32 0 58 90 ]
[67 70 74 51 9 97 47 82 16 8 14 94 44 7 12 67 67 22 100 30 10 62 57 58 9 41 24 45 44 51 55 99 28 3 5 93 16 60 68 92 80 42 30 39 60 37 69 42 0 49 ]
[100 63 16 72 76 71 53 59 47 74 32 11 99 44 32 41 52 3 58 48 56 12 7 12 14 31 32 82 89 9 37 95 71 26 6 58 6 51 93 97 4 49 2 49 19 47 19 10 51 0 ]
];
