nbGenes = 40;
preference = [[0 81 31 71 12 55 80 67 36 33 83 55 74 9 85 84 13 68 8 46 89 35 6 86 76 1 64 17 35 6 29 44 73 20 10 68 21 15 79 64 ]
[19 0 73 60 2 57 31 40 39 51 77 80 57 77 40 9 15 66 54 74 59 49 5 6 23 24 20 69 72 45 49 24 82 60 37 93 80 76 7 72 ]
[69 27 0 84 81 42 17 18 50 62 57 81 73 98 7 84 48 63 19 50 0 42 37 25 29 13 91 29 72 97 97 27 99 32 11 37 98 0 38 46 ]
[29 40 16 0 90 9 90 84 76 79 45 15 38 82 55 50 17 62 73 67 1 41 84 1 35 78 54 26 52 11 57 9 95 10 99 22 66 82 96 45 ]
[88 98 19 10 0 49 82 45 20 16 9 96 52 86 23 51 7 96 77 55 88 34 90 1 8 55 90 57 91 29 98 90 95 22 27 20 78 27 10 65 ]
[45 43 58 91 51 0 12 86 99 85 38 24 61 28 57 11 95 86 56 1 35 5 87 39 37 35 37 86 80 8 28 10 47 28 57 7 19 43 23 94 ]
[20 69 83 10 18 88 0 14 41 28 84 55 22 65 91 0 52 63 59 5 98 82 20 37 12 87 1 52 25 65 78 60 14 55 50 63 52 79 40 43 ]
[33 60 82 16 55 14 86 0 43 13 62 27 6 41 52 82 24 32 87 60 81 60 36 65 61 14 21 65 5 74 44 80 4 44 28 35 96 42 34 96 ]
[64 61 50 24 80 1 59 57 0 15 44 6 49 59 46 31 26 17 74 5 59 10 77 44 78 93 3 44 4 75 59 60 35 12 2 8 43 85 12 21 ]
[67 49 38 21 84 15 72 87 85 0 75 59 42 88 41 35 16 19 44 15 71 46 23 8 63 30 36 0 2 91 83 47 30 2 58 70 54 91 23 17 ]
[17 23 43 55 91 62 16 38 56 25 0 61 75 2 24 68 53 98 9 84 90 73 70 8 66 8 27 16 23 45 50 40 97 81 48 17 79 20 61 98 ]
[45 20 19 85 4 76 45 73 94 41 39 0 8 42 35 52 25 13 98 11 73 3 8 98 15 21 70 15 96 20 96 3 83 33 72 74 65 43 20 26 ]
[26 43 27 62 48 39 78 94 51 58 25 92 0 58 66 57 44 36 18 77 64 45 67 84 84 14 49 95 52 88 92 97 96 42 82 83 50 77 22 76 ]
[91 23 2 18 14 72 35 59 41 12 98 58 42 0 46 25 76 40 76 38 59 70 1 35 71 3 45 99 66 29 1 12 60 37 0 53 2 44 24 15 ]
[15 60 93 45 77 43 9 48 54 59 76 65 34 54 0 97 89 36 56 62 88 25 95 17 38 87 70 20 68 31 32 18 79 1 91 98 15 40 64 34 ]
[16 91 16 50 49 89 100 18 69 65 32 48 43 75 3 0 47 68 25 14 97 85 77 99 73 60 55 82 99 98 51 18 25 68 40 91 28 13 62 88 ]
[87 85 52 83 93 5 48 76 74 84 47 75 56 24 11 53 0 94 69 71 76 25 10 38 37 27 53 18 1 67 97 62 58 24 33 67 33 60 50 51 ]
[32 34 37 38 4 14 37 68 83 81 2 87 64 60 64 32 6 0 10 96 93 57 95 73 96 81 39 98 71 2 64 60 19 65 59 97 99 36 18 6 ]
[92 46 81 27 23 44 41 13 26 56 91 2 82 24 44 75 31 90 0 57 73 70 18 66 37 96 74 50 67 12 23 24 65 28 8 21 28 16 84 39 ]
[54 26 50 33 45 99 95 40 95 85 16 89 23 62 38 86 29 4 43 0 48 71 85 35 33 9 28 79 18 60 26 87 9 55 23 61 87 13 32 90 ]
[11 41 100 99 12 65 2 19 41 29 10 27 36 41 12 3 24 7 27 52 0 27 41 31 8 2 41 95 52 95 10 9 43 31 81 44 6 49 70 85 ]
[65 51 58 59 66 95 18 40 90 54 27 97 55 30 75 15 75 43 30 29 73 0 12 1 76 56 20 26 72 60 15 68 53 26 99 10 81 93 65 66 ]
[94 95 63 16 10 13 80 64 23 77 30 92 33 99 5 23 90 5 82 15 59 88 0 57 33 15 15 77 69 44 45 3 96 58 27 59 3 14 42 87 ]
[14 94 75 99 99 61 63 35 56 92 92 2 16 65 83 1 62 27 34 65 69 99 43 0 95 57 48 3 2 50 96 6 57 51 76 53 80 4 63 79 ]
[24 77 71 65 92 63 88 39 22 37 34 85 16 29 62 27 63 4 63 67 92 24 67 5 0 0 68 88 80 98 11 28 1 85 56 74 99 80 7 44 ]
[99 76 87 22 45 65 13 86 7 70 92 79 86 97 13 40 73 19 4 91 98 44 85 43 100 0 70 42 97 63 63 41 28 64 1 93 93 47 68 89 ]
[36 80 9 46 10 63 99 79 97 64 73 30 51 55 30 45 47 61 26 72 59 80 85 52 32 30 0 34 25 81 80 96 91 87 1 75 46 93 99 45 ]
[83 31 71 74 43 14 48 35 56 100 84 85 5 1 80 18 82 2 50 21 5 74 23 97 12 58 66 0 17 74 66 63 3 51 65 8 65 77 36 56 ]
[65 28 28 48 9 20 75 95 96 98 77 4 48 34 32 1 99 29 33 82 48 28 31 98 20 3 75 83 0 34 34 91 53 1 82 34 41 69 80 16 ]
[94 55 3 89 71 92 35 26 25 9 55 80 12 71 69 2 33 98 88 40 5 40 56 50 2 37 19 26 66 0 84 91 62 77 51 1 55 0 66 57 ]
[71 51 3 43 2 72 22 56 41 17 50 4 8 99 68 49 3 36 77 74 90 85 55 4 89 37 20 34 66 16 0 60 17 70 37 87 26 2 95 96 ]
[56 76 73 91 10 90 40 20 40 53 60 97 3 88 82 82 38 40 76 13 91 32 97 94 72 59 4 37 9 9 40 0 59 3 95 46 79 50 15 1 ]
[27 18 1 5 5 53 86 96 65 70 3 17 4 40 21 75 42 81 35 91 57 47 4 43 99 72 9 97 47 38 83 41 0 50 11 72 32 42 65 57 ]
[80 40 68 90 78 72 45 56 88 98 19 67 58 63 99 32 76 35 72 45 69 74 42 49 15 36 13 49 99 23 30 97 50 0 24 75 86 19 57 22 ]
[90 63 89 1 73 43 50 72 98 42 52 28 18 100 9 60 67 41 92 77 19 1 73 24 44 99 99 35 18 49 63 5 89 76 0 80 89 60 3 25 ]
[32 7 63 78 80 93 37 65 92 30 83 26 17 47 2 9 33 3 79 39 56 90 41 47 26 7 25 92 66 99 13 54 28 25 20 0 30 4 79 38 ]
[79 20 2 34 22 81 48 4 57 46 21 35 50 98 85 72 67 1 72 13 94 19 97 20 1 7 54 35 59 45 74 21 68 14 11 70 0 19 4 72 ]
[85 24 100 18 73 57 21 58 15 9 80 57 23 56 60 87 40 64 84 87 51 7 86 96 20 53 7 23 31 100 98 50 58 81 40 96 81 0 70 49 ]
[21 93 62 4 90 77 60 66 88 77 39 80 78 76 36 38 50 82 16 68 30 35 58 37 93 32 1 64 20 34 5 85 35 43 97 21 96 30 0 37 ]
[36 28 54 55 35 6 57 4 79 83 2 74 24 85 66 12 49 94 61 10 15 34 13 21 56 11 55 44 84 43 4 99 43 78 75 62 28 51 63 0 ]
];
