nbGenes = 100;
preference = [[0 30 63 37 45 62 21 27 99 7 24 31 27 48 28 59 60 40 73 52 15 77 62 52 42 76 21 61 35 15 9 67 36 53 31 30 62 92 92 72 18 17 17 75 27 42 76 68 88 70 22 82 4 59 58 36 9 71 7 8 25 34 8 97 17 19 55 92 2 10 55 94 39 92 88 13 11 95 63 56 92 25 23 22 16 5 75 26 36 7 44 29 40 22 38 43 16 0 64 43 ]
[70 0 6 87 38 5 66 42 76 94 83 43 10 83 76 68 33 20 16 50 54 81 14 44 71 71 36 59 51 95 2 88 2 35 59 46 36 82 25 69 97 18 98 61 83 65 95 4 54 2 59 60 38 47 22 7 43 31 46 29 37 95 33 19 39 91 35 74 14 22 82 90 84 71 79 32 72 21 89 47 71 54 5 90 25 7 18 22 99 56 1 75 92 28 85 10 85 73 75 7 ]
[37 94 0 23 69 41 68 83 60 32 61 90 76 83 19 56 10 96 6 90 97 40 41 28 41 77 27 96 46 57 22 8 67 38 40 27 37 21 47 23 14 70 4 91 62 34 28 36 86 93 40 97 62 74 32 78 46 56 26 21 62 83 0 61 84 58 40 49 73 13 38 78 49 50 33 2 20 90 41 5 77 82 29 91 78 35 59 81 91 35 4 69 55 50 66 41 58 13 55 18 ]
[63 13 77 0 25 31 6 66 48 98 23 16 65 17 97 85 70 51 62 87 24 4 83 78 56 20 97 32 59 1 23 34 88 56 11 36 72 75 26 0 40 86 71 87 13 70 48 65 84 38 56 45 68 81 98 38 6 31 81 84 29 23 90 12 87 55 68 14 48 90 53 57 93 58 65 76 52 21 99 55 94 10 4 19 21 9 21 9 39 40 68 33 18 15 31 47 96 66 33 15 ]
[55 62 31 75 0 6 26 79 61 81 22 65 15 1 75 14 41 22 58 38 81 15 92 17 92 10 97 18 25 35 18 6 75 31 48 40 71 57 39 67 47 66 20 63 44 63 76 86 13 80 39 31 87 20 35 5 75 85 94 87 83 27 10 90 93 79 4 73 27 75 94 14 23 23 85 32 24 37 49 71 73 38 84 17 15 8 15 67 69 88 68 68 7 48 99 89 32 57 12 57 ]
[38 95 59 69 94 0 11 28 73 76 50 95 22 94 77 28 63 11 16 53 56 57 68 44 4 93 32 43 33 82 12 76 15 18 44 81 29 46 18 34 5 80 25 28 20 76 71 30 62 2 50 70 17 34 44 35 39 94 16 86 0 7 5 69 19 64 33 88 24 56 76 17 22 66 66 76 64 60 82 93 26 83 76 16 18 18 87 52 73 74 55 0 2 25 19 89 76 75 35 88 ]
[79 34 32 94 74 89 0 80 70 60 24 94 62 54 65 55 67 26 31 37 93 43 28 88 6 15 8 81 69 67 8 65 45 12 29 15 79 34 15 77 42 7 3 49 57 61 23 57 38 59 28 14 52 9 87 18 48 88 88 32 20 97 96 83 44 53 94 11 95 6 48 15 13 5 7 82 45 25 91 37 10 58 6 35 94 61 86 50 0 23 4 51 83 8 81 99 90 22 26 59 ]
[73 58 17 34 21 72 20 0 56 15 81 36 48 22 26 28 18 77 31 93 6 38 54 1 6 12 21 38 99 83 35 58 20 31 78 43 83 80 49 39 70 29 91 30 86 63 63 45 46 45 44 28 91 72 9 77 84 54 55 83 8 61 74 38 88 37 76 64 21 22 51 72 5 29 33 8 52 64 75 32 12 57 50 60 50 97 24 82 5 98 88 21 60 17 46 60 24 66 73 30 ]
[1 24 40 52 39 27 30 44 0 37 44 76 31 22 66 27 87 67 12 61 43 41 96 94 69 94 45 78 34 75 52 64 39 61 89 66 71 62 42 8 29 72 89 74 12 25 1 68 77 34 8 84 52 87 65 90 2 68 81 43 5 75 18 15 94 98 69 40 35 5 14 94 36 32 45 60 66 94 36 46 58 26 78 90 64 16 46 62 80 42 12 0 17 47 6 75 70 33 48 58 ]
[93 6 68 2 19 24 40 85 63 0 41 77 26 13 67 89 7 5 79 49 50 93 3 33 56 21 27 33 68 66 85 40 66 79 83 49 75 22 92 76 21 14 64 80 34 38 67 87 94 64 19 59 80 36 33 1 45 77 70 13 4 96 47 40 74 5 7 50 83 93 91 40 25 43 57 58 50 0 40 80 78 35 20 94 32 91 33 14 26 47 57 0 40 92 43 91 42 57 27 86 ]
[76 17 39 77 78 50 76 19 56 59 0 84 45 37 18 6 16 76 64 95 14 3 16 53 43 33 79 38 8 65 42 35 76 45 49 6 26 18 64 24 76 69 21 25 74 51 46 31 73 58 74 48 89 66 14 23 62 16 87 53 0 38 60 55 39 51 72 56 82 77 11 52 27 35 73 27 62 39 53 8 86 64 68 55 86 78 26 19 92 74 38 0 49 0 76 71 41 81 12 30 ]
[69 57 10 84 35 5 6 64 24 23 16 0 29 17 6 64 81 27 27 34 98 51 42 46 35 3 57 17 33 14 82 48 15 42 35 5 14 64 22 91 17 54 36 24 5 39 4 39 19 96 53 10 48 45 55 8 60 74 91 2 1 60 47 96 84 81 45 20 2 38 92 25 49 95 52 13 77 77 70 78 8 62 61 15 75 19 28 34 77 83 41 90 16 55 31 97 38 39 69 64 ]
[73 90 24 35 85 78 38 52 69 74 55 71 0 29 55 76 59 7 37 22 36 20 11 43 38 68 11 79 45 77 92 73 75 38 59 98 24 75 76 49 93 5 83 82 90 13 66 25 46 91 49 99 93 22 98 30 51 39 7 32 26 61 20 11 61 55 55 97 83 3 2 41 64 66 87 60 47 44 92 91 14 51 64 23 74 71 52 50 67 41 18 61 29 41 47 65 65 36 34 69 ]
[52 17 17 83 99 6 46 78 78 87 63 83 71 0 43 27 87 76 91 27 84 20 55 1 45 73 87 99 81 24 74 66 81 66 25 38 83 55 44 21 44 75 35 64 48 41 29 31 52 46 45 38 25 95 90 9 24 84 91 60 38 90 10 34 70 2 60 72 61 85 75 78 11 19 44 58 33 67 92 24 93 62 8 24 9 97 17 40 31 97 97 97 77 66 96 57 53 92 60 21 ]
[72 24 81 3 25 23 35 74 34 33 82 94 45 57 0 59 5 23 74 85 70 99 59 69 12 58 76 5 54 91 71 31 63 82 27 98 47 20 76 66 33 37 1 39 34 35 78 11 76 54 93 58 1 63 80 96 89 95 14 75 60 94 99 15 52 36 80 88 67 88 40 90 46 78 68 8 51 89 30 3 21 86 34 65 27 19 87 79 74 83 4 12 18 12 25 77 86 14 69 76 ]
[41 32 44 15 86 72 45 72 73 11 94 36 24 73 41 0 35 33 77 70 59 69 13 15 5 86 43 81 90 70 89 82 16 85 20 35 17 40 10 7 62 58 13 21 88 15 1 77 66 89 76 27 29 12 24 39 72 36 12 98 0 39 57 58 29 49 99 43 29 10 49 73 82 68 58 47 18 4 84 4 28 64 77 70 81 84 40 92 62 56 73 69 53 53 75 78 6 79 70 48 ]
[40 67 90 30 59 37 33 82 13 93 84 19 41 13 95 65 0 56 25 89 47 88 5 64 13 51 82 77 99 46 38 55 60 96 58 93 72 50 5 90 3 83 73 95 99 28 98 26 64 34 65 76 80 75 30 35 5 17 14 8 73 64 85 20 50 93 12 10 17 97 76 39 31 57 72 16 99 83 47 29 67 62 13 7 52 43 79 77 18 84 69 14 47 50 60 57 59 31 63 39 ]
[60 80 4 49 78 89 74 23 33 95 24 73 93 24 77 67 44 0 59 29 36 58 99 42 64 66 79 76 7 43 14 60 6 84 58 55 42 86 5 29 84 20 38 37 61 87 66 43 69 58 63 71 77 68 13 99 14 35 92 31 47 53 14 3 27 45 46 21 73 5 45 94 74 22 73 19 43 31 98 27 32 17 29 58 21 63 70 36 38 48 15 91 1 67 22 42 19 34 51 44 ]
[27 84 94 38 42 84 69 69 88 21 36 73 63 9 26 23 75 41 0 35 56 20 20 88 90 98 13 42 44 92 18 74 78 82 49 24 93 57 36 80 65 75 32 86 53 44 31 0 97 40 5 4 90 25 30 21 9 44 28 6 82 10 25 72 90 86 13 40 19 84 36 14 25 80 32 6 78 98 63 78 45 51 77 32 70 64 19 96 9 0 79 95 35 63 36 79 77 85 29 88 ]
[48 50 10 13 62 47 63 7 39 51 5 66 78 73 15 30 11 71 65 0 25 59 39 48 46 61 35 95 10 93 86 5 61 62 70 90 18 40 11 9 23 37 39 4 99 28 19 9 55 88 63 27 90 21 7 71 54 12 67 66 79 34 58 81 85 95 78 34 88 4 37 23 7 67 10 80 9 28 43 37 46 70 58 27 82 70 2 86 96 4 19 79 30 93 52 56 77 38 6 54 ]
[85 46 3 76 19 44 7 94 57 50 86 2 64 16 30 41 53 64 44 75 0 39 22 12 44 49 44 18 20 98 36 1 46 59 82 1 72 70 61 86 64 1 74 99 6 2 53 14 55 27 20 86 69 24 69 63 12 71 61 29 38 31 19 75 83 9 28 93 45 30 46 61 6 87 73 22 49 72 1 62 18 71 85 54 0 49 25 74 10 9 31 80 41 5 51 27 81 56 40 49 ]
[23 19 60 96 85 43 57 62 59 7 97 49 80 80 1 31 12 42 80 41 61 0 31 96 27 53 32 30 28 39 2 28 83 93 5 72 12 73 34 84 94 49 48 0 76 72 68 88 30 83 23 80 31 74 15 67 60 41 41 2 15 69 64 17 69 82 70 96 77 86 61 80 74 12 83 93 67 63 35 1 79 99 46 30 8 46 41 86 33 39 5 41 78 47 69 51 88 0 53 41 ]
[38 86 59 17 8 32 72 46 4 97 84 58 89 45 41 87 95 1 80 61 78 69 0 97 79 69 47 31 40 98 36 21 0 67 43 79 5 85 55 51 36 68 56 8 59 91 22 28 8 54 62 17 67 94 20 4 75 39 63 39 17 97 92 39 69 25 33 78 44 40 93 41 64 28 52 16 99 29 33 36 51 27 48 22 26 40 0 11 49 34 12 69 2 37 85 86 93 89 18 62 ]
[48 56 72 22 83 56 12 99 6 67 47 54 57 99 31 85 36 58 12 52 88 4 3 0 22 79 64 13 58 65 66 1 65 24 21 36 9 33 19 26 66 22 61 47 24 40 44 19 71 38 19 37 93 84 31 67 27 84 87 18 55 26 29 86 77 86 44 68 35 51 2 44 53 80 38 53 92 34 32 4 41 57 59 90 96 82 17 9 4 66 3 34 95 12 27 58 63 91 5 76 ]
[58 29 59 44 8 96 94 94 31 44 57 65 62 55 88 95 87 36 10 54 56 73 21 78 0 16 39 75 17 67 51 34 96 81 67 87 82 87 83 10 17 41 16 83 44 56 33 92 34 8 56 58 52 0 20 50 20 4 92 39 90 93 14 76 72 65 30 46 9 5 69 95 65 98 95 0 72 25 26 4 54 25 93 69 85 20 6 14 79 5 98 10 16 26 0 19 28 83 2 57 ]
[24 29 23 80 90 7 85 88 6 79 67 97 32 27 42 14 49 34 2 39 51 47 31 21 84 0 29 71 28 30 52 22 27 56 27 47 29 2 31 1 56 32 15 47 89 86 60 16 79 12 77 85 29 24 59 72 95 26 32 23 90 58 53 67 92 61 30 51 93 99 90 32 14 85 93 84 52 6 94 12 81 24 63 16 14 15 28 41 40 33 49 64 57 40 2 69 69 43 73 49 ]
[79 64 73 3 3 68 92 79 55 73 21 43 89 13 24 57 18 21 87 65 56 68 53 36 61 71 0 34 0 0 76 36 31 38 5 24 88 2 17 45 67 80 72 11 24 15 40 11 76 41 9 18 7 17 65 99 8 5 36 59 98 35 7 20 4 60 95 66 38 80 19 51 8 56 76 83 88 75 39 27 62 23 52 79 82 56 83 77 40 33 42 51 62 62 20 85 51 4 35 53 ]
[39 41 4 68 82 57 19 62 22 67 62 83 21 1 95 19 23 24 58 5 82 70 69 87 25 29 66 0 70 94 52 14 46 14 1 65 90 22 58 10 61 29 3 13 48 33 86 64 39 54 35 58 85 86 45 42 32 10 22 89 58 79 61 11 92 82 83 30 56 66 79 77 83 73 12 80 55 25 17 12 47 84 97 1 56 36 50 52 50 90 93 63 85 16 90 79 64 56 82 33 ]
[65 49 54 41 75 67 31 1 66 32 92 67 55 19 46 10 1 93 56 90 80 72 60 42 83 72 100 30 0 88 17 51 84 54 53 45 44 1 83 55 19 97 25 58 40 31 84 27 27 2 42 53 59 9 82 20 75 46 34 77 42 7 66 71 74 32 1 47 76 68 36 67 34 39 66 4 22 61 39 58 47 89 93 29 80 65 32 17 6 4 51 25 18 6 9 76 11 1 24 48 ]
[85 5 43 99 65 18 33 17 25 34 35 86 23 76 9 30 54 57 8 7 2 61 2 35 33 70 100 6 12 0 47 26 99 87 40 84 46 96 43 69 37 4 46 80 85 38 70 52 45 4 9 72 27 97 3 37 79 42 88 16 96 86 30 14 84 70 4 17 13 78 17 41 18 48 0 21 40 24 96 26 41 67 46 26 14 63 77 71 46 94 87 25 63 80 53 43 34 28 55 30 ]
[91 98 78 77 82 88 92 65 48 15 58 18 8 26 29 11 62 86 82 14 64 98 64 34 49 48 24 48 83 53 0 8 1 90 33 14 53 10 27 16 33 77 78 50 64 33 27 66 50 2 57 39 42 86 13 38 39 82 77 92 95 73 26 34 26 32 2 86 94 92 42 96 14 56 35 86 8 92 39 78 53 24 48 53 35 39 6 79 73 51 9 54 33 95 74 21 79 37 28 43 ]
[33 12 92 66 94 24 35 42 36 60 65 52 27 34 69 18 45 40 26 95 99 72 79 99 66 78 64 86 49 74 92 0 93 90 31 26 57 36 8 23 16 29 10 42 11 1 27 12 51 45 51 36 33 65 66 59 97 15 40 64 69 13 55 69 43 22 58 19 35 97 56 18 74 6 80 69 78 66 76 34 11 22 94 76 76 97 83 30 77 80 10 32 63 85 59 73 42 42 0 48 ]
[64 98 33 12 25 85 55 80 61 34 24 85 25 19 37 84 40 94 22 39 54 17 100 35 4 73 69 54 16 1 99 7 0 70 96 34 12 68 65 90 43 63 89 68 22 40 58 37 93 88 25 89 86 36 95 64 44 78 98 31 98 32 14 70 72 55 52 49 8 47 87 57 70 5 58 43 13 54 24 56 79 6 49 49 20 77 71 71 34 73 26 29 28 35 40 14 6 20 20 55 ]
[47 65 62 44 69 82 88 69 39 21 55 58 62 34 18 15 4 16 18 38 41 7 33 76 19 44 62 86 46 13 10 10 30 0 36 7 30 9 60 89 96 26 48 72 0 59 72 80 30 20 6 12 87 24 21 69 92 5 18 18 98 92 89 33 55 80 15 42 32 13 25 24 99 44 68 72 98 19 8 5 17 53 82 64 13 0 31 33 49 0 49 23 69 14 41 6 48 45 20 42 ]
[69 41 60 89 52 56 71 22 11 17 51 65 41 75 73 80 42 42 51 30 18 95 57 79 33 73 95 99 47 60 67 69 4 64 0 62 68 23 29 1 95 61 67 22 48 2 19 20 75 55 98 96 41 87 15 6 1 26 4 40 91 94 47 82 78 81 24 56 73 96 22 85 82 23 8 0 73 33 71 7 20 6 29 89 16 85 98 25 44 40 17 78 21 50 72 69 71 51 20 48 ]
[70 54 73 64 60 19 85 57 34 51 94 95 2 62 2 65 7 45 76 10 99 28 21 64 13 53 76 35 55 16 86 74 66 93 38 0 5 5 6 29 35 78 59 6 2 82 19 44 71 89 17 20 24 37 57 98 8 96 73 40 85 41 97 96 31 49 87 11 84 40 62 77 90 60 60 96 4 41 32 94 22 0 67 54 21 82 87 35 51 13 1 74 7 18 97 68 5 29 46 46 ]
[38 64 63 28 29 71 21 17 29 25 74 86 76 17 53 83 28 58 7 82 28 88 95 91 18 71 12 10 56 54 47 43 88 70 32 95 0 51 87 23 63 91 10 4 21 39 5 47 76 45 53 90 62 8 83 60 36 4 67 38 46 1 28 6 86 84 34 6 52 22 7 67 40 33 0 46 37 68 82 96 67 43 42 41 78 96 4 29 48 80 25 75 21 51 90 57 90 38 27 99 ]
[8 18 79 25 43 54 66 20 38 78 82 36 25 45 80 60 50 14 43 60 30 27 15 67 13 98 98 78 99 4 90 64 32 91 77 95 49 0 37 6 10 29 65 7 12 67 68 68 27 51 12 84 44 86 47 22 44 39 11 21 8 26 74 75 75 84 13 44 49 98 3 67 17 62 30 90 54 47 47 86 43 33 56 54 1 34 62 97 98 4 10 46 23 19 86 7 96 20 87 56 ]
[8 75 53 74 61 82 85 51 58 8 36 78 24 56 24 90 95 95 64 89 39 66 45 81 17 69 83 42 17 57 73 92 35 40 71 94 13 63 0 94 92 42 18 84 31 80 49 82 49 32 74 65 12 20 60 2 12 74 58 76 10 25 71 7 69 9 44 84 54 62 11 45 11 3 43 54 63 32 69 12 38 51 68 1 63 7 37 5 88 73 90 36 14 83 82 78 29 8 75 51 ]
[28 31 77 100 33 66 23 61 92 24 76 9 51 79 34 93 10 71 20 91 14 16 49 74 90 99 55 90 45 31 84 77 10 11 99 71 77 94 6 0 11 83 49 14 19 79 59 73 75 39 61 18 20 14 32 89 22 64 50 63 45 28 24 45 54 26 42 28 68 84 32 44 18 31 65 79 19 59 90 15 57 74 80 40 75 57 82 48 4 65 31 88 54 57 15 86 38 16 36 11 ]
[82 3 86 60 53 95 58 30 71 79 24 83 7 56 67 38 97 16 35 77 36 6 64 34 83 44 33 39 81 63 67 84 57 4 5 65 37 90 8 89 0 56 28 75 20 77 56 68 48 24 32 66 80 24 1 0 78 9 32 2 10 25 51 85 30 98 90 28 19 44 96 31 44 64 84 27 77 50 4 34 67 98 48 92 61 84 47 91 32 68 7 99 31 9 19 17 70 92 50 82 ]
[83 82 30 14 34 20 93 71 28 86 31 46 95 25 63 42 17 80 25 63 99 51 32 78 59 68 20 71 3 96 23 71 37 74 39 22 9 71 58 17 44 0 66 89 67 88 60 69 1 43 0 26 20 78 40 6 61 21 40 82 30 6 87 38 61 28 64 93 23 20 52 11 69 62 51 45 62 22 15 13 63 90 59 97 41 38 19 83 83 30 12 44 34 18 86 22 88 3 47 23 ]
[83 2 96 29 80 75 97 9 11 36 79 64 17 65 99 87 27 62 68 61 26 52 44 39 84 85 28 97 75 54 22 90 11 52 33 41 90 35 82 51 72 34 0 78 39 64 65 80 81 97 58 47 8 75 63 30 78 73 30 77 36 89 40 38 94 66 57 16 14 96 92 43 61 25 93 81 53 11 17 73 86 35 29 77 56 20 63 1 33 47 1 61 23 42 76 57 77 98 71 40 ]
[25 39 9 13 37 72 51 70 26 20 75 76 18 36 61 79 5 63 14 96 1 100 92 53 17 53 89 87 42 20 50 58 32 28 78 94 96 93 16 86 25 11 22 0 78 83 81 15 19 69 67 54 75 69 90 42 28 2 50 77 40 38 31 53 18 31 97 79 96 43 38 95 11 9 31 74 19 49 34 40 46 33 74 9 61 29 3 95 78 25 28 37 30 23 56 18 72 73 42 95 ]
[73 17 38 87 56 80 43 14 88 66 26 95 10 52 66 12 1 39 47 1 94 24 41 76 56 11 76 52 60 15 36 89 78 100 52 98 79 88 69 81 80 33 61 22 0 13 84 95 84 20 53 23 73 96 75 85 88 39 45 78 64 15 98 69 84 5 17 32 69 69 75 73 94 47 42 57 43 55 27 59 19 75 95 5 7 5 18 45 92 23 70 4 89 90 8 30 93 45 47 73 ]
[58 35 66 30 37 24 39 37 75 62 49 61 87 59 65 85 72 13 56 72 98 28 9 60 44 14 85 67 69 62 67 99 60 41 98 18 61 33 20 21 23 12 36 17 87 0 12 29 89 59 8 64 41 2 90 30 83 81 17 77 25 30 54 34 49 48 83 20 73 9 49 5 24 40 50 53 94 81 10 79 35 89 35 92 39 84 13 36 8 84 50 65 86 91 85 46 80 64 35 8 ]
[24 5 72 52 24 29 77 37 99 33 54 96 34 71 22 99 2 34 69 81 47 32 78 56 67 40 60 14 16 30 73 73 42 28 81 81 95 32 51 41 44 40 35 19 16 88 0 44 23 23 83 25 9 65 42 30 79 41 2 17 17 23 2 98 19 40 25 52 69 40 12 21 45 88 83 56 99 80 97 48 52 14 1 75 30 39 20 93 4 47 32 89 96 18 77 89 81 71 67 86 ]
[32 96 64 35 14 70 43 55 32 13 69 61 75 69 89 23 74 57 100 91 86 12 72 81 8 84 89 36 73 48 34 88 63 20 80 56 53 32 18 27 32 31 20 85 5 71 56 0 3 43 24 79 3 39 82 53 75 22 60 30 82 97 95 97 73 31 44 55 54 45 8 7 62 18 50 71 74 8 4 72 53 77 26 69 91 13 47 49 45 54 35 36 48 40 6 37 70 51 36 61 ]
[12 46 14 16 87 38 62 54 23 6 27 81 54 48 24 34 36 31 3 45 45 70 92 29 66 21 24 61 73 55 50 49 7 70 25 29 24 73 51 25 52 99 19 81 16 11 77 97 0 70 68 69 24 85 36 86 36 15 62 15 98 90 34 39 73 5 61 38 24 25 23 20 96 98 91 68 59 7 37 34 93 44 73 84 71 34 34 48 53 90 89 30 69 34 47 6 46 94 98 76 ]
[30 98 7 62 20 98 41 55 66 36 42 4 9 54 46 11 66 42 60 12 73 17 46 62 92 88 59 46 98 96 98 55 12 80 45 11 55 49 68 61 76 57 3 31 80 41 77 57 30 0 75 56 9 43 44 84 80 65 49 24 82 74 17 65 8 82 80 78 96 7 72 71 27 82 81 76 7 43 94 14 47 57 71 5 79 35 77 29 31 66 44 14 66 90 22 55 28 3 5 71 ]
[78 41 60 44 61 50 72 56 92 81 26 47 51 55 7 24 35 37 95 37 80 77 38 81 44 23 91 65 58 91 43 49 75 94 2 83 47 88 26 39 68 100 42 33 47 92 17 76 32 25 0 24 43 87 36 19 51 6 44 77 82 90 83 90 93 68 67 52 10 20 28 57 24 54 7 39 62 71 99 76 10 61 48 99 90 33 0 72 41 24 53 69 0 24 75 67 78 64 95 62 ]
[18 40 3 55 69 30 86 72 16 41 52 90 1 62 42 73 24 29 96 73 14 20 83 63 42 15 82 42 47 28 61 64 11 88 4 80 10 16 35 82 34 74 53 46 77 36 75 21 31 44 76 0 20 15 93 7 71 97 63 76 56 94 9 19 85 39 71 18 59 10 48 69 16 34 52 45 0 22 86 9 69 59 30 68 56 99 15 22 74 81 81 47 61 45 44 50 1 58 0 93 ]
[96 62 38 32 13 83 48 9 48 20 11 52 7 75 99 71 20 23 10 10 31 69 33 7 48 71 93 15 41 73 58 67 14 13 59 76 38 56 88 80 20 80 92 25 27 59 91 97 76 91 57 80 0 10 29 19 28 11 20 32 57 63 44 74 81 50 24 86 71 29 62 11 34 61 7 70 42 30 53 14 7 61 14 64 1 40 75 10 19 51 22 68 0 21 36 30 87 54 50 30 ]
[41 53 26 19 80 66 91 28 13 64 34 55 78 5 37 88 25 32 75 79 76 26 6 16 100 76 83 14 91 3 14 35 64 76 13 63 92 14 80 86 76 22 25 31 4 98 35 61 15 57 13 85 90 0 68 43 80 46 2 2 6 99 2 2 32 7 81 97 64 95 43 98 25 75 43 37 96 18 71 84 51 97 47 66 10 27 93 54 10 4 66 33 24 30 40 97 25 71 45 73 ]
[42 78 68 2 65 56 13 91 35 67 86 45 2 10 20 76 70 87 70 93 31 85 80 69 80 41 35 55 18 97 87 34 5 79 85 43 17 53 40 68 99 60 37 10 25 10 58 18 64 56 64 7 71 32 0 67 89 90 35 6 20 48 21 66 6 40 48 7 71 35 67 88 24 32 92 62 5 39 69 77 12 87 91 36 67 68 23 24 98 92 30 66 92 72 85 6 90 78 75 8 ]
[64 93 22 62 95 65 82 23 10 99 77 92 70 91 4 61 65 1 79 29 37 33 96 33 50 28 1 58 80 63 62 41 36 31 94 2 40 78 98 11 100 94 70 58 15 70 70 47 14 16 81 93 81 57 33 0 70 28 62 50 42 5 59 82 15 40 31 10 41 18 43 75 57 31 28 3 50 83 37 14 3 80 78 18 55 26 38 49 17 27 0 22 30 33 17 83 41 67 71 37 ]
[91 57 54 94 25 61 52 16 98 55 38 40 49 76 11 28 95 86 91 46 88 40 25 73 80 5 92 68 25 21 61 3 56 8 99 92 64 56 88 78 22 39 22 72 12 17 21 25 64 20 49 29 72 20 11 30 0 45 88 90 44 51 51 6 33 70 16 34 82 36 17 79 15 11 22 18 85 33 38 53 11 66 40 63 4 78 41 90 54 68 76 68 34 51 29 29 62 46 0 13 ]
[29 69 44 69 15 6 12 46 32 23 84 26 61 16 5 64 83 65 56 88 29 59 61 16 96 74 95 90 54 58 18 85 22 95 74 4 96 61 26 36 91 79 27 98 61 19 59 78 85 35 94 3 89 54 10 72 55 0 70 33 80 34 62 97 46 38 82 52 15 16 60 63 96 88 31 78 70 45 24 84 47 40 63 66 96 3 60 2 0 41 89 56 23 7 45 14 8 11 7 57 ]
[93 54 74 19 6 84 12 45 19 30 13 9 93 9 86 88 86 8 72 33 39 59 37 13 8 68 64 78 66 12 23 60 2 82 96 27 33 89 42 50 68 60 70 50 55 83 98 40 38 51 56 37 80 98 65 38 12 30 0 62 98 75 8 80 70 43 69 87 81 70 96 46 35 43 27 3 88 35 93 86 55 5 9 26 52 2 86 16 48 63 19 98 73 92 3 7 23 93 35 54 ]
[92 71 79 16 13 14 68 17 57 87 47 98 68 40 25 2 92 69 94 34 71 98 61 82 61 77 41 11 23 84 8 36 69 82 60 60 62 79 24 37 98 18 23 23 22 23 83 70 85 76 23 24 68 98 94 50 10 67 38 0 82 37 85 96 21 27 27 65 36 70 77 32 59 94 91 3 18 71 29 51 96 1 68 53 49 12 4 88 53 49 0 49 76 49 41 45 22 30 38 99 ]
[75 63 38 71 17 100 80 92 95 96 100 99 74 62 40 100 27 53 18 21 62 85 83 45 10 10 2 42 58 4 5 31 2 2 9 15 54 92 90 55 90 70 64 60 36 75 83 18 2 18 18 44 43 94 80 58 56 20 2 18 0 81 48 73 59 57 37 62 42 2 72 31 91 13 43 62 45 84 32 57 69 87 63 72 20 42 32 84 13 89 97 3 84 90 42 66 32 16 88 32 ]
[66 5 17 77 73 93 3 39 25 4 62 40 39 10 6 61 36 47 90 66 69 31 3 74 7 42 65 21 93 14 27 87 68 8 6 59 99 74 75 72 75 94 11 62 85 70 77 3 10 26 10 6 37 1 52 95 49 66 25 63 19 0 46 83 72 5 19 50 37 31 61 20 4 7 89 42 90 66 36 62 6 26 53 32 7 84 68 83 38 12 46 56 99 19 94 52 19 17 35 91 ]
[92 67 100 10 90 95 4 26 82 53 40 53 80 90 1 43 15 86 75 42 81 36 8 71 86 47 93 39 34 70 74 45 86 11 53 3 72 26 29 76 49 13 60 69 2 46 98 5 66 83 17 91 56 98 79 41 49 38 92 15 52 54 0 36 88 38 82 80 37 12 74 56 80 5 72 72 62 57 97 19 73 28 59 12 35 13 75 14 83 58 68 71 33 19 52 54 81 59 79 60 ]
[3 81 39 88 10 31 17 62 85 60 45 4 89 66 85 42 80 97 28 19 25 83 61 14 24 33 80 89 29 86 66 31 30 67 18 4 94 25 93 55 15 62 62 47 31 66 2 3 61 35 10 81 26 98 34 18 94 3 20 4 27 17 64 0 15 76 79 30 65 18 76 16 9 77 90 58 22 93 64 22 46 26 79 75 62 31 16 2 84 23 12 29 53 79 99 26 79 42 6 4 ]
[83 61 16 13 7 81 56 12 6 26 61 16 39 30 48 71 50 73 10 15 17 31 31 23 28 8 96 8 26 16 74 57 28 45 22 69 14 25 31 46 70 39 6 82 16 51 81 27 27 92 7 15 19 68 94 85 67 54 30 79 41 28 12 85 0 68 87 37 99 79 10 69 93 10 80 38 97 16 76 96 74 28 89 83 36 39 11 21 48 4 52 94 84 72 13 72 5 76 51 56 ]
[81 9 42 45 21 36 47 63 2 95 49 19 45 98 64 51 7 55 14 5 91 18 75 14 35 39 40 18 68 30 68 78 45 20 19 51 16 16 91 74 2 72 34 69 95 52 60 69 95 18 32 61 50 93 60 60 30 62 57 73 43 95 62 24 32 0 5 13 26 35 31 41 52 79 97 64 3 91 1 15 10 72 52 99 15 94 6 18 75 15 73 32 89 7 63 83 42 66 32 55 ]
[45 65 60 32 96 67 6 24 31 93 28 55 45 40 20 1 88 54 87 22 72 30 67 56 70 70 5 17 99 96 98 42 48 85 76 13 66 87 56 58 10 36 43 3 83 17 75 56 39 20 33 29 76 19 52 69 84 18 31 73 63 81 18 21 13 95 0 15 23 9 45 5 49 39 37 44 14 92 13 71 14 29 0 41 16 56 47 85 11 66 59 85 8 49 9 36 3 80 21 31 ]
[8 26 51 86 27 12 89 36 60 50 44 80 3 28 12 57 90 79 60 66 7 4 22 32 54 49 34 70 53 83 14 81 51 58 44 89 94 56 16 72 72 7 84 21 68 80 48 45 62 22 48 82 14 3 93 90 66 48 13 35 38 50 20 70 63 87 85 0 34 55 3 77 97 77 74 29 96 50 84 44 14 66 81 50 74 40 75 22 78 41 69 85 9 32 8 64 52 4 36 28 ]
[98 86 27 52 73 76 5 79 65 17 18 98 17 39 33 71 83 27 81 12 55 23 56 65 91 7 62 44 24 87 6 65 92 68 27 16 48 51 46 32 81 77 86 4 31 27 31 46 76 4 90 41 29 36 29 59 18 85 19 64 58 63 63 35 1 74 77 66 0 19 10 10 93 63 91 8 60 36 71 19 40 66 74 69 90 10 71 7 51 35 46 18 85 25 43 49 79 92 58 81 ]
[90 78 87 10 25 44 94 78 95 7 23 62 97 15 12 90 3 95 16 96 70 14 60 49 95 1 20 34 32 22 8 3 53 87 4 60 78 2 38 16 56 80 4 57 31 91 60 55 75 93 80 90 71 5 65 82 64 84 30 30 98 69 88 82 21 65 91 45 81 0 41 58 79 40 2 22 95 84 98 4 65 53 21 86 99 29 47 20 49 55 96 60 33 3 98 81 88 49 12 47 ]
[45 18 62 47 6 24 52 49 86 9 89 8 98 25 60 51 24 55 64 63 54 39 7 98 31 10 81 21 64 83 58 44 13 75 78 38 93 97 89 68 4 48 8 62 25 51 88 92 77 28 72 52 38 57 33 57 83 40 4 23 28 39 26 24 90 69 55 97 90 59 0 26 14 32 46 64 10 53 7 57 66 33 13 8 68 86 96 6 68 44 50 73 50 3 15 59 30 32 35 18 ]
[6 10 22 43 86 83 85 28 6 60 48 75 59 22 10 27 61 6 86 77 39 20 59 56 5 68 49 23 33 59 4 82 43 76 15 23 33 33 55 56 69 89 57 5 27 95 79 93 80 29 43 31 89 2 12 25 21 37 54 68 69 80 44 84 31 59 95 23 90 42 74 0 79 93 97 8 15 59 87 18 34 11 58 27 34 26 25 77 61 99 22 30 61 2 81 41 84 27 31 71 ]
[61 16 51 7 77 78 87 95 64 75 73 51 36 89 54 18 69 26 75 93 94 26 36 47 35 86 92 17 66 82 86 26 30 1 18 10 60 83 89 82 56 31 39 89 6 76 55 38 4 73 76 84 66 75 76 43 85 4 65 41 9 96 20 91 7 48 51 3 7 21 86 21 0 84 35 49 65 45 80 57 66 20 96 22 86 25 13 32 34 7 7 87 22 69 62 90 33 62 36 87 ]
[8 29 50 42 77 34 95 71 68 57 65 5 34 81 22 32 43 78 20 33 13 88 72 20 2 15 44 27 61 52 44 94 95 56 77 40 67 38 97 69 36 38 75 91 53 60 12 82 2 18 46 66 39 25 68 69 89 12 57 6 87 93 95 23 90 21 61 23 37 60 68 7 16 0 23 28 7 79 44 73 69 1 90 99 78 93 18 53 47 65 16 47 26 69 58 61 73 48 99 15 ]
[12 21 67 35 15 34 93 67 55 43 27 48 13 56 32 42 28 27 68 90 27 17 48 62 5 7 24 88 34 100 65 20 42 32 92 40 100 70 57 35 16 49 7 69 58 50 17 50 9 19 93 48 93 57 8 72 78 69 73 9 57 11 28 10 20 3 63 26 9 98 54 3 65 77 0 82 47 29 18 54 78 51 21 63 0 60 35 79 78 14 43 40 80 63 70 55 11 78 94 89 ]
[87 68 98 24 68 24 18 92 40 42 73 87 40 42 92 53 84 81 94 20 78 7 84 47 100 16 17 20 96 79 14 31 57 28 100 4 54 10 46 21 73 55 19 26 43 47 44 29 32 24 61 55 30 63 38 97 82 22 97 97 38 58 28 42 62 36 56 71 92 78 36 92 51 72 18 0 91 69 21 78 85 81 52 52 70 26 38 50 96 75 41 80 42 12 21 42 95 23 16 44 ]
[89 28 80 48 76 36 55 48 34 50 38 23 53 67 49 82 1 57 22 91 51 33 1 8 28 48 12 45 78 60 92 22 87 2 27 96 63 46 37 81 23 38 47 81 57 6 1 26 41 93 38 100 58 4 95 50 15 30 12 82 55 10 38 78 3 97 86 4 40 5 90 85 35 93 53 9 0 1 22 85 13 16 62 26 13 49 4 75 41 88 55 52 87 8 47 44 60 87 97 48 ]
[5 79 10 79 63 40 75 36 6 100 61 23 56 33 11 96 17 69 2 72 28 37 71 66 75 94 25 75 39 76 8 34 46 81 67 59 32 53 68 41 50 78 89 51 45 19 20 92 93 57 29 78 70 82 61 17 67 55 65 29 16 34 43 7 84 9 8 50 64 16 47 41 55 21 71 31 99 0 67 24 88 25 22 92 6 31 95 4 58 14 16 58 1 40 65 31 6 2 24 63 ]
[37 11 59 1 51 18 9 25 64 60 47 30 8 8 70 16 53 2 37 57 99 65 67 68 74 6 61 83 61 4 61 24 76 92 29 68 18 53 31 10 96 85 83 66 73 90 3 96 63 6 1 14 47 29 31 63 62 76 7 71 68 64 3 36 24 99 87 16 29 2 93 13 20 56 82 79 78 33 0 11 22 66 14 80 77 54 67 31 4 41 26 51 1 98 51 44 84 82 26 32 ]
[44 53 95 45 29 7 63 68 54 20 92 22 9 76 97 96 71 73 22 63 38 99 64 96 96 88 73 88 42 74 22 66 44 95 93 6 4 14 88 85 66 87 27 60 41 21 52 28 66 86 24 91 86 16 23 86 47 16 14 49 43 38 81 78 4 85 29 56 81 96 43 82 43 27 46 22 15 76 89 0 37 45 33 89 25 9 70 30 24 70 10 70 22 16 68 90 53 57 8 57 ]
[8 29 23 6 27 74 90 88 42 22 14 92 86 7 79 72 33 68 55 54 82 21 49 59 46 19 38 53 53 59 47 89 21 83 80 78 33 57 62 43 33 37 14 54 81 65 48 47 7 53 90 31 93 49 88 97 89 53 45 4 31 94 27 54 26 90 86 86 60 35 34 66 34 31 22 15 87 12 78 63 0 48 16 77 8 75 53 52 82 62 66 8 12 63 72 21 85 46 64 49 ]
[75 46 18 90 62 17 42 43 74 65 36 38 49 38 14 36 38 83 49 30 29 1 73 43 75 76 77 16 11 33 76 78 94 47 94 100 57 67 49 26 2 10 65 67 25 11 86 23 56 43 39 41 39 3 13 20 34 60 95 99 13 74 72 74 72 28 71 34 34 47 67 89 80 99 49 19 84 75 34 55 52 0 23 85 19 44 57 52 59 94 18 87 65 26 25 13 35 95 16 74 ]
[77 95 71 96 16 24 94 50 22 80 32 39 36 92 66 23 87 71 23 42 15 54 52 41 7 37 48 3 7 54 52 6 51 18 71 33 58 44 32 20 52 41 71 26 5 65 99 74 27 29 52 70 86 53 9 22 60 37 91 32 37 47 41 21 11 48 100 19 26 79 87 42 4 10 79 48 38 78 86 67 84 77 0 12 83 79 41 94 76 0 9 9 60 56 0 31 32 64 23 40 ]
[78 10 9 81 83 84 65 40 10 6 45 85 77 76 35 30 93 42 68 73 46 70 78 10 31 84 21 99 71 74 47 24 51 36 11 46 59 46 99 60 8 3 23 91 95 8 25 31 16 95 1 32 36 34 64 82 37 34 74 47 28 68 88 25 17 1 59 50 31 14 92 73 78 1 37 48 74 8 20 11 23 15 88 0 67 89 69 99 4 46 3 81 30 84 89 81 6 20 87 32 ]
[84 75 22 79 85 82 6 50 36 68 14 25 26 91 73 19 48 79 30 18 100 92 74 4 15 86 18 44 20 86 65 24 80 87 84 79 22 99 37 25 39 59 44 39 93 61 70 9 29 21 10 44 99 90 33 45 96 4 48 51 80 93 65 38 64 85 84 26 10 1 32 66 14 22 100 30 87 94 23 75 92 81 17 33 0 41 60 43 81 36 54 17 77 99 30 5 23 30 84 99 ]
[95 93 65 91 92 82 39 3 84 9 22 81 29 3 81 16 57 37 36 30 51 54 60 18 80 85 44 64 35 37 61 3 23 100 15 18 4 66 93 43 16 62 80 71 95 16 61 87 66 65 67 1 60 73 32 74 22 97 98 88 58 16 87 69 61 6 44 60 90 71 14 74 75 7 40 74 51 69 46 91 25 56 21 11 59 0 77 36 33 31 71 17 99 91 88 60 68 35 79 76 ]
[25 82 41 79 85 13 14 76 54 67 74 72 48 83 13 60 21 30 81 98 75 59 100 83 94 72 17 50 68 23 94 17 29 69 2 13 96 38 63 18 53 81 37 97 82 87 80 53 66 23 100 85 25 7 77 62 59 40 14 96 68 32 25 84 89 94 53 25 29 53 4 75 87 82 65 62 96 5 33 30 47 43 59 31 40 23 0 49 66 59 31 17 91 2 59 16 73 79 52 83 ]
[74 78 19 91 33 48 50 18 38 86 81 66 50 60 21 8 23 64 4 14 26 14 89 91 86 59 23 48 83 29 21 70 29 67 75 65 71 3 95 52 9 17 99 5 55 64 7 51 52 71 28 78 90 46 76 51 10 98 84 12 16 17 86 98 79 82 15 78 93 80 94 23 68 47 21 50 25 96 69 70 48 48 6 1 57 64 51 0 36 87 40 83 75 31 81 48 85 93 69 2 ]
[64 1 9 61 31 27 100 95 20 74 8 23 33 69 26 38 82 62 91 4 90 67 51 96 21 60 60 50 94 54 27 23 66 51 56 49 52 2 12 96 68 17 67 22 8 92 96 55 47 69 59 26 81 90 2 83 46 100 52 47 87 62 17 16 52 25 89 22 49 51 32 39 66 53 22 4 59 42 96 76 18 41 24 96 19 67 34 64 0 5 72 29 26 47 19 93 27 70 22 16 ]
[93 44 65 60 12 26 77 2 58 53 26 17 59 3 17 44 16 52 100 96 91 61 66 34 95 67 67 10 96 6 49 20 27 100 60 87 20 96 27 35 32 70 53 75 77 16 53 46 10 34 76 19 49 96 8 73 32 59 37 51 11 88 42 77 96 85 34 59 65 45 56 1 93 35 86 25 12 86 59 30 38 6 100 54 64 69 41 13 95 0 2 47 63 40 82 28 92 78 19 18 ]
[56 99 96 32 32 45 96 12 88 43 62 59 82 3 96 27 31 85 21 81 69 95 88 97 2 51 58 7 49 13 91 90 74 51 83 99 75 90 10 69 93 88 99 72 30 50 68 65 11 56 47 19 78 34 70 100 24 11 81 100 3 54 32 88 48 27 41 31 54 4 50 78 93 84 57 59 45 84 74 90 34 82 91 97 46 29 69 60 28 98 0 96 14 54 57 76 13 23 27 79 ]
[71 25 31 67 32 100 49 79 100 100 100 10 39 3 88 31 86 9 5 21 20 59 31 66 90 36 49 37 75 75 46 68 71 77 22 26 25 54 64 12 1 56 39 63 96 35 11 64 70 86 31 53 32 67 34 78 32 44 2 51 97 44 29 71 6 68 15 15 82 40 27 70 13 53 60 20 48 42 49 30 92 13 91 19 83 83 83 17 71 53 4 0 29 43 76 4 54 29 0 55 ]
[60 8 45 82 93 98 17 40 83 60 51 84 71 23 82 47 53 99 65 70 59 22 98 5 84 43 38 15 82 37 67 37 72 31 79 93 79 77 86 46 69 66 77 70 11 14 4 52 31 34 100 39 100 76 8 70 66 77 27 24 16 1 67 47 16 11 92 91 15 67 50 39 78 74 20 58 13 99 99 78 88 35 40 70 23 1 9 25 74 37 86 71 0 99 94 61 5 74 93 51 ]
[78 72 50 85 52 75 92 83 53 8 100 45 59 34 88 47 50 33 37 7 95 53 63 88 74 60 38 84 94 20 5 15 65 86 50 82 49 81 17 43 91 82 58 77 10 9 82 60 66 10 76 55 79 70 28 67 49 93 8 51 10 81 81 21 28 93 51 68 75 97 97 98 31 31 37 88 92 60 2 84 37 74 44 16 1 9 98 69 53 60 46 57 1 0 23 75 62 81 34 79 ]
[62 15 34 69 1 81 19 54 94 57 24 69 53 4 75 25 40 78 64 48 49 31 15 73 100 98 80 10 91 47 26 41 60 59 28 3 10 14 18 85 81 14 24 44 92 15 23 94 53 78 25 56 64 60 15 83 71 55 97 59 58 6 48 1 87 37 91 92 57 2 85 19 38 42 30 79 53 35 49 32 28 75 100 11 70 12 41 19 81 18 43 24 6 77 0 78 74 77 44 11 ]
[57 90 59 53 11 11 1 40 25 9 29 3 35 43 23 22 43 58 21 44 73 49 14 42 81 31 15 21 24 57 79 27 86 94 31 32 43 93 22 14 83 78 43 82 70 54 11 63 94 45 33 50 70 3 94 17 71 86 93 55 34 48 46 74 28 17 64 36 51 19 41 59 10 39 45 58 56 69 56 10 79 87 69 19 95 40 84 52 7 72 24 96 39 25 22 0 24 67 4 69 ]
[84 15 42 4 68 24 10 76 30 58 59 62 35 47 14 94 41 81 23 23 19 12 7 37 72 31 49 36 89 66 21 58 94 52 29 95 10 4 71 62 30 12 23 28 7 20 19 30 54 72 22 99 13 75 10 59 38 92 77 78 68 81 19 21 95 58 97 48 21 12 70 16 67 27 89 5 40 94 16 47 15 65 68 94 77 32 27 15 73 8 87 46 95 38 26 76 0 86 94 71 ]
[100 27 87 34 43 25 78 34 67 43 19 61 64 8 86 21 69 66 15 62 44 100 11 9 17 57 96 44 99 72 63 58 80 55 49 71 62 80 92 84 8 97 2 27 55 36 29 49 6 97 36 42 46 29 22 33 54 89 7 70 84 83 41 58 24 34 20 96 8 51 68 73 38 52 22 77 13 98 18 43 54 5 36 80 70 65 21 7 30 22 77 71 26 19 23 33 14 0 85 97 ]
[36 25 45 67 88 65 74 27 52 73 88 31 66 40 31 30 37 49 71 94 60 47 82 95 98 27 65 18 76 45 72 100 80 80 80 54 73 13 25 64 50 53 29 58 53 65 33 64 2 95 5 100 50 55 25 29 100 93 65 62 12 65 21 94 49 68 79 64 42 88 65 69 64 1 6 84 3 76 74 92 36 84 77 13 16 21 48 31 78 81 73 100 7 66 56 96 6 15 0 65 ]
[57 93 82 85 43 12 41 70 42 14 70 36 31 79 24 52 61 56 12 46 51 59 38 24 43 51 47 67 52 70 57 52 45 58 52 54 1 44 49 89 18 77 60 5 27 92 14 39 24 29 38 7 70 27 92 63 87 43 46 1 68 9 40 96 44 45 69 72 19 53 82 29 13 85 11 56 52 37 68 43 51 26 60 68 1 24 17 98 84 82 21 45 49 21 89 31 29 3 35 0 ]
];
