100

 0 81 99 89 50 24 64 94 20 36 58 76 40 9 47 77 7 72 29 98 92 44 42 73 84 40 94 49 19 73 3 92 33 86 31 18 12 97 42 39 73 89 32 59 59 57 33 59 14 29 99 0 17 22 30 53 20 74 33 47 47 15 72 92 78 17 94 98 13 33 97 84 66 85 91 68 62 61 90 13 47 21 33 55 20 4 45 66 28 38 64 88 49 21 63 25 12 42 26 39
 7 0 25 41 86 32 22 69 59 84 26 92 17 33 17 43 38 45 35 45 12 2 47 92 27 12 5 87 47 2 96 36 54 51 66 55 98 22 65 40 55 13 21 46 78 47 61 87 17 37 28 58 24 93 80 67 33 6 81 70 73 98 96 65 7 80 23 50 94 55 95 28 18 9 87 91 32 41 39 74 5 96 30 60 32 62 61 67 78 48 2 45 86 70 26 9 11 15 78 96
 49 86 0 28 82 93 87 60 57 20 44 82 16 36 56 53 72 2 90 67 49 64 29 11 8 21 16 16 92 81 44 10 40 84 59 52 54 47 99 32 42 88 46 4 65 34 61 48 38 36 76 37 32 8 84 51 39 15 31 46 36 89 1 97 15 53 97 12 27 7 25 82 14 83 57 16 49 88 77 69 59 87 96 36 30 11 98 17 96 95 47 21 93 68 93 35 85 79 64 67
 97 80 48 0 33 58 35 28 20 22 52 49 6 28 16 93 59 96 29 60 56 6 85 84 83 50 55 78 67 52 47 67 45 64 32 50 90 63 76 49 43 64 25 21 39 86 24 15 99 77 45 7 21 49 62 22 62 46 63 86 59 84 90 14 71 51 34 76 79 0 7 79 40 43 54 95 15 4 46 80 28 16 48 12 40 13 86 9 21 7 4 48 81 49 67 94 25 78 77 43
 44 13 32 78 0 38 55 1 14 15 31 95 17 74 23 78 66 52 25 82 72 45 60 46 61 63 19 3 70 56 78 88 13 12 39 58 93 68 6 52 91 36 64 67 3 16 0 44 67 68 83 71 52 80 35 15 82 8 6 17 32 77 7 16 72 43 98 57 78 58 21 27 12 78 37 89 34 50 30 89 15 97 22 29 59 50 25 64 39 45 79 94 31 34 19 70 82 44 39 7
 55 67 68 48 21 0 65 57 40 33 43 60 93 75 84 82 58 41 51 95 8 0 57 28 2 7 68 87 62 56 75 58 20 2 32 24 13 70 68 74 29 36 41 62 35 41 62 62 93 8 67 85 26 95 44 59 22 56 48 0 6 78 65 5 47 49 81 55 41 89 75 71 38 19 95 40 81 88 56 60 3 58 36 88 7 94 2 96 44 83 27 56 77 57 74 0 65 25 31 6
 16 88 94 32 93 35 0 54 18 18 12 45 15 40 32 28 16 58 68 63 52 76 19 81 68 36 97 58 60 31 64 69 94 95 44 47 77 39 83 3 55 63 42 11 57 49 75 38 5 89 12 69 24 76 19 97 45 57 51 59 74 69 29 63 5 4 7 33 10 24 44 5 41 37 94 71 89 56 53 31 20 34 12 41 75 57 16 33 7 80 30 59 99 44 2 13 87 67 7 44
 49 15 90 4 93 19 75 0 52 15 22 41 76 82 28 11 9 23 30 32 62 7 42 50 81 43 5 89 70 77 86 22 78 30 23 89 21 37 53 17 39 84 72 50 59 18 80 39 76 28 47 84 57 38 14 18 13 46 3 4 50 2 23 31 67 58 3 2 45 34 59 5 10 75 2 59 76 80 95 55 21 33 58 98 54 22 63 92 33 95 9 17 12 13 91 89 50 31 19 30
 31 31 54 38 39 32 66 40 0 26 62 34 50 96 26 48 36 50 87 82 41 41 22 98 68 83 73 73 17 41 20 98 23 57 63 27 58 21 62 52 43 41 1 13 43 38 83 11 34 93 93 31 94 78 83 18 24 65 1 14 44 35 23 3 53 73 13 85 84 90 61 78 65 23 86 49 73 22 80 89 54 6 56 83 37 86 92 52 67 91 92 19 3 38 54 99 73 82 36 91
 17 74 90 30 60 29 40 83 78 0 10 0 43 42 16 51 56 2 89 89 1 97 76 12 92 91 50 79 17 31 14 12 27 70 19 22 16 22 90 76 92 22 6 96 63 67 33 15 27 11 84 42 89 0 38 39 19 81 67 0 98 45 24 62 74 19 29 27 6 29 0 75 10 94 26 19 65 29 50 26 24 2 15 52 69 98 42 12 24 92 1 30 92 91 97 26 19 36 4 93
 77 35 33 6 64 11 70 10 20 7 0 32 66 9 62 23 97 86 80 4 32 35 98 31 74 35 77 90 41 50 56 46 96 19 52 50 21 88 51 38 97 67 92 79 85 64 9 0 89 76 14 79 88 1 53 69 82 40 32 36 33 89 84 86 46 86 83 44 47 86 92 64 37 48 88 75 47 43 65 84 57 66 63 34 10 89 68 86 83 64 28 12 40 42 31 3 49 30 27 24
 61 63 35 60 11 47 63 81 39 4 56 0 49 81 75 43 70 18 10 20 76 28 93 7 6 92 28 86 50 98 79 97 86 55 5 32 31 30 99 30 35 66 50 79 57 72 18 75 72 47 9 0 64 88 51 55 31 92 73 44 0 62 75 1 74 60 94 16 37 44 4 99 99 6 33 17 16 13 59 90 64 39 78 39 18 44 77 10 93 35 9 24 51 48 25 23 9 87 87 84
 87 23 19 32 53 73 65 34 32 80 65 85 0 27 86 53 96 73 0 40 16 42 94 58 91 51 23 68 32 78 56 42 2 34 6 49 28 79 24 65 7 49 48 41 36 17 9 93 35 11 47 15 35 26 66 46 13 36 98 36 86 32 47 32 96 31 46 4 38 4 42 98 89 38 59 5 67 90 17 36 58 33 59 15 40 77 7 61 44 66 67 91 14 56 77 16 77 1 34 30
 30 39 23 36 70 23 44 54 71 19 23 8 52 0 16 3 19 19 26 54 36 37 75 81 59 51 84 59 91 26 8 95 50 77 57 22 66 97 1 70 74 25 81 98 80 22 45 30 9 78 7 60 23 72 78 47 38 84 86 2 49 95 12 4 73 60 46 64 42 15 22 81 57 28 89 71 93 23 53 40 35 8 59 34 40 32 77 78 93 61 64 53 51 12 37 2 25 82 29 37
 92 5 6 37 18 65 70 46 89 97 74 11 34 9 0 49 88 69 43 73 45 91 15 43 77 92 46 78 6 42 87 35 89 84 18 80 14 39 68 95 51 17 96 43 79 91 34 33 1 91 35 52 13 71 55 67 94 60 74 97 16 24 34 35 30 42 68 96 31 25 27 60 92 79 93 20 40 84 14 78 10 94 16 41 92 39 95 73 19 56 84 31 41 54 89 26 84 71 77 26
 87 59 9 68 47 59 5 11 1 19 14 8 61 98 34 0 40 42 48 3 28 8 75 25 47 93 92 41 78 36 56 22 38 51 85 88 30 84 83 62 27 67 1 15 20 11 59 21 2 15 90 46 17 77 43 25 80 88 2 87 65 29 36 33 39 45 19 31 5 65 61 50 17 16 66 92 92 17 69 7 10 57 48 61 91 72 21 19 86 24 53 46 74 35 81 74 8 63 18 28
 83 91 15 81 30 29 20 27 84 96 96 92 5 3 39 98 0 54 89 48 80 90 91 41 11 41 12 18 15 65 8 21 16 67 78 67 51 2 1 12 52 50 30 32 34 22 81 25 38 18 47 68 18 48 22 50 42 66 30 94 40 66 38 8 26 21 53 24 10 90 65 52 53 0 4 47 37 19 43 42 83 11 21 85 30 94 67 68 67 37 28 37 20 23 40 17 6 33 63 53
 35 55 1 75 44 58 70 0 91 20 63 92 6 23 70 30 1 0 36 45 84 32 26 20 48 32 53 69 29 23 6 53 62 2 21 56 99 61 62 70 61 72 7 9 93 59 48 47 96 13 23 40 58 13 17 37 94 60 15 97 38 81 35 52 21 63 77 39 72 66 26 38 7 13 99 72 8 24 44 92 72 72 68 82 1 65 34 68 46 17 33 63 29 39 74 36 2 61 42 42
 98 6 99 39 21 13 58 34 12 2 61 2 29 43 5 52 60 44 0 15 59 0 3 44 10 24 68 35 73 45 89 70 19 42 57 0 60 7 75 32 89 83 24 95 99 72 4 21 61 41 25 99 46 34 35 22 53 22 2 27 21 94 1 90 74 58 91 46 0 75 46 10 3 41 8 33 33 6 52 85 20 50 72 70 44 6 90 22 4 13 37 59 72 46 58 87 28 13 94 2
 46 72 92 5 47 72 9 6 46 62 63 38 18 35 97 70 4 61 71 0 28 2 82 8 38 76 35 94 95 34 61 52 10 74 19 10 22 39 59 60 20 61 29 77 22 22 8 3 51 48 95 66 15 74 80 60 29 33 63 18 29 87 94 44 98 14 50 70 95 5 20 47 55 71 69 45 25 82 56 10 36 22 9 86 65 55 79 78 19 30 46 92 12 69 77 18 6 33 34 67
 89 46 69 25 2 27 40 15 11 2 52 20 29 14 42 64 60 77 58 77 0 34 56 26 59 88 38 32 62 19 57 58 71 88 28 80 35 55 52 85 60 17 74 1 98 4 68 71 46 21 79 78 85 47 11 28 68 69 35 88 30 81 43 89 0 50 6 93 95 80 71 69 19 26 23 67 0 63 55 40 54 29 26 69 70 5 91 27 86 40 14 47 30 59 58 37 63 20 0 90
 64 27 79 70 52 33 68 19 9 12 6 29 19 71 67 41 2 71 13 65 48 0 27 50 23 49 63 85 7 21 59 60 68 57 99 34 43 63 7 79 96 79 51 51 51 45 48 77 87 38 36 57 81 55 52 36 40 99 23 30 31 12 29 3 14 97 70 54 61 90 34 47 79 68 86 90 25 28 63 4 7 99 53 95 44 21 59 58 42 45 28 51 93 0 52 13 86 98 98 97
 90 54 62 97 2 44 0 92 44 99 21 62 48 76 74 14 77 10 61 77 42 85 0 2 64 99 69 84 30 26 91 83 22 73 67 98 48 92 16 94 52 59 49 93 74 32 40 43 69 27 55 23 71 87 6 33 99 91 54 12 72 49 8 12 88 33 27 68 40 57 68 54 34 5 36 1 16 18 57 88 10 66 63 8 38 4 15 68 68 68 12 51 15 6 88 87 93 23 35 86
 82 10 71 47 16 38 57 42 73 33 49 87 92 89 46 58 1 78 84 14 18 79 7 0 20 65 8 23 27 28 73 85 39 26 79 77 11 66 51 89 10 64 6 34 17 30 56 96 73 15 0 9 69 94 86 58 59 28 87 54 26 83 58 59 62 11 33 37 78 76 43 4 2 33 47 10 24 14 31 77 6 64 60 91 4 46 28 33 95 27 31 54 71 38 20 36 9 42 1 92
 56 59 74 43 24 68 15 76 58 73 52 36 9 29 41 30 67 76 35 68 29 94 20 95 0 14 47 8 76 58 52 26 60 43 23 77 60 31 51 86 55 42 55 95 35 50 33 25 85 86 84 83 29 12 64 49 24 55 58 84 58 79 12 3 71 3 36 42 20 3 73 41 29 25 6 27 73 42 11 79 79 92 56 76 67 35 19 39 78 91 36 6 82 34 90 43 82 92 17 46
 82 64 48 76 4 88 12 82 47 61 27 77 2 19 5 53 13 54 1 82 72 28 48 53 87 0 51 79 85 99 93 85 80 15 54 76 53 11 90 31 31 36 82 15 7 86 59 49 32 17 7 23 80 66 93 86 73 54 6 5 61 18 62 1 85 24 78 63 34 70 13 99 1 11 36 83 22 8 1 69 0 71 92 9 32 44 32 73 32 31 2 98 29 6 97 74 67 62 83 97
 98 13 35 54 4 82 48 95 22 81 64 63 39 41 56 82 35 18 90 93 61 1 95 61 9 24 0 21 47 82 29 4 97 8 52 17 49 72 4 91 45 14 17 31 90 58 79 81 35 93 9 35 71 14 0 4 0 45 48 61 26 28 60 98 38 16 84 38 61 65 65 35 49 65 88 94 79 16 70 95 95 93 74 74 13 68 1 0 58 6 55 11 0 55 76 82 68 28 7 36
 92 17 80 7 91 32 81 29 65 17 72 59 17 58 94 51 46 44 68 66 28 71 27 11 46 66 59 0 30 76 18 48 47 47 0 91 92 5 79 75 58 39 26 16 13 7 47 7 36 58 84 76 60 8 41 24 38 27 3 67 11 21 40 97 81 72 72 3 83 86 7 22 34 34 67 33 59 87 0 62 52 54 36 81 41 65 99 38 57 97 98 90 60 7 54 16 14 27 66 7
 38 82 38 0 97 19 29 33 1 59 78 53 0 91 88 2 77 79 64 61 45 90 9 74 31 6 73 32 0 97 77 61 22 37 8 84 47 28 23 91 78 23 88 45 74 69 78 40 31 64 26 15 13 88 28 85 44 30 66 22 38 58 95 95 78 31 45 22 46 42 97 31 7 80 40 40 93 73 64 9 28 90 91 35 4 46 62 58 29 87 16 97 47 46 92 18 26 30 22 26
 95 5 28 26 90 29 6 78 16 7 21 9 41 86 42 47 36 48 98 59 6 80 88 7 11 77 48 76 74 0 68 62 98 45 83 70 34 52 69 36 72 78 58 90 8 21 63 69 89 62 38 9 57 6 60 59 75 30 40 19 34 20 68 89 87 50 68 92 7 9 67 30 49 63 13 54 62 48 10 4 94 2 40 46 30 32 21 27 86 34 29 1 43 50 40 69 14 16 69 85
 31 95 87 62 69 50 36 17 45 64 75 3 6 83 80 69 8 80 54 30 18 45 96 95 43 61 72 24 79 28 0 85 16 40 67 70 43 33 71 57 94 94 57 60 22 8 25 99 63 33 94 69 1 58 25 14 11 43 41 50 9 4 6 19 3 21 94 8 20 94 11 43 76 60 9 97 68 96 4 9 2 86 47 59 55 59 8 56 99 89 4 27 89 27 52 9 90 47 22 22
 20 59 65 12 10 41 26 77 2 89 42 0 14 88 65 49 91 37 54 77 11 28 0 3 94 65 26 13 55 34 37 0 99 81 90 24 76 35 10 6 47 90 87 85 9 20 41 80 88 71 70 29 40 60 69 79 65 83 20 56 84 25 63 3 66 21 0 89 13 54 39 42 97 96 94 89 98 40 8 94 62 34 15 53 47 6 98 26 42 85 46 68 10 85 68 3 74 66 9 62
 73 51 40 92 40 27 27 60 83 13 69 42 31 63 71 17 35 15 24 30 0 68 31 27 39 52 82 91 54 98 2 88 0 65 6 70 10 78 83 85 9 29 47 89 56 68 86 55 32 93 40 76 10 26 79 46 27 78 64 36 57 87 84 36 64 37 16 96 66 75 26 41 44 91 96 13 52 84 96 59 52 84 21 28 9 23 70 5 86 66 45 79 84 94 45 6 41 73 34 23
 18 40 22 87 58 16 0 88 81 68 22 13 26 98 51 29 44 58 64 19 36 88 18 85 30 74 79 73 41 93 31 48 71 0 63 97 29 43 32 9 40 94 66 21 14 52 22 56 71 13 84 74 38 30 8 13 12 10 51 38 13 87 92 33 63 24 5 54 30 64 85 43 55 79 96 33 97 71 93 80 36 78 48 62 23 88 92 65 84 7 74 76 88 60 15 21 79 8 94 40
 52 68 11 36 87 56 64 16 65 58 79 78 60 67 50 93 76 10 25 15 73 68 52 44 73 27 97 43 24 11 42 33 48 93 0 68 83 40 26 92 69 48 22 37 84 4 38 11 42 0 65 1 11 89 12 28 77 65 19 43 51 40 14 67 58 7 67 86 57 84 40 32 78 97 78 21 93 7 42 27 66 64 70 0 82 50 8 11 38 44 58 64 37 94 15 44 53 84 53 55
 44 18 51 70 96 50 38 62 8 60 62 37 98 10 60 42 51 53 62 90 74 1 13 39 76 32 51 15 38 14 76 52 69 18 19 0 24 54 87 21 59 76 49 53 49 72 45 92 79 33 32 7 98 72 37 97 64 70 45 3 66 73 71 70 16 20 23 17 54 14 37 6 55 25 56 90 28 48 90 68 50 72 49 30 5 68 81 27 95 70 34 11 15 55 94 25 27 91 13 50
 46 57 12 74 59 5 12 87 86 83 20 0 81 12 60 36 37 49 11 35 84 20 22 17 18 29 12 48 72 12 0 22 51 0 15 47 0 3 80 19 36 25 34 78 22 75 1 43 83 72 89 1 4 16 69 84 50 68 42 65 90 7 75 6 89 23 11 8 33 46 85 5 45 46 51 86 30 32 10 40 8 47 58 21 94 14 13 92 87 48 38 92 25 29 60 91 79 97 38 36
 5 53 94 52 47 42 38 31 40 12 63 33 14 18 44 59 76 64 0 75 85 39 92 12 55 80 66 46 30 1 64 65 58 29 97 99 99 0 29 41 19 89 51 68 54 56 61 20 47 39 81 70 29 15 98 14 8 30 63 56 4 79 42 85 3 37 14 84 16 85 87 22 98 42 17 58 55 52 77 25 17 46 22 90 2 99 58 99 27 89 52 75 45 79 24 37 99 88 19 57
 51 82 37 85 95 79 32 11 64 34 71 12 99 43 62 53 54 45 38 44 31 33 65 45 41 69 56 11 3 86 17 46 24 8 46 14 7 17 0 24 14 98 24 46 43 22 5 15 51 47 25 46 70 61 91 45 39 6 8 21 96 75 92 89 34 22 13 59 97 31 71 92 92 86 17 20 15 82 33 62 6 21 39 76 28 84 69 67 92 12 70 34 21 10 67 89 61 28 84 9
 68 65 23 65 29 64 35 86 49 34 28 81 77 5 99 1 84 99 56 90 19 64 40 49 32 78 75 42 12 8 1 68 22 12 72 61 47 3 45 0 95 15 96 2 73 45 74 59 30 19 49 84 89 34 6 11 37 69 72 22 28 97 72 12 2 29 24 99 34 36 86 88 33 72 16 42 27 95 25 87 5 2 20 51 40 16 61 0 17 34 15 97 22 17 22 53 45 97 63 66
 37 74 56 85 15 4 80 45 87 9 41 55 97 20 32 86 37 71 55 50 18 73 68 30 10 58 10 5 24 7 86 39 81 40 91 52 18 87 53 86 0 20 0 12 60 39 85 16 61 46 40 39 47 39 40 27 55 64 26 2 35 50 96 20 19 25 94 75 78 67 33 41 44 39 46 28 50 73 60 71 45 71 85 61 75 31 79 76 31 19 66 53 17 24 61 77 64 90 32 86
 42 27 67 5 11 91 31 70 58 78 88 17 0 26 21 39 4 42 50 70 74 64 31 46 57 15 37 6 92 37 78 67 54 42 49 81 82 97 46 46 49 0 29 97 47 31 95 53 25 0 99 71 59 29 80 0 48 5 96 92 2 7 40 78 31 72 46 89 66 69 56 2 25 71 33 86 32 12 47 9 3 92 92 95 39 20 31 79 40 10 55 82 44 52 34 78 79 14 15 69
 61 49 83 58 99 62 85 51 17 79 90 90 42 51 52 27 25 79 74 11 6 25 11 7 85 68 63 9 46 76 82 86 42 92 90 95 1 46 66 69 89 66 0 97 17 10 47 77 87 71 34 95 57 11 65 99 81 12 56 9 73 93 94 33 60 53 7 50 97 75 21 71 29 91 16 96 14 73 20 20 5 91 34 3 89 12 96 88 79 95 71 43 11 84 85 67 70 77 69 89
 34 97 26 88 60 46 69 97 9 69 13 92 11 52 28 74 35 67 42 13 22 29 38 91 74 80 86 17 13 39 12 70 46 43 65 71 64 35 3 13 64 99 19 0 57 30 30 3 15 74 20 59 96 28 83 19 90 65 97 48 14 6 83 46 28 86 98 8 91 50 8 94 79 29 12 32 40 73 59 95 32 58 29 40 54 50 22 39 53 80 92 16 71 65 52 9 0 82 15 79
 72 45 45 68 83 38 38 86 31 8 82 80 32 93 32 45 21 16 2 44 90 20 53 75 67 45 58 87 16 37 31 1 90 95 56 33 9 50 65 41 14 59 23 47 0 9 71 42 1 52 60 31 75 78 1 43 99 45 79 28 76 82 62 5 66 90 99 89 10 23 27 64 32 31 28 62 30 33 93 92 40 22 69 90 16 0 86 68 86 69 83 85 71 30 26 51 83 74 63 51
 71 33 67 31 25 50 74 10 16 80 4 52 35 7 26 64 43 61 30 53 36 29 59 48 85 34 94 97 33 16 55 58 27 82 83 81 65 67 59 41 3 4 95 51 20 0 73 35 40 52 4 90 10 68 5 80 21 88 74 54 15 8 34 20 81 15 84 41 39 25 51 8 53 55 92 35 95 76 52 14 81 29 97 53 74 94 58 17 66 38 36 90 74 64 28 47 99 4 72 9
 86 74 30 9 95 48 18 25 78 22 2 68 98 1 29 61 47 75 81 75 70 69 63 37 72 67 76 81 62 31 30 82 16 30 53 4 28 69 55 34 18 32 28 30 79 17 0 37 19 86 28 50 93 71 21 76 16 6 94 39 16 46 34 39 10 64 95 31 60 86 40 57 24 88 44 52 87 87 44 3 33 13 19 28 42 5 14 82 7 80 65 94 34 43 16 44 72 5 79 35
 65 86 61 8 12 50 50 21 63 93 7 35 10 26 16 42 29 83 20 76 47 57 24 61 70 63 9 83 28 7 19 60 63 5 67 79 20 90 94 44 65 19 75 53 16 21 45 0 29 75 47 85 98 10 1 20 65 71 5 29 99 58 56 28 86 55 8 15 48 97 15 89 93 59 22 20 99 56 7 12 62 38 72 13 86 35 9 61 48 21 23 22 70 64 71 41 82 25 84 54
 64 51 83 13 85 1 69 86 6 69 92 81 89 68 51 54 18 5 5 52 20 92 8 16 37 22 41 28 96 22 0 66 63 38 44 59 14 15 59 12 32 54 79 97 4 2 9 20 0 15 96 72 76 76 60 22 54 90 63 1 58 63 82 76 89 30 40 50 91 1 26 21 21 95 58 77 8 41 30 18 10 78 26 48 60 76 48 68 99 81 23 5 24 83 1 95 61 92 91 8
 0 77 12 71 11 84 25 97 58 36 72 0 18 86 48 37 43 21 88 86 85 55 40 86 16 17 18 15 69 80 17 25 65 19 43 7 47 21 11 47 61 73 36 15 87 38 6 15 73 0 75 40 19 84 93 40 25 28 3 13 95 65 27 46 41 3 59 69 75 36 37 20 57 45 16 25 56 34 23 76 60 19 59 2 9 49 77 79 85 67 23 8 92 42 56 13 63 84 83 2
 46 80 64 98 35 55 69 88 58 49 83 82 56 49 83 96 77 61 82 79 72 82 43 21 49 44 65 9 72 39 31 42 75 6 68 95 63 36 38 91 66 1 79 79 14 70 12 83 64 20 0 5 82 21 76 80 79 62 9 5 57 91 65 1 51 47 21 34 86 11 81 74 70 37 80 34 21 17 28 41 79 63 95 12 0 5 46 54 94 13 75 97 38 35 29 45 2 98 30 85
 34 67 40 37 23 7 42 20 11 25 44 12 21 30 92 96 70 21 8 49 15 78 32 86 59 61 92 66 6 20 84 27 77 50 85 11 20 15 37 24 32 21 14 53 85 74 7 31 47 47 97 0 58 18 47 7 24 31 3 46 55 41 97 91 14 84 27 64 17 78 99 31 92 78 88 93 5 7 10 84 54 6 13 33 82 6 61 1 64 43 11 26 54 74 31 65 4 54 66 80
 34 19 12 91 88 54 85 44 35 83 33 57 87 36 12 86 92 23 84 42 97 56 26 65 66 90 38 13 33 48 19 90 13 80 79 1 43 71 60 37 62 35 99 22 3 3 14 17 40 73 80 66 0 44 22 83 43 48 54 38 28 45 16 45 1 94 97 22 28 44 36 29 80 98 96 2 68 64 14 63 60 20 63 30 60 98 39 13 96 55 58 98 43 37 40 46 51 97 78 67
 39 7 7 10 54 67 58 47 92 47 40 42 49 27 24 31 42 27 37 59 40 89 0 45 82 23 28 45 35 87 75 39 43 88 33 41 43 5 27 93 10 95 52 59 93 59 14 16 24 16 82 83 51 0 64 64 21 95 25 62 46 11 59 55 31 91 39 3 32 0 48 70 15 9 92 11 19 95 76 77 78 3 82 82 79 49 49 8 15 74 32 31 32 8 16 4 37 44 84 13
 83 13 14 15 73 99 93 77 77 67 19 34 97 69 17 79 3 74 28 8 98 82 5 72 83 62 42 45 2 66 66 98 62 80 92 20 17 83 44 92 5 25 58 98 4 19 37 5 8 90 23 19 47 55 0 9 55 81 56 52 23 33 68 55 60 57 52 28 55 6 77 70 77 53 17 45 63 98 15 79 57 74 49 90 52 78 33 73 18 43 66 65 83 21 14 52 51 5 57 29
 38 19 57 23 37 24 3 40 87 6 16 64 24 40 6 91 42 69 76 30 25 38 29 50 16 94 57 79 31 26 41 64 49 99 54 97 91 27 24 80 83 80 34 17 43 13 84 40 35 67 57 24 83 33 28 0 21 78 55 63 82 67 33 56 49 20 54 56 34 82 29 13 18 37 21 5 23 55 56 51 60 94 6 4 36 15 89 0 33 73 37 84 88 16 37 90 10 38 50 22
 53 9 15 34 23 7 55 62 2 10 23 28 5 82 15 58 85 7 16 14 66 42 48 5 75 97 72 22 2 78 84 85 1 68 51 41 73 95 50 31 66 74 51 79 93 21 42 77 32 64 97 87 75 82 97 12 0 40 48 95 78 65 45 39 76 41 93 55 48 46 27 23 70 71 16 44 93 18 83 78 31 36 52 39 94 49 26 70 78 66 69 85 26 68 55 34 61 8 41 37
 4 0 33 79 94 48 97 37 96 1 75 12 13 46 7 96 10 87 26 72 83 26 73 78 11 12 96 98 79 17 86 0 82 20 32 11 94 42 21 32 20 0 78 22 73 51 90 6 65 57 23 87 57 41 68 14 91 0 85 86 60 33 95 91 12 20 85 47 63 44 47 24 80 9 42 45 63 53 72 71 8 14 84 15 0 42 75 80 19 91 87 53 40 42 73 27 16 13 52 96
 78 19 92 18 18 44 71 50 5 43 1 35 69 93 45 94 94 15 92 37 32 8 66 63 84 78 85 17 32 57 40 24 78 5 87 26 18 94 24 96 79 60 11 74 45 54 90 3 26 62 29 15 6 79 6 11 57 53 0 48 3 56 7 93 53 68 59 21 51 68 47 57 85 37 28 12 56 82 68 55 4 83 32 89 5 15 40 69 50 93 39 95 9 62 83 80 62 93 79 45
 0 26 80 26 78 50 39 27 76 90 59 69 70 99 49 29 61 53 90 89 5 88 34 67 39 76 74 55 75 68 21 81 16 33 29 16 8 41 29 88 25 20 96 17 58 96 1 2 11 73 78 98 60 58 57 91 90 58 67 0 72 58 35 44 61 99 56 35 51 43 6 85 15 77 21 51 16 78 29 51 74 37 78 64 75 25 75 49 89 81 47 32 51 81 38 76 93 87 46 48
 72 3 43 32 76 38 83 30 32 92 6 15 27 16 79 55 19 3 24 43 12 49 2 72 65 25 44 30 27 35 96 13 13 45 76 34 15 71 42 41 14 91 3 81 6 80 37 99 0 19 11 43 10 60 1 4 27 72 72 36 0 92 87 63 88 39 93 64 11 45 22 88 52 35 27 57 20 95 31 15 87 87 3 16 58 90 13 22 90 78 51 74 88 13 79 91 55 73 80 27
 62 53 32 22 77 87 23 73 21 77 98 27 45 28 1 42 26 24 34 44 41 99 27 3 65 26 89 11 37 61 63 64 82 27 90 94 93 85 81 15 85 55 23 28 33 45 56 37 78 13 32 68 92 93 57 27 23 39 83 27 15 0 91 65 5 67 49 49 89 60 80 28 70 35 17 70 99 82 24 6 58 7 21 12 55 7 34 96 97 52 73 9 53 43 80 11 74 70 68 59
 88 96 78 41 22 8 8 43 94 99 49 8 64 28 12 35 77 62 82 16 36 99 71 5 92 55 21 2 15 40 99 66 22 65 42 4 69 28 0 93 36 27 63 49 91 7 83 13 36 95 82 86 78 48 8 25 26 26 23 68 30 34 0 24 40 51 39 47 41 64 64 14 44 24 39 41 64 92 60 12 4 5 32 2 3 53 6 86 43 96 65 24 0 4 83 44 69 15 97 1
 14 85 19 56 60 95 8 4 34 4 90 19 88 2 42 31 58 83 46 76 97 62 46 89 18 13 76 80 94 52 24 19 33 10 25 81 81 26 39 5 72 11 97 79 50 27 0 90 7 83 40 16 8 29 60 20 43 25 54 76 34 48 24 0 37 25 97 75 23 11 44 23 87 93 44 21 94 22 97 87 9 84 25 12 95 58 91 68 52 21 1 82 26 40 19 93 8 45 63 7
 18 32 39 74 82 79 94 18 9 61 55 1 91 90 32 17 96 18 16 87 11 33 49 28 98 30 38 11 87 53 69 67 94 80 73 75 17 12 67 94 58 24 15 10 86 74 93 22 40 27 26 1 26 88 56 33 62 13 81 97 63 65 21 16 0 59 6 62 4 2 16 51 88 42 80 22 24 1 13 94 65 97 23 53 75 31 87 56 37 30 63 90 61 64 38 41 35 52 68 60
 36 0 1 2 44 18 78 57 42 37 98 69 38 4 92 9 90 63 94 49 61 67 46 69 76 55 19 87 51 2 65 59 51 71 67 36 91 48 81 72 80 66 13 92 83 68 37 46 84 84 23 94 17 47 85 12 18 67 39 75 59 6 35 27 95 0 74 64 34 50 71 51 59 23 51 83 60 24 20 31 1 59 73 43 58 46 0 50 9 14 87 99 64 66 12 66 19 27 86 62
 62 86 0 26 65 99 97 60 66 17 96 96 14 65 72 54 53 74 91 84 20 68 47 34 58 1 33 82 78 30 3 32 48 89 38 18 24 63 31 35 4 88 98 45 87 41 32 63 89 10 58 86 44 70 81 0 56 53 20 96 8 24 66 38 97 16 0 92 16 60 55 51 52 99 93 82 87 65 81 49 87 24 71 97 64 49 10 42 55 80 12 56 47 29 92 35 34 43 8 62
 30 22 97 66 96 89 62 19 93 35 8 45 62 91 21 58 30 93 15 66 56 99 37 77 77 18 30 30 21 85 7 2 87 83 10 77 28 96 61 4 12 34 35 97 76 62 42 52 20 91 87 46 90 25 93 29 29 73 53 96 88 37 5 17 7 58 60 0 55 24 96 25 11 0 21 5 27 56 80 20 49 0 58 41 52 4 12 12 29 47 95 84 79 65 27 16 16 35 5 39
 43 86 35 13 32 87 11 85 8 47 98 3 0 53 56 9 33 59 75 63 61 46 56 70 70 43 73 35 10 20 82 95 66 78 46 9 60 2 94 41 24 62 43 77 11 62 9 86 98 6 60 18 22 66 34 25 81 49 9 83 27 39 19 1 93 67 95 21 0 23 88 85 11 47 38 80 72 39 89 13 60 8 94 13 12 33 84 32 24 42 50 77 77 96 40 36 98 82 13 60
 33 43 30 46 21 48 8 13 62 43 11 21 2 98 19 90 37 54 84 82 64 78 68 16 10 93 20 68 64 76 78 9 38 34 84 15 25 4 68 65 74 85 83 77 17 75 5 73 77 47 74 48 29 38 39 80 40 23 17 17 29 41 56 1 87 46 2 14 62 0 57 4 93 30 96 12 44 40 15 92 99 33 22 94 89 19 29 18 22 54 96 99 32 14 16 11 88 34 68 3
 48 67 88 64 21 61 29 7 47 83 81 70 3 78 76 86 66 10 24 7 24 82 94 74 40 49 87 64 67 16 95 74 5 87 99 10 7 20 22 31 27 57 93 80 16 42 91 5 18 39 42 12 63 81 78 70 17 59 13 95 51 29 68 43 60 35 2 65 63 31 0 58 47 89 53 76 33 53 80 46 86 45 47 22 65 44 38 5 61 51 62 51 2 97 89 75 54 92 95 53
 35 99 66 90 37 24 36 95 0 62 13 84 49 84 4 67 59 28 65 19 23 14 58 29 30 81 35 57 54 57 85 55 53 93 11 99 54 6 14 68 56 20 25 45 53 0 38 27 87 41 56 26 52 7 94 68 38 64 53 48 81 48 48 11 24 82 56 53 13 91 78 0 80 66 82 87 71 52 48 52 8 78 34 49 7 5 74 12 77 97 71 65 74 25 60 76 72 2 22 63
 41 23 87 34 42 56 93 42 89 47 82 64 48 51 7 85 4 30 48 60 60 5 53 8 5 3 75 17 32 89 99 28 86 62 88 79 46 15 66 1 29 98 23 50 42 87 56 1 27 12 10 50 86 45 52 98 89 47 58 23 11 92 4 11 41 44 8 9 23 93 10 27 0 98 8 95 37 4 49 24 97 44 16 20 95 76 84 14 22 6 62 20 12 51 45 5 83 39 60 81
 28 30 71 28 68 43 36 93 27 37 15 76 70 38 42 45 16 34 82 95 38 77 63 44 93 79 66 23 80 47 35 77 0 63 62 92 69 94 44 21 61 63 49 35 85 87 80 59 10 33 36 82 50 58 59 69 37 8 15 12 89 27 84 74 70 67 74 41 51 97 38 85 50 0 87 32 29 50 4 4 14 22 23 39 18 77 40 31 41 84 28 94 22 4 11 91 68 46 41 44
 70 4 97 86 43 51 48 11 11 29 17 30 83 93 53 15 18 28 83 93 80 91 94 29 0 58 89 81 62 45 94 41 28 30 78 21 20 34 57 4 68 80 39 21 36 96 21 91 97 37 92 38 31 43 37 6 78 67 23 33 40 87 3 18 13 96 38 56 1 84 42 4 92 25 0 89 90 87 44 6 7 88 74 73 97 63 45 30 56 69 93 66 33 63 89 12 52 59 9 37
 2 39 79 92 17 81 39 81 49 3 51 33 36 20 27 95 3 54 43 42 90 89 6 76 23 34 62 28 23 14 52 70 57 10 2 58 87 21 89 9 88 50 18 45 68 79 93 38 79 26 15 89 76 38 43 89 11 64 54 60 83 27 95 13 59 28 35 84 8 37 5 94 6 72 73 0 46 68 77 30 29 55 34 98 64 31 66 32 23 63 96 11 56 41 47 45 93 80 60 8
 75 87 71 14 1 43 89 83 33 47 45 8 90 96 59 29 97 85 63 95 16 3 99 38 52 10 9 38 11 89 48 13 28 98 12 16 53 1 68 69 7 90 71 25 73 38 30 79 56 55 36 42 13 94 70 14 4 30 55 28 85 83 86 91 41 67 29 89 98 75 12 93 24 18 64 58 0 79 28 63 59 12 12 79 33 87 68 94 99 91 46 17 5 40 4 18 56 20 83 23
 69 65 91 87 14 58 30 85 49 20 66 30 48 51 20 43 96 43 11 10 57 3 97 35 31 80 27 8 96 21 71 85 8 94 1 13 68 42 76 60 71 98 91 60 14 88 61 41 52 24 89 98 81 75 85 52 25 1 80 4 19 38 28 41 67 38 11 6 46 63 38 28 44 40 95 19 94 0 29 98 83 73 19 94 41 93 75 88 88 36 65 95 66 58 8 51 95 55 73 27
 71 79 53 72 74 29 2 41 66 96 73 37 10 65 35 72 2 22 35 23 18 43 5 10 72 44 94 81 11 16 49 13 80 70 13 91 98 4 1 74 47 68 18 55 50 65 53 82 65 2 36 36 5 21 90 38 85 48 63 43 28 95 9 90 35 25 40 42 32 7 65 87 96 40 43 60 3 44 0 41 82 19 26 68 75 58 5 99 30 91 76 62 31 38 15 86 75 78 2 99
 58 42 41 38 42 23 61 66 44 64 9 15 44 15 90 69 30 30 40 38 4 29 90 18 6 30 15 13 88 69 29 82 58 77 96 73 29 27 28 33 59 77 28 8 26 82 25 46 12 9 68 50 39 53 9 21 36 71 68 66 35 85 86 88 78 43 91 28 57 88 62 88 93 16 94 60 63 43 15 0 15 85 0 22 84 56 56 13 97 8 10 77 10 38 86 71 44 77 87 17
 34 27 64 35 78 39 23 75 2 21 90 94 83 92 12 53 64 13 52 30 60 3 64 80 59 99 7 22 68 33 85 65 47 62 85 53 87 11 72 87 17 35 30 52 1 54 28 8 86 83 72 35 68 55 54 16 85 62 78 74 89 7 38 39 21 22 83 20 28 78 53 41 42 65 86 77 55 8 44 84 0 20 64 26 94 94 4 30 76 78 57 74 27 85 79 52 90 75 19 21
 64 2 53 38 55 14 39 58 89 53 21 22 15 23 11 41 87 23 88 23 20 45 59 24 30 54 7 61 15 60 15 25 70 49 83 56 57 62 25 61 65 40 22 90 27 85 24 77 20 25 13 91 8 24 60 34 46 36 40 7 73 53 68 31 33 20 59 66 83 73 86 29 40 5 86 80 28 97 12 47 74 0 42 97 35 10 71 99 17 64 36 41 37 30 41 93 94 9 30 92
 42 96 26 73 22 31 74 25 32 87 22 30 78 53 36 76 64 30 20 23 7 45 94 65 64 43 28 47 84 49 2 44 57 49 5 97 37 81 88 93 20 28 70 43 79 18 39 82 96 42 91 72 73 42 17 21 9 79 14 62 98 17 42 15 25 70 70 25 22 76 56 4 88 56 33 66 85 51 49 66 6 44 0 55 68 68 59 0 89 77 51 17 5 96 44 76 91 80 88 5
 73 61 44 13 31 46 6 73 60 79 72 95 12 42 59 98 37 99 81 13 75 40 8 33 41 39 5 60 60 97 87 73 89 27 38 21 45 1 47 43 85 85 1 3 8 1 55 90 85 22 72 23 40 21 65 61 87 75 56 7 23 78 95 80 45 74 63 59 16 6 91 45 96 47 46 13 1 7 54 30 89 61 4 0 7 72 73 24 38 15 82 55 14 96 12 9 15 30 3 17
 24 88 93 32 9 63 23 4 5 95 21 83 76 39 41 94 77 95 25 70 6 7 30 77 53 91 60 82 94 60 34 95 36 98 5 28 28 7 71 37 58 28 43 40 75 20 12 76 24 27 91 29 39 20 79 77 45 59 20 14 30 37 59 19 16 58 70 23 45 62 82 77 91 26 70 31 52 5 1 65 53 69 83 89 0 74 65 74 56 47 49 30 92 57 94 11 39 98 12 66
 45 27 98 48 39 57 61 20 40 38 4 16 50 47 66 41 40 94 79 10 43 51 65 10 92 39 87 77 80 63 60 20 53 87 63 20 27 43 22 42 26 61 53 42 21 93 54 89 14 63 41 28 24 6 47 59 7 52 9 45 34 20 34 80 47 90 25 79 86 50 85 62 76 16 59 69 47 77 32 14 37 39 21 98 73 0 65 2 48 79 81 33 60 98 99 61 92 41 56 50
 44 43 36 65 59 6 71 32 17 18 0 69 28 98 2 56 66 78 58 25 41 6 4 30 51 19 17 47 82 90 38 60 16 53 39 58 11 96 42 22 66 99 5 36 49 51 4 29 63 74 83 3 25 86 27 41 5 46 89 45 3 42 37 9 4 11 73 46 31 95 5 20 53 92 45 52 99 25 22 17 55 78 19 19 36 61 0 87 65 23 90 9 84 79 49 57 89 2 51 16
 71 77 96 36 2 53 36 83 79 66 60 31 63 65 19 63 45 38 57 60 6 73 8 8 46 62 96 92 13 69 50 45 75 58 96 28 33 0 26 62 45 1 20 19 48 75 45 13 60 79 30 53 88 34 74 75 93 75 89 91 14 45 93 32 58 71 1 91 18 78 51 67 57 57 63 5 18 34 6 26 21 52 12 72 86 76 16 0 46 4 20 56 49 70 13 46 65 68 59 48
 95 31 0 36 33 71 94 75 89 16 95 41 90 47 14 15 11 30 82 0 14 89 22 83 59 59 86 99 61 37 73 55 88 50 59 6 62 94 57 85 64 70 2 53 40 32 3 81 6 18 33 10 98 91 7 75 76 44 88 46 53 89 73 54 42 95 11 42 70 73 79 69 29 90 87 31 47 47 29 80 31 19 97 21 86 64 12 26 0 73 84 24 48 29 62 35 25 70 58 4
 10 29 23 32 94 21 16 97 37 25 76 61 52 93 47 69 51 21 28 48 97 34 78 79 34 69 91 89 70 46 71 81 37 4 70 83 98 69 2 19 43 59 2 43 68 63 38 19 13 88 72 64 41 35 80 19 92 96 30 66 15 92 89 18 69 85 31 0 31 41 71 92 95 45 31 48 60 81 36 6 85 56 0 82 37 10 65 9 57 0 58 41 23 14 0 12 3 80 78 19
 5 13 27 6 12 64 15 46 74 76 95 66 34 79 2 78 24 58 24 0 83 89 73 44 55 93 32 9 87 88 96 55 21 33 74 82 31 24 2 19 72 1 3 84 7 58 76 11 38 97 62 96 46 84 80 53 87 26 18 84 56 65 35 39 42 6 34 67 22 56 0 93 88 65 18 33 57 98 3 98 87 68 1 93 75 94 57 2 91 63 0 31 63 2 31 13 25 94 49 58
 42 41 86 15 63 67 29 40 16 56 77 25 89 90 38 39 9 96 18 40 47 2 23 56 58 26 33 26 69 42 52 26 80 96 31 73 71 6 64 7 91 18 68 70 62 67 88 17 51 50 42 77 96 32 21 10 17 80 23 87 61 72 22 86 5 15 88 88 31 38 87 64 52 42 85 10 79 51 86 21 17 55 74 87 95 95 78 63 27 82 18 0 26 64 60 12 24 24 69 89
 64 10 19 47 94 73 77 84 99 6 54 74 83 66 65 72 76 77 42 62 98 43 71 2 84 70 75 67 36 17 68 70 31 48 46 73 31 23 68 63 64 4 36 29 9 68 87 68 58 20 42 13 47 39 25 70 84 69 91 72 29 75 75 26 70 87 64 32 22 37 23 39 45 29 55 85 62 39 44 92 23 35 12 25 6 18 23 85 4 14 31 82 0 79 48 47 16 21 49 47
 93 85 90 68 73 86 16 23 95 37 84 51 10 55 70 1 64 33 52 99 58 21 33 58 99 35 39 85 58 16 94 24 90 3 24 93 26 26 40 47 42 52 55 81 79 60 94 20 14 67 83 40 78 31 97 43 77 30 4 19 55 12 72 85 32 23 79 79 50 6 0 11 51 10 46 44 99 27 79 45 53 77 30 79 12 70 60 26 43 95 9 61 43 0 43 89 49 31 67 14
 59 53 66 52 58 25 87 45 39 35 1 74 60 22 85 3 4 83 41 62 23 21 81 78 58 30 92 56 91 92 69 56 8 86 12 26 53 61 54 85 79 42 76 46 10 67 89 4 74 13 0 14 80 68 87 56 18 12 4 78 72 77 66 10 32 1 80 62 17 4 34 27 20 53 35 27 53 45 3 71 67 81 76 38 88 41 74 77 16 10 3 24 30 21 0 81 1 54 68 27
 19 90 23 99 75 15 21 48 95 64 23 42 33 53 16 39 71 59 71 42 36 54 19 35 17 4 29 21 23 11 87 45 62 38 49 7 36 58 70 70 59 39 36 9 29 60 74 84 94 18 99 50 95 22 26 72 66 73 29 14 24 66 87 63 26 75 4 82 80 13 28 2 87 78 2 62 21 44 88 8 91 83 11 23 82 27 85 42 88 80 64 61 27 66 28 0 79 83 84 33
 40 32 74 75 24 1 89 55 91 81 35 33 58 19 26 41 56 45 36 59 56 80 27 56 0 10 85 4 29 98 53 37 11 94 25 48 8 60 6 34 2 52 19 28 20 38 13 46 98 61 25 50 77 38 28 44 5 73 49 23 73 54 58 67 44 54 97 92 45 98 66 51 68 76 26 27 6 87 79 44 58 14 70 41 44 3 36 70 95 51 78 81 0 64 47 83 0 43 30 33
 36 80 49 67 47 62 0 80 69 76 49 63 5 60 99 81 1 47 54 58 64 81 38 39 52 41 33 95 12 52 34 92 17 68 26 13 21 64 39 60 57 76 12 92 32 44 1 62 74 69 71 60 55 92 17 37 74 76 29 92 17 63 29 17 44 2 89 73 45 29 92 66 72 85 44 83 17 95 88 49 1 41 85 71 10 54 13 50 76 91 25 73 62 99 58 52 66 0 27 89
 20 95 93 46 62 38 81 29 52 8 40 86 1 62 85 94 5 23 49 37 80 71 68 19 11 1 16 69 87 13 36 18 68 55 89 98 6 49 37 18 7 60 13 59 48 46 11 46 57 50 63 65 62 24 56 14 20 78 44 94 23 51 99 36 74 88 58 92 48 12 32 92 28 36 77 92 42 80 74 36 73 96 69 34 63 19 75 78 37 88 54 57 9 91 72 21 5 67 0 35
 22 15 94 97 50 55 1 99 85 26 98 75 54 65 48 60 65 11 82 70 38 37 49 41 45 70 61 23 87 66 43 64 42 90 43 43 21 34 83 18 90 95 10 36 17 99 23 19 1 69 78 68 21 74 13 24 41 6 84 70 71 53 57 73 11 15 60 84 55 3 19 73 5 20 62 35 16 5 13 25 8 69 63 63 70 19 50 78 38 63 62 11 15 7 83 98 4 84 54 0
