100

 0 52 81 97 73 4 1 47 27 24 75 99 49 49 14 29 93 2 70 53 11 56 95 29 67 82 31 17 89 48 77 56 26 21 7 70 1 1 10 78 69 37 4 69 93 65 60 31 54 23 52 27 25 86 92 30 68 4 62 3 10 30 55 39 78 30 11 47 17 40 32 54 87 41 99 29 71 43 89 44 46 39 35 83 56 23 78 35 88 43 65 59 64 45 84 35 86 8 84 48
 98 0 95 39 77 2 1 22 71 88 19 4 25 4 13 66 78 44 2 38 39 73 90 62 76 94 18 34 15 20 73 74 51 88 16 12 48 94 37 8 22 9 9 99 55 8 38 97 58 71 48 17 87 6 2 46 41 46 19 80 97 8 31 80 71 13 35 81 26 50 62 25 97 45 79 54 77 44 10 32 52 86 26 94 40 22 68 68 10 25 14 36 10 16 61 99 89 15 4 92
 35 65 0 84 90 44 75 46 22 89 71 77 45 78 91 88 33 4 18 94 54 0 76 48 62 2 74 29 42 85 87 60 19 78 0 10 36 39 34 80 70 58 71 24 5 73 71 75 91 34 33 35 11 12 66 30 99 2 42 93 50 12 81 88 17 91 79 20 61 26 82 57 45 51 19 55 89 36 47 44 65 59 4 83 12 58 51 3 23 1 69 40 45 90 89 27 36 23 36 36
 71 7 22 0 90 44 89 17 78 98 13 80 78 39 89 55 9 50 6 84 79 88 38 10 52 27 95 65 96 56 56 3 30 54 33 14 3 36 57 82 53 98 88 27 72 79 69 75 21 51 15 53 64 25 86 93 93 80 59 67 57 19 31 72 65 93 15 92 99 8 90 33 79 44 98 79 44 30 66 84 2 77 56 89 53 43 81 42 42 19 82 15 38 40 65 4 91 52 33 75
 85 73 97 39 0 19 8 74 94 34 22 79 75 97 3 49 82 95 88 66 91 69 12 76 33 96 31 15 25 76 31 46 36 42 19 66 54 73 94 30 28 56 33 76 53 0 66 2 33 20 71 61 8 27 49 67 33 62 95 10 67 29 56 13 85 1 81 4 32 74 29 1 67 75 23 98 31 32 51 77 81 92 63 56 73 22 14 32 98 39 88 34 23 46 31 22 91 9 23 67
 3 51 43 3 59 0 82 1 23 43 54 60 77 3 26 53 36 88 43 61 21 96 97 98 4 50 13 37 56 22 4 10 30 45 52 40 30 76 62 90 85 17 4 80 21 1 41 99 61 42 7 92 28 12 19 24 92 62 59 44 97 10 47 35 99 24 45 28 26 40 52 45 47 49 91 65 13 52 38 65 23 11 6 52 47 16 25 30 98 13 63 4 79 1 19 18 33 43 12 10
 24 56 84 90 48 20 0 83 99 66 82 80 82 16 94 93 87 91 3 37 51 26 48 20 66 16 0 51 51 16 49 96 21 78 78 61 27 13 90 52 17 88 17 83 69 45 13 13 63 92 81 90 98 62 66 41 56 14 92 37 21 49 78 71 0 59 28 61 5 2 34 84 80 5 86 52 98 65 13 83 0 65 75 93 33 2 47 14 61 36 23 73 58 53 22 34 82 7 36 71
 17 41 50 25 51 95 74 0 95 73 5 69 48 91 60 72 2 92 0 81 20 28 25 10 56 55 73 51 35 89 6 57 98 15 68 86 59 52 39 30 10 16 98 53 3 53 30 92 72 89 48 79 96 75 63 82 23 42 27 38 5 61 10 99 85 2 72 76 13 23 88 18 60 26 31 94 48 17 58 62 90 16 35 12 9 92 15 28 27 56 18 83 38 8 67 48 40 89 48 7
 44 23 37 33 55 8 54 58 0 25 85 82 19 29 81 83 62 3 36 17 21 41 83 65 53 53 14 58 97 37 65 57 29 57 27 16 55 98 92 53 8 24 2 7 23 51 87 14 39 80 29 94 68 65 62 69 30 11 68 42 88 91 67 14 34 69 26 74 78 39 71 5 12 78 95 13 57 38 89 86 82 13 64 15 46 70 88 54 30 92 71 75 28 92 5 11 39 16 88 53
 30 88 34 8 29 4 66 6 54 0 74 6 97 29 10 16 90 33 9 19 3 94 31 60 18 25 47 3 95 64 66 67 10 21 51 21 51 6 71 72 7 97 72 91 38 48 65 79 21 49 0 70 41 28 98 72 59 5 62 53 14 17 9 73 95 88 84 16 58 69 41 20 24 34 59 59 25 31 80 64 74 47 86 19 65 87 9 48 71 43 58 82 83 51 92 49 95 91 59 17
 49 22 99 10 67 77 66 58 86 21 0 2 82 53 87 79 8 45 19 56 35 66 3 56 24 43 68 27 66 32 22 96 58 52 25 4 62 79 71 71 51 12 83 86 37 47 97 54 84 86 62 68 66 85 97 57 15 71 90 60 34 63 89 13 81 74 80 71 50 74 80 61 96 60 18 45 5 99 27 27 77 11 51 2 27 92 74 78 78 56 34 19 57 82 68 61 16 57 21 49
 86 89 85 62 64 6 27 88 3 95 30 0 50 55 69 19 95 14 94 26 79 61 78 88 1 37 26 49 17 49 2 59 14 37 97 71 93 35 50 85 35 72 56 36 54 33 66 57 99 85 75 63 49 33 72 88 26 24 8 32 1 59 41 45 8 91 89 48 81 12 48 61 71 19 66 52 3 4 61 3 33 39 66 4 74 31 37 1 33 68 24 49 64 84 46 76 67 25 50 62
 83 48 71 87 24 99 75 64 74 76 8 77 0 61 49 31 27 83 10 63 63 11 59 5 8 87 88 12 13 95 6 51 85 96 93 2 46 16 16 7 33 69 8 83 18 52 25 99 4 89 70 66 11 56 61 20 12 32 2 60 1 91 66 49 25 0 14 67 42 47 64 60 70 31 45 51 42 0 29 18 28 17 54 37 27 49 34 87 33 58 12 85 86 87 91 24 26 96 95 43
 19 26 19 67 13 48 80 93 95 31 46 34 17 0 71 70 47 57 85 76 3 81 4 7 3 12 30 15 23 76 86 66 99 17 86 84 37 98 39 5 14 65 40 76 79 92 1 62 71 72 76 42 69 77 83 39 69 74 9 16 19 7 58 57 22 1 92 97 64 76 54 81 40 89 65 12 35 0 53 88 10 43 76 7 93 70 40 2 51 62 41 21 74 6 43 68 22 67 53 62
 94 95 48 46 74 73 25 28 83 70 6 10 3 68 0 30 40 71 74 4 92 17 57 65 94 35 61 71 93 61 88 8 54 31 88 53 69 33 56 51 71 3 71 41 18 55 0 73 14 47 39 53 32 94 90 9 12 16 78 68 8 52 28 50 33 26 76 63 86 5 66 44 72 14 94 23 62 31 52 40 59 45 43 10 65 59 56 17 96 35 7 27 52 43 59 0 50 33 44 35
 80 67 28 84 24 60 78 52 90 29 8 1 78 96 88 0 96 42 93 51 14 80 49 49 13 9 89 73 78 47 7 11 87 50 82 77 12 14 30 58 73 30 91 50 10 80 18 24 42 47 64 40 60 99 65 41 26 40 27 29 11 60 84 1 56 22 12 79 94 83 25 69 60 65 54 24 50 72 72 79 7 42 41 86 37 1 84 73 88 66 24 12 82 5 0 17 0 46 79 6
 89 34 60 31 75 42 51 23 7 2 84 10 11 86 95 89 0 57 83 38 64 19 58 47 99 0 50 71 68 48 34 35 29 35 52 68 22 15 95 43 23 19 45 38 21 66 5 19 30 80 62 91 72 22 56 88 20 30 11 57 75 46 93 49 42 0 81 1 57 63 54 95 44 26 72 19 80 85 92 82 69 39 25 56 64 45 95 23 89 17 34 6 8 12 15 49 36 61 60 15
 35 54 17 75 1 2 16 1 11 79 12 64 10 82 7 18 90 0 28 28 1 7 90 46 39 9 79 34 66 31 49 29 24 50 2 90 62 40 0 94 85 26 84 46 36 56 4 0 67 94 11 44 46 32 63 64 7 89 97 45 67 22 6 41 57 33 81 46 92 26 29 25 68 95 78 71 25 84 91 90 5 74 62 99 24 98 52 17 56 74 35 49 66 25 6 26 51 23 95 37
 23 98 35 49 21 96 79 18 29 16 24 95 52 80 7 39 5 44 0 2 3 57 95 6 53 39 37 96 77 28 93 61 95 3 51 63 47 78 55 57 35 16 76 9 77 18 48 4 0 13 13 2 42 58 60 48 75 68 45 83 3 47 0 54 34 38 68 57 74 91 49 26 32 78 99 59 50 83 67 10 8 17 80 16 78 80 43 76 27 74 53 17 73 13 3 42 3 21 83 22
 7 72 87 50 51 64 37 10 86 14 85 32 72 24 6 8 35 53 2 0 49 88 29 17 40 39 13 34 48 53 25 36 4 69 86 27 81 48 81 95 29 49 10 86 98 10 25 11 68 95 92 81 34 12 17 71 99 96 47 17 18 65 89 27 74 34 52 92 5 35 94 64 88 9 38 49 49 53 9 49 76 82 40 75 35 8 86 25 80 89 14 25 38 14 47 72 72 56 55 63
 93 90 52 3 36 15 19 25 49 0 82 68 46 62 3 99 71 59 3 91 0 85 60 95 99 6 41 37 55 11 72 22 49 15 11 23 24 64 44 95 0 22 87 42 93 38 80 47 75 70 0 16 76 82 40 74 19 37 60 39 23 57 5 84 5 34 70 53 29 80 52 1 43 59 25 67 70 96 60 52 14 48 86 35 69 34 31 79 87 74 93 38 11 48 72 68 34 92 4 67
 31 2 60 79 52 10 26 40 0 77 65 22 99 29 5 13 35 40 21 95 3 0 50 67 55 99 77 61 51 58 12 99 34 35 72 77 58 59 84 39 96 27 55 93 43 16 68 43 37 48 81 89 96 6 26 19 13 10 60 37 40 36 73 17 23 86 4 99 41 92 56 68 28 34 9 18 24 87 23 69 78 44 82 68 87 0 67 56 56 49 64 99 51 42 90 0 41 81 75 32
 95 38 30 9 98 52 33 6 31 25 20 83 19 22 54 48 60 56 68 63 96 86 0 10 22 31 53 1 94 57 4 86 64 57 21 97 53 45 53 59 93 60 0 85 1 6 1 11 4 66 44 37 36 4 44 67 22 3 11 74 91 10 76 10 79 35 14 67 83 47 45 39 7 50 24 95 48 55 50 39 75 0 54 70 39 39 96 7 52 16 15 85 29 22 33 86 17 62 40 83
 33 54 75 1 8 93 90 13 34 72 94 21 63 87 37 56 52 68 10 43 59 46 19 0 21 8 6 60 99 82 28 64 41 96 77 51 72 59 28 95 68 62 63 62 11 23 46 49 15 25 16 64 98 39 4 50 51 82 42 63 58 37 67 27 89 4 57 72 26 35 19 15 13 28 76 25 17 15 1 78 79 72 73 6 91 36 51 11 8 10 41 93 98 37 26 8 90 93 70 27
 30 30 22 65 49 69 91 84 23 88 92 27 1 4 11 97 95 13 98 62 83 14 24 69 0 64 60 62 56 74 35 37 26 60 44 15 3 96 43 67 90 34 15 95 43 55 12 16 37 9 72 84 42 50 65 63 89 53 92 36 77 95 60 68 72 18 81 38 63 59 71 40 3 51 35 41 45 6 13 88 69 42 62 44 35 71 83 45 68 2 25 46 91 97 63 35 72 75 80 1
 26 48 47 0 10 59 32 58 39 3 62 35 55 39 89 80 97 4 25 87 76 99 50 58 93 0 17 27 48 32 74 22 22 43 81 28 75 10 85 95 87 98 79 17 14 99 14 66 82 26 40 60 73 3 19 31 78 65 28 43 45 70 0 15 79 75 78 9 35 85 51 59 29 62 46 48 25 41 71 16 50 52 41 59 31 38 85 70 42 58 67 80 22 4 87 27 4 64 39 67
 46 63 86 99 53 42 31 64 57 95 77 57 48 53 9 93 84 46 59 32 52 42 19 75 41 7 0 5 9 92 68 34 4 73 41 93 72 23 10 83 21 56 31 68 23 52 19 76 19 16 32 1 88 89 22 91 76 86 0 37 39 27 70 52 46 80 91 46 29 13 19 82 28 69 84 67 79 75 94 17 84 13 85 35 15 48 13 24 78 76 36 28 25 42 12 42 89 2 50 33
 5 7 33 94 88 50 64 87 24 38 18 95 97 36 79 35 94 58 65 79 22 70 4 28 34 74 11 0 35 99 0 42 3 96 61 47 14 68 92 78 37 38 69 12 86 86 6 60 76 59 19 11 32 30 64 71 32 16 72 78 36 0 6 93 37 18 83 35 43 12 69 83 0 33 21 24 18 49 42 56 56 82 33 83 98 29 31 46 19 59 54 27 72 8 38 97 81 44 11 19
 5 31 53 11 29 69 0 94 24 76 57 4 16 44 63 38 35 94 73 81 80 26 65 17 67 15 3 92 0 56 54 31 51 21 72 57 42 60 41 67 82 38 69 56 13 64 87 16 45 63 32 13 87 38 76 92 81 38 23 25 39 94 76 57 24 88 0 74 70 90 4 70 35 30 51 69 40 88 56 65 35 85 55 4 17 75 24 61 96 2 43 84 27 90 80 15 57 50 61 18
 26 86 54 10 97 28 14 84 7 76 68 63 22 24 96 47 36 95 56 78 55 60 78 47 66 10 74 77 27 0 84 82 80 48 82 2 54 8 88 33 85 43 65 35 27 45 92 40 81 57 56 93 14 97 8 85 55 27 66 39 49 9 35 48 8 30 98 62 63 42 71 28 89 46 6 44 24 44 56 21 77 67 83 59 11 41 33 99 89 64 70 39 0 27 55 64 18 9 77 33
 93 88 76 0 68 60 73 9 7 28 29 83 53 32 90 69 95 60 57 30 37 32 38 53 65 29 99 5 16 62 0 78 74 21 43 79 0 83 49 89 91 26 11 60 65 35 40 89 50 46 84 9 92 22 64 48 90 71 0 83 65 4 43 88 7 22 86 95 45 18 66 55 58 0 20 33 42 57 85 72 20 91 70 35 45 59 90 45 81 42 10 62 63 94 53 65 4 87 55 3
 61 28 0 88 64 2 15 94 88 84 13 28 88 96 34 76 46 30 95 19 99 34 57 78 8 17 37 10 89 48 35 0 37 35 64 97 81 56 45 39 38 90 20 12 77 16 34 12 57 82 30 43 11 82 52 32 64 75 53 82 75 89 29 52 4 67 74 27 10 12 26 36 51 63 94 18 87 16 67 56 17 83 12 96 36 80 67 56 20 39 19 92 41 49 94 3 95 64 94 80
 5 49 10 75 38 33 84 62 84 69 62 23 37 93 53 91 41 97 53 13 94 14 2 23 70 96 92 92 75 7 97 75 0 21 33 90 62 58 17 94 47 12 22 52 34 11 65 34 87 58 84 3 15 20 99 64 17 61 72 81 64 98 40 0 30 99 48 87 38 83 72 45 85 24 58 84 4 75 11 97 40 98 6 35 58 17 34 35 72 82 85 85 56 62 71 23 50 91 53 37
 70 79 9 55 1 68 34 59 28 89 49 60 65 32 31 33 78 0 94 32 96 56 89 10 35 54 51 29 20 70 3 35 31 0 64 62 60 43 74 25 74 97 21 52 50 4 64 54 63 21 79 69 95 50 75 64 9 39 21 29 77 5 55 81 85 91 1 5 93 19 31 15 61 74 12 8 50 16 21 61 72 84 46 46 59 60 79 61 79 24 31 2 57 51 44 85 60 3 45 92
 62 77 33 19 24 35 47 46 84 21 65 75 91 51 56 0 5 1 2 21 54 41 94 17 68 85 62 50 82 86 81 13 44 3 0 56 7 67 74 41 38 42 70 1 50 84 47 47 72 73 30 20 2 26 61 71 7 12 42 51 81 88 9 6 71 49 29 18 25 97 28 23 46 95 69 2 16 16 24 85 42 70 48 55 69 97 53 28 93 7 4 61 9 99 56 23 27 5 78 18
 40 32 92 21 59 58 0 89 56 30 44 95 47 21 5 79 14 58 34 26 11 38 7 4 26 96 30 96 93 79 34 27 29 69 13 0 83 0 73 14 82 3 68 29 15 41 81 53 25 96 49 55 0 28 83 11 5 48 19 96 22 18 89 26 92 95 96 81 96 92 19 74 12 91 16 8 9 4 9 24 62 33 68 47 68 63 90 62 12 56 56 23 93 33 41 93 65 36 53 83
 81 15 20 12 55 23 99 10 12 62 39 9 24 70 58 61 38 72 11 99 39 71 92 55 53 50 3 60 58 91 25 11 43 0 97 25 0 75 83 23 61 37 30 53 76 69 85 90 67 91 61 93 0 53 32 28 89 67 35 31 37 55 46 38 89 15 62 56 64 33 65 74 95 29 63 73 98 56 68 4 80 21 78 33 22 65 11 4 64 82 33 69 64 7 43 17 64 84 98 85
 36 10 0 63 54 25 99 68 60 6 96 82 62 50 97 30 48 70 91 86 54 71 49 85 58 1 63 30 80 10 96 9 14 38 3 80 13 0 2 88 5 32 83 84 45 67 58 31 74 70 65 13 98 50 64 42 9 63 73 40 77 42 99 97 21 79 96 82 80 37 84 12 63 71 54 69 24 58 12 9 48 69 60 48 32 59 47 57 78 84 2 17 42 49 75 42 38 79 25 9
 36 4 52 31 74 82 47 0 96 63 1 73 8 64 95 97 72 81 95 66 63 52 73 33 71 73 53 20 27 84 42 91 14 23 8 81 17 14 0 80 59 70 81 98 77 48 98 2 44 54 42 55 77 91 55 33 78 67 35 86 52 67 51 60 73 66 73 69 62 55 8 46 57 48 37 43 35 53 75 33 88 10 61 56 94 74 83 52 55 38 66 13 45 55 47 96 84 79 3 54
 25 93 58 92 91 7 38 22 63 82 79 15 20 93 85 70 51 19 18 56 18 73 2 44 83 96 67 99 62 91 88 80 71 95 0 14 51 42 57 0 0 15 36 72 16 73 11 24 6 45 29 35 43 1 38 86 90 61 57 35 26 32 62 3 22 76 68 68 92 76 35 18 72 70 51 85 12 37 77 25 30 98 77 94 86 88 45 67 39 5 97 15 60 18 57 67 41 81 70 65
 38 40 77 27 46 71 44 32 2 49 62 99 55 10 93 24 84 9 85 93 65 79 67 95 48 17 2 22 78 64 9 93 58 34 56 67 33 47 0 13 0 74 40 30 9 26 16 48 47 74 35 52 12 38 62 34 41 38 36 84 96 44 98 50 48 32 63 1 81 80 61 82 16 15 43 54 19 90 9 43 58 81 26 23 55 21 41 86 52 96 90 49 6 17 5 67 32 95 14 37
 20 46 64 21 64 90 17 54 99 44 67 72 8 28 19 24 53 87 84 98 84 77 7 20 46 24 6 87 27 38 32 11 40 58 19 18 49 12 46 72 29 0 39 72 89 71 63 12 13 66 89 52 54 40 50 94 84 24 23 30 25 67 37 15 84 69 43 1 73 33 46 7 85 20 33 65 68 29 23 87 17 56 84 71 12 57 53 70 44 89 61 18 61 26 15 53 10 13 79 73
 29 84 2 0 5 34 95 61 44 13 90 34 48 94 32 93 78 92 31 34 93 23 69 78 66 82 35 71 41 42 56 67 41 65 9 83 84 38 58 52 38 64 0 18 47 62 27 77 3 90 51 91 12 82 53 66 2 21 50 33 72 1 87 90 86 13 47 26 48 33 27 77 62 5 58 44 64 26 64 18 42 92 88 77 79 5 52 62 89 52 69 52 11 87 55 86 99 75 60 70
 9 79 40 30 31 86 54 74 72 40 23 46 42 45 32 40 27 83 8 7 98 66 34 32 60 59 32 18 91 33 35 55 38 62 3 92 11 1 50 66 38 56 2 0 50 10 35 76 53 5 75 19 25 13 71 91 17 12 97 32 55 37 81 53 75 59 65 39 44 24 88 34 42 99 5 7 15 99 63 92 92 90 88 77 57 11 37 99 16 34 58 22 94 31 81 18 20 4 8 34
 78 79 70 2 55 10 42 79 86 19 43 86 22 69 66 15 9 56 26 70 0 4 20 51 81 54 16 60 44 97 81 38 44 79 30 51 60 69 63 67 78 11 18 36 0 96 67 45 81 74 45 58 56 14 0 60 1 58 51 22 50 7 7 41 81 31 25 21 2 99 32 4 19 98 41 14 62 76 55 39 44 46 74 79 93 57 5 0 34 93 95 86 35 61 33 23 2 61 35 93
 89 64 13 62 70 96 58 41 85 65 46 76 93 38 41 39 25 91 55 81 79 77 83 40 81 57 54 64 75 19 8 97 82 46 44 44 90 29 74 70 71 82 10 47 46 0 60 36 88 77 83 27 73 30 24 88 7 33 29 6 80 23 91 79 77 42 46 25 8 52 90 78 95 3 82 30 76 93 9 78 69 80 1 35 7 8 63 90 42 50 58 54 99 13 35 84 17 25 87 72
 80 69 46 84 27 83 14 95 77 31 76 36 74 96 92 14 61 9 70 48 9 75 56 12 77 1 85 5 2 30 63 38 60 75 70 90 86 52 6 97 28 56 75 68 11 51 0 89 71 74 27 8 76 9 92 54 41 5 84 64 85 91 64 48 41 8 89 92 90 70 95 27 90 48 26 53 8 61 70 72 71 26 96 27 3 52 52 20 74 88 55 93 26 12 38 87 44 90 48 35
 55 53 83 67 95 24 71 32 80 56 5 22 6 60 47 38 41 13 89 56 48 62 32 97 79 53 57 68 94 45 69 16 88 26 33 29 47 69 44 64 40 12 78 19 52 82 57 0 41 32 90 92 38 39 87 30 17 2 13 16 11 98 54 31 66 12 6 5 46 92 57 76 76 85 88 27 54 70 71 23 36 51 78 68 90 35 22 24 70 94 8 61 34 95 49 15 40 31 2 95
 59 96 94 75 88 89 77 56 20 75 70 43 16 9 57 47 40 16 2 55 82 36 1 4 24 16 34 93 59 16 66 87 65 10 73 26 20 46 70 32 21 52 91 27 8 44 81 45 0 18 94 65 24 25 11 65 22 5 83 68 9 42 38 89 18 18 19 67 49 77 33 71 70 55 4 97 41 21 27 18 7 69 69 67 75 21 85 81 11 92 83 72 49 51 40 67 99 43 28 21
 64 92 99 6 15 26 23 3 24 95 45 71 5 4 77 22 80 42 65 45 33 50 28 86 85 87 23 22 20 53 60 68 31 39 79 92 1 66 5 66 53 15 14 95 66 66 80 64 84 0 19 3 26 20 99 85 27 56 48 71 84 68 50 34 84 85 39 30 94 60 62 13 18 21 98 91 1 69 34 77 59 24 7 46 55 20 70 38 72 66 94 6 2 15 35 2 72 82 2 39
 3 36 24 89 15 87 2 44 67 76 13 61 1 48 74 24 84 82 50 83 42 48 3 66 91 83 98 51 96 26 49 10 47 99 1 4 51 54 21 80 57 32 66 66 6 51 47 2 8 88 0 15 51 76 40 32 54 23 11 12 88 16 45 38 48 77 81 1 93 31 33 70 67 80 3 51 66 70 73 1 26 35 31 93 30 9 14 56 41 18 62 67 83 99 88 40 98 31 30 43
 24 72 0 94 4 45 78 27 32 87 66 58 9 89 42 47 87 21 35 86 28 51 12 28 77 79 31 81 65 90 94 0 92 17 37 71 57 26 30 47 72 69 3 20 21 45 52 64 47 21 59 0 70 36 4 50 94 18 66 63 9 50 19 60 18 62 71 84 24 85 34 38 47 4 48 10 7 58 6 40 86 1 57 32 8 97 96 57 71 79 19 72 69 15 23 95 56 95 63 46
 14 33 7 76 72 64 58 82 27 48 6 2 48 53 88 77 46 24 61 97 79 92 49 56 57 6 83 88 63 21 6 98 55 76 53 82 11 80 4 52 45 95 49 5 19 74 39 22 10 77 1 17 0 87 7 62 18 68 8 57 86 61 96 14 14 32 82 43 27 40 83 87 83 66 75 82 25 7 51 51 87 24 30 27 27 45 13 43 63 48 3 42 32 21 45 81 76 49 82 83
 10 75 27 76 20 97 28 50 7 58 4 56 59 9 58 28 45 66 29 19 11 79 38 34 96 63 96 15 58 98 73 99 46 9 93 75 47 82 76 2 88 70 21 25 51 47 27 59 74 53 47 98 34 0 19 54 41 23 76 89 77 45 41 6 91 94 73 48 89 34 10 63 27 43 25 20 15 81 52 22 77 4 91 39 4 97 4 14 80 18 91 69 71 74 14 47 87 44 98 68
 16 6 99 52 44 14 26 29 71 31 80 89 0 30 64 78 35 79 65 6 91 87 46 49 46 93 42 55 41 19 71 10 1 49 68 44 14 96 6 51 51 27 68 70 0 79 44 60 76 18 97 69 8 25 0 44 73 92 42 32 43 79 28 50 96 25 8 98 39 96 14 41 38 51 22 67 73 82 11 76 29 38 26 34 77 86 44 83 22 37 40 64 43 15 9 96 24 62 55 31
 73 21 44 6 5 48 97 16 13 27 93 29 2 92 64 2 65 85 77 80 34 89 3 29 22 78 25 18 84 43 91 83 23 96 21 70 89 85 87 86 19 8 5 91 60 57 16 15 58 41 38 7 60 17 15 0 97 52 4 25 15 28 11 40 57 38 53 9 4 40 40 27 16 3 96 2 24 98 37 50 80 67 22 86 41 58 74 46 56 54 70 25 15 65 75 53 36 99 74 81
 77 68 43 73 43 59 88 9 54 62 37 69 64 72 18 58 79 43 65 70 92 68 67 43 8 82 84 80 96 59 39 43 37 94 2 77 24 90 61 26 77 13 24 85 67 94 72 51 22 27 59 71 6 97 67 89 0 46 42 25 32 64 22 49 68 78 5 43 82 0 77 91 15 26 82 26 55 52 3 48 51 94 41 68 55 87 98 1 2 71 28 13 53 23 34 17 28 98 31 62
 90 25 36 89 11 35 44 98 51 92 46 19 23 45 70 17 94 62 54 48 52 62 52 30 96 83 18 1 13 89 33 71 87 77 86 76 88 97 17 37 52 76 93 32 59 86 41 15 24 94 97 85 87 5 49 68 55 0 80 1 90 3 76 82 0 23 17 40 46 60 40 92 41 93 31 8 31 39 12 57 89 6 39 38 66 77 3 64 15 68 4 76 10 25 80 80 88 34 56 97
 82 61 26 24 5 16 80 98 66 88 62 37 22 38 28 87 50 81 9 55 93 85 36 4 27 62 7 9 24 84 67 40 36 3 19 41 39 44 22 52 48 8 93 11 5 64 87 75 31 31 2 64 29 92 80 71 39 30 0 74 94 73 58 40 65 21 40 42 8 11 34 99 79 30 43 92 79 2 20 92 27 70 92 51 97 20 33 1 61 62 97 25 45 27 7 24 19 17 92 78
 72 51 59 98 83 43 17 21 97 31 41 4 69 69 27 37 87 84 22 39 43 43 23 19 39 70 68 71 54 13 29 52 88 25 59 27 5 59 75 99 62 80 85 55 87 26 36 15 48 5 97 67 49 35 57 31 68 89 18 0 59 57 42 53 72 94 72 40 4 34 9 74 58 33 26 18 70 0 93 84 59 16 8 30 91 14 91 60 37 75 24 63 28 76 64 45 29 50 34 30
 38 63 91 42 85 70 20 36 49 54 58 6 81 3 55 62 82 62 34 46 28 26 63 47 37 99 86 47 58 6 3 41 89 41 67 62 18 87 72 96 79 31 26 72 47 23 71 79 46 51 35 29 17 90 34 53 47 45 65 35 0 70 11 67 18 61 4 31 63 4 23 25 85 32 63 68 10 0 45 79 15 91 57 76 52 90 30 90 19 32 55 19 38 68 83 44 95 47 38 94
 53 91 34 88 89 76 10 7 86 80 17 90 98 54 81 9 44 94 51 2 27 21 13 99 24 95 33 89 27 18 45 79 25 87 51 67 1 62 2 18 28 50 75 12 84 52 59 50 24 99 40 58 89 36 42 37 70 84 10 45 11 0 13 15 17 26 31 24 8 31 97 41 71 56 80 84 22 90 39 61 41 11 48 53 9 11 40 41 84 76 33 87 77 87 59 35 0 87 44 59
 88 55 58 67 22 41 35 12 17 41 28 35 73 66 76 89 41 36 21 79 7 73 12 73 60 98 71 51 64 74 50 17 52 61 77 14 83 63 17 60 67 69 33 12 23 90 42 38 21 69 95 70 49 72 46 81 85 81 60 27 54 82 0 63 20 85 97 89 24 54 52 95 99 79 16 35 22 5 94 12 89 4 27 38 55 79 38 6 62 14 91 19 36 24 72 96 33 4 32 30
 8 29 1 92 33 37 15 21 52 45 92 97 85 94 65 59 68 97 18 61 41 34 95 92 26 18 8 43 45 26 81 27 3 59 62 68 50 32 10 54 22 22 4 91 58 94 77 2 45 60 9 13 16 22 87 72 28 36 1 85 72 91 88 0 69 97 60 92 35 47 50 25 42 53 77 87 97 64 76 24 73 99 90 5 62 92 23 44 73 41 18 83 0 82 88 68 38 32 39 98
 4 38 42 5 88 2 77 69 55 36 58 13 74 68 63 47 10 29 10 69 78 84 89 28 77 15 72 36 74 9 96 12 3 29 2 83 51 52 64 55 28 18 39 73 89 4 41 24 68 77 60 66 46 10 42 54 35 15 93 96 63 92 70 7 0 5 91 53 3 33 42 42 2 40 0 44 5 3 71 81 99 24 75 76 60 28 38 10 6 73 45 52 55 45 10 6 8 86 37 16
 71 42 13 72 16 43 56 78 29 57 26 85 7 94 87 70 42 0 24 50 46 97 25 66 15 48 25 77 70 63 43 91 94 91 95 87 67 96 25 79 97 15 32 70 21 34 45 86 7 91 20 4 73 59 55 56 94 49 44 26 53 69 71 37 66 0 93 3 11 34 41 35 5 94 45 68 64 6 60 86 43 69 24 17 50 98 59 18 66 33 44 57 31 68 90 45 26 98 69 21
 46 59 45 94 27 32 62 77 4 25 28 72 7 15 13 76 8 21 4 70 75 5 32 34 85 67 31 27 37 26 53 24 15 12 97 51 24 90 35 49 86 60 24 90 83 7 14 2 85 46 62 76 46 68 97 37 17 40 45 63 44 73 63 63 54 80 0 25 65 85 2 3 97 74 78 35 2 5 67 8 55 49 32 94 95 13 72 74 40 27 24 6 77 37 61 76 42 1 91 30
 30 65 70 57 8 19 12 42 22 81 10 61 99 95 94 97 65 3 31 61 72 38 4 72 43 88 93 88 85 81 32 97 44 97 4 99 76 51 7 92 42 81 31 5 17 82 9 51 74 42 24 23 66 3 43 0 56 69 72 10 99 91 22 23 62 64 70 0 36 61 39 79 71 88 46 73 3 90 15 67 40 8 32 22 53 76 58 64 23 31 84 99 16 32 6 26 30 19 77 17
 20 49 15 96 22 37 37 35 95 7 37 43 33 36 63 83 93 74 45 87 95 14 74 30 17 78 21 36 0 49 98 48 40 91 75 91 4 44 40 71 40 60 60 73 55 33 54 45 88 93 40 29 38 62 80 98 38 45 85 90 34 35 6 65 1 40 64 11 0 77 48 58 34 58 72 51 84 96 87 37 76 26 61 50 78 5 7 20 77 43 50 12 1 23 97 98 47 3 78 14
 65 88 81 83 74 1 91 20 67 34 40 6 94 90 22 72 96 97 30 11 37 10 36 40 74 98 73 60 24 82 63 20 65 45 35 52 73 87 82 35 67 17 64 74 90 43 33 54 79 26 64 88 48 80 2 31 51 65 67 30 92 23 63 42 8 97 82 86 91 0 86 26 69 16 23 26 59 28 68 79 45 95 55 89 36 82 46 52 36 30 21 38 55 6 90 12 13 5 81 12
 33 87 7 41 39 98 12 47 33 25 52 65 35 83 54 70 97 97 71 23 18 86 71 62 2 56 45 71 58 57 83 6 36 35 73 68 47 11 30 69 19 53 45 3 5 52 53 38 26 86 2 11 16 95 41 78 64 80 5 30 38 34 19 5 95 97 66 12 96 32 0 53 52 37 76 63 85 87 61 62 37 2 62 90 93 39 1 9 53 73 33 6 95 53 43 3 8 57 3 51
 30 59 80 96 40 22 68 42 60 9 45 13 98 16 70 73 2 49 8 91 76 28 12 8 34 6 38 59 40 80 73 97 87 64 16 68 7 8 15 29 7 1 95 81 77 81 32 71 6 79 37 92 44 36 34 43 46 39 61 72 77 18 40 10 9 30 18 92 91 58 11 0 66 53 67 87 36 45 79 68 80 62 89 82 19 62 28 71 72 5 46 47 98 28 56 51 78 44 81 25
 29 77 62 97 98 6 2 94 65 98 37 60 19 61 76 59 38 48 27 28 81 47 98 98 8 85 93 69 54 97 82 80 16 85 63 62 64 12 49 42 24 62 67 31 7 71 39 43 88 99 55 64 74 25 62 11 96 98 49 94 27 56 93 24 70 7 77 2 55 95 94 94 0 80 27 11 81 93 67 8 73 50 62 48 69 6 84 22 78 48 54 38 83 23 76 31 41 79 45 25
 69 19 62 17 67 75 41 22 51 67 9 90 48 97 58 99 22 34 84 69 98 7 1 11 4 46 28 53 43 13 67 42 36 14 54 97 72 2 99 39 19 78 45 43 1 80 1 3 2 11 33 18 72 52 57 34 35 34 53 35 11 63 23 46 16 8 17 66 20 47 71 16 41 0 47 14 74 0 99 78 15 8 2 19 36 57 20 27 95 80 17 6 51 43 13 78 96 54 63 24
 79 69 49 3 99 68 73 9 66 14 75 37 61 94 62 62 93 37 72 23 28 62 90 14 45 78 95 41 50 98 65 62 9 86 9 42 85 50 79 94 65 66 40 21 94 79 10 72 74 76 34 61 83 26 39 35 38 58 12 88 4 41 5 29 25 5 21 19 74 2 29 89 36 50 0 16 28 30 88 97 10 18 8 80 77 96 38 18 20 61 13 0 89 68 89 23 70 92 37 63
 70 23 92 57 61 61 22 98 34 45 42 54 38 83 10 16 70 11 94 21 39 64 40 1 66 14 62 73 40 73 92 33 24 87 64 54 88 22 34 38 62 33 32 43 63 32 97 48 73 33 31 74 65 53 54 6 17 63 30 65 79 91 2 92 52 33 91 43 58 51 83 26 6 94 98 0 91 46 20 2 82 64 26 17 2 76 92 25 53 90 64 24 21 45 18 43 75 35 63 72
 1 31 8 98 24 44 68 21 63 74 87 30 56 81 80 70 39 56 60 81 51 51 51 63 39 38 28 75 18 77 39 42 60 7 65 6 50 68 78 14 93 59 67 50 86 4 76 79 55 27 84 94 0 37 56 53 98 7 19 43 23 27 71 11 1 37 98 18 69 42 99 63 60 77 51 3 0 38 46 44 75 77 50 31 44 32 46 97 13 65 96 98 41 98 77 56 89 56 24 99
 24 66 65 45 42 88 26 60 33 5 96 90 49 77 90 47 50 29 97 9 86 22 98 98 16 52 29 97 65 73 17 7 85 20 18 17 6 82 2 61 79 61 5 70 73 86 20 46 10 63 72 11 13 68 99 82 27 55 63 55 42 34 29 39 71 13 78 3 0 99 80 28 22 73 66 86 76 0 46 49 31 55 37 61 63 40 98 58 15 56 52 44 41 8 78 49 41 4 1 13
 12 88 5 58 20 11 69 6 49 73 83 92 61 99 87 97 46 28 67 54 64 98 87 59 21 36 3 14 42 11 28 92 33 49 43 2 83 58 53 61 6 92 24 54 5 10 42 80 46 19 16 72 5 55 59 0 4 43 39 69 35 89 2 3 95 73 37 90 52 38 37 8 17 39 11 3 95 59 0 63 40 83 70 57 87 77 97 12 74 7 69 9 69 78 72 29 44 61 56 94
 56 22 32 8 89 62 29 82 83 68 77 84 86 90 44 6 91 47 3 11 60 24 38 24 45 11 38 35 29 86 21 38 3 54 50 71 5 15 0 92 23 33 47 3 48 92 67 52 1 77 92 69 50 6 45 3 91 8 84 58 60 74 37 96 88 63 21 39 73 10 47 23 90 38 24 68 13 58 84 0 89 91 40 71 37 88 62 39 6 18 5 37 17 69 57 61 13 72 38 14
 61 98 92 25 39 84 87 81 4 68 76 96 8 40 5 42 43 86 24 77 58 74 94 91 51 90 68 93 87 35 8 85 7 62 24 34 89 30 48 94 82 15 56 31 54 58 5 24 14 56 43 45 19 90 44 43 18 62 99 59 78 64 47 10 55 25 65 99 14 89 62 8 40 60 73 13 61 66 5 12 0 92 6 13 58 20 18 55 4 89 44 22 35 58 5 79 64 97 14 31
 67 50 45 94 78 80 97 59 72 3 90 37 92 16 78 50 37 21 95 35 77 26 9 93 10 78 86 61 40 96 74 19 34 1 1 16 72 84 22 62 85 67 10 18 13 40 83 74 2 50 30 45 42 71 63 63 94 38 79 42 48 33 23 8 25 30 90 95 14 14 42 42 18 65 69 67 89 11 32 70 39 0 87 77 98 87 8 13 32 34 83 95 64 57 13 12 56 5 54 19
 26 75 22 75 26 70 40 50 68 70 38 77 66 57 98 14 21 76 32 27 2 55 29 2 46 28 41 8 28 54 72 71 0 53 42 28 8 60 8 71 3 84 34 28 20 22 66 51 8 99 0 19 76 54 58 51 60 33 60 99 76 26 89 38 97 72 30 30 42 33 24 0 17 57 33 84 99 17 27 10 78 27 0 93 64 39 22 2 20 61 92 45 42 41 71 77 82 66 85 62
 74 4 34 85 26 1 28 55 5 3 63 3 58 28 1 19 11 99 72 33 9 95 13 10 55 41 47 6 9 22 44 97 8 58 65 42 87 63 68 90 18 30 84 46 80 7 79 21 84 89 54 92 3 16 38 35 72 63 89 76 13 55 71 32 29 63 27 98 38 20 6 15 94 51 30 12 64 67 6 34 30 40 61 0 94 79 21 81 56 47 36 31 95 44 87 54 47 77 48 78
 1 28 3 52 20 76 30 52 33 5 48 43 98 5 73 92 72 84 64 44 40 21 85 33 20 22 38 93 51 45 77 64 41 46 74 15 24 25 14 2 44 99 55 77 53 81 90 26 33 56 83 11 56 33 70 74 99 98 80 99 27 63 18 41 16 42 42 69 26 26 30 24 62 37 82 44 79 14 99 68 77 6 94 28 0 96 59 92 55 33 61 49 64 77 91 94 80 87 87 89
 12 14 84 78 26 52 57 86 28 49 98 96 30 34 24 99 54 4 63 97 8 22 6 71 74 95 71 3 55 0 86 57 97 19 71 72 22 71 37 24 70 12 61 28 95 2 66 58 13 60 50 54 36 3 13 24 35 3 22 56 89 8 12 80 51 77 4 50 29 47 81 46 67 18 0 18 8 40 38 49 15 94 4 18 44 0 10 43 5 60 4 58 98 5 89 86 46 23 75 49
 47 11 97 99 14 75 15 25 35 67 71 89 77 98 82 93 30 8 72 83 65 12 78 20 42 54 55 18 98 81 62 4 14 57 83 67 86 0 46 51 74 84 8 48 98 47 33 7 15 16 30 70 87 17 9 23 9 87 13 98 68 49 69 15 82 41 19 63 7 21 88 6 22 5 83 36 47 94 59 76 59 12 62 87 29 14 0 80 86 71 29 44 1 96 72 8 2 90 32 53
 18 0 87 67 48 6 74 12 54 67 15 84 12 79 26 63 1 50 38 42 50 59 99 85 33 65 79 73 72 61 15 80 21 29 11 3 28 5 40 84 62 64 75 60 67 78 37 89 89 14 4 28 33 41 62 58 80 45 38 15 40 29 81 65 65 31 80 22 94 38 92 69 23 66 23 39 66 26 18 56 64 70 30 11 27 68 51 0 60 29 90 60 70 40 71 72 33 89 5 49
 72 36 86 71 58 43 45 29 31 31 38 58 68 92 23 63 10 93 44 20 15 20 21 83 92 68 25 92 72 49 41 33 31 2 98 68 66 75 29 40 78 99 81 56 42 33 67 75 81 62 2 26 85 8 5 19 20 57 80 84 21 83 73 54 89 70 16 21 63 47 42 4 66 36 76 90 57 79 77 72 21 88 6 81 74 8 14 52 0 76 6 4 3 13 46 67 13 33 72 63
 92 72 96 71 24 40 4 31 45 55 32 82 98 47 12 32 93 41 4 25 75 80 55 41 43 94 17 10 88 91 70 62 49 93 23 80 16 61 3 28 88 45 9 7 75 30 76 40 3 61 28 24 58 35 33 74 10 15 90 93 81 34 30 19 43 91 25 51 94 25 2 57 31 40 16 30 52 94 74 85 61 89 75 22 10 48 66 76 62 0 86 86 56 52 89 16 83 23 79 69
 62 31 70 51 51 56 73 24 9 73 74 10 60 0 90 54 63 41 59 80 14 38 0 54 95 98 67 58 14 32 11 75 70 92 51 91 14 94 95 1 29 19 9 5 97 82 81 23 7 13 80 37 70 47 57 45 47 69 99 47 9 85 14 9 18 5 17 28 82 72 8 76 72 82 78 44 76 22 26 85 63 50 1 33 46 87 5 34 66 11 0 49 44 0 69 19 10 82 21 93
 91 89 15 24 56 94 44 6 78 11 19 33 66 85 25 13 87 78 40 18 13 71 13 92 78 87 18 44 37 48 68 39 34 23 28 90 97 26 69 4 32 83 3 72 55 63 48 38 44 86 64 56 84 45 94 68 93 33 39 82 49 43 26 45 11 40 13 60 65 73 99 99 83 93 97 20 91 34 67 67 47 83 93 2 94 4 3 73 93 12 2 0 94 25 16 68 84 84 63 88
 4 36 15 92 13 95 71 3 10 92 30 56 77 12 36 98 7 3 51 31 52 68 30 14 0 46 76 15 38 72 54 38 71 28 79 72 42 40 17 63 11 98 91 52 54 12 67 68 21 0 30 75 83 29 8 31 75 2 93 67 91 24 23 86 61 91 24 68 89 30 63 67 87 1 12 17 93 74 28 80 96 19 27 3 82 49 25 84 57 40 92 45 0 18 46 13 0 82 56 68
 52 95 94 43 8 19 44 81 56 71 78 18 51 43 88 61 33 65 65 92 67 78 53 49 53 30 46 97 36 18 70 40 39 22 87 51 1 85 48 85 63 53 49 94 33 23 1 9 34 54 18 11 41 93 57 42 46 9 85 3 19 52 19 73 41 49 54 97 68 76 77 53 12 21 63 83 29 87 99 94 38 20 53 75 7 51 19 61 2 18 27 57 77 0 12 91 39 93 35 46
 39 99 76 31 22 3 56 55 2 95 3 12 23 54 3 45 10 75 28 59 27 24 32 30 81 44 17 48 85 40 34 95 64 99 29 38 31 90 19 63 13 44 99 5 57 21 0 18 77 18 61 99 53 55 84 60 62 15 62 85 37 33 53 46 51 40 48 42 85 74 52 63 81 14 75 73 25 56 69 47 35 29 76 35 11 32 31 51 67 94 78 81 56 35 0 0 55 68 21 28
 58 95 61 67 8 20 88 5 21 98 13 43 76 90 54 82 48 11 87 73 7 90 58 22 86 44 13 34 0 12 97 97 98 59 81 73 69 66 93 94 22 67 21 0 93 83 77 84 92 94 57 17 75 6 53 77 11 36 11 98 25 34 38 43 7 66 33 39 97 25 35 98 25 60 1 13 42 32 54 15 84 79 85 8 24 92 91 71 96 15 99 52 93 32 31 0 64 85 49 17
 34 56 10 11 99 46 80 35 62 18 66 88 98 58 23 25 9 52 77 85 56 23 9 1 96 31 16 46 62 20 93 76 79 46 43 37 6 81 53 89 51 2 48 18 53 3 46 5 73 34 24 57 64 25 25 49 62 14 52 57 88 40 22 16 72 19 21 52 88 22 63 95 93 84 28 6 51 9 59 67 82 91 78 27 95 47 48 1 71 63 59 41 48 49 6 21 0 15 37 98
 41 67 71 85 38 87 63 80 39 4 9 56 23 45 17 82 95 90 51 21 31 47 0 35 52 18 16 58 13 2 90 82 92 73 58 96 19 52 48 72 46 79 6 26 79 16 9 37 86 41 45 47 92 52 86 25 44 4 29 54 57 22 91 46 83 40 69 20 27 0 30 2 30 31 3 48 86 93 94 7 68 95 57 24 82 95 70 13 38 42 83 90 47 96 25 15 10 0 41 96
 81 0 88 11 89 18 47 12 80 66 3 45 68 73 55 17 20 19 41 79 22 75 23 70 48 42 97 74 10 94 84 92 87 94 28 78 92 3 66 70 63 32 9 46 71 93 86 26 54 66 67 87 33 73 95 26 26 8 2 46 5 83 62 15 19 60 63 55 6 10 48 79 72 65 69 56 32 94 50 95 10 49 27 10 18 12 73 65 49 29 23 61 68 41 20 41 20 30 0 41
 0 57 25 35 57 78 68 18 49 25 91 5 22 62 52 54 81 24 12 30 37 30 7 61 92 92 2 88 94 93 49 9 74 45 44 46 54 48 55 84 93 93 95 98 85 67 88 55 25 76 75 96 44 15 13 59 41 12 51 21 19 2 76 87 75 83 65 24 52 78 48 19 85 87 47 3 49 70 45 47 54 95 46 86 79 77 48 94 63 84 7 32 92 42 2 90 31 35 29 0
