20

 0 57 90 67 55 44 28 8 41 23 39 3 69 67 30 50 13 96 0 24
 70 0 94 95 14 47 43 22 17 83 11 37 39 96 10 44 90 50 74 72
 11 28 0 61 13 78 85 10 95 30 59 45 93 31 32 79 91 8 70 98
 74 44 12 0 65 56 85 41 20 29 23 88 8 74 93 2 49 82 18 40
 22 14 58 72 0 15 82 90 22 8 8 3 10 97 69 23 72 56 91 21
 71 93 46 98 15 0 94 98 22 64 7 6 85 38 94 85 89 76 28 52
 26 68 62 95 66 87 0 27 77 83 71 41 8 16 85 56 2 94 4 24
 28 50 26 3 90 23 47 0 97 82 2 65 26 13 19 15 41 15 76 14
 79 94 23 94 95 4 47 27 0 2 60 75 68 47 38 97 15 56 74 14
 75 65 58 82 99 6 24 14 90 0 42 89 97 47 95 61 71 95 37 49
 3 74 3 78 93 40 49 82 33 18 0 78 44 83 40 93 89 48 15 59
 23 50 29 10 28 15 0 86 86 61 5 0 7 60 24 70 96 83 10 17
 70 9 36 61 37 83 98 14 49 41 9 8 0 25 5 64 92 60 92 0
 46 8 97 80 72 5 85 20 68 15 37 45 80 0 5 69 77 40 4 78
 93 95 67 39 6 30 75 72 64 31 68 4 54 17 0 12 49 41 72 25
 13 49 74 87 15 92 81 77 5 66 38 22 41 26 50 0 56 67 75 20
 21 75 35 31 79 28 57 52 37 77 30 35 49 5 85 29 0 23 93 53
 46 78 13 16 68 67 99 59 38 65 2 81 80 67 21 51 93 0 58 4
 93 68 95 3 15 11 4 82 98 33 22 60 90 77 55 3 29 13 0 60
 1 93 70 56 75 7 82 68 75 45 6 95 11 53 4 44 62 14 77 0
