100

 0 54 70 88 82 42 29 68 64 28 74 52 63 51 36 59 95 15 85 64 84 87 21 34 88 11 71 98 64 96 36 78 61 2 28 44 76 32 74 43 91 11 78 71 11 65 0 31 20 36 8 42 38 15 66 41 54 2 66 22 18 81 33 21 22 94 44 94 7 5 18 92 14 63 49 39 66 6 71 12 25 10 48 29 49 76 66 66 87 56 29 65 90 17 16 28 88 31 43 71
 46 0 83 4 10 6 31 71 17 51 55 51 90 79 25 39 64 67 36 18 20 72 26 52 61 26 29 19 88 7 20 85 50 28 1 4 45 77 63 21 65 43 31 93 91 53 33 23 26 68 29 53 21 46 25 54 2 79 1 10 62 84 72 96 6 44 92 22 44 95 15 59 98 98 58 7 38 39 46 50 3 43 59 52 92 27 77 54 64 95 44 38 88 42 57 38 60 48 18 20
 30 17 0 74 89 97 26 41 11 68 92 1 83 55 98 66 90 15 17 46 17 36 12 41 56 26 22 54 90 29 94 55 38 7 77 49 95 79 38 96 56 92 30 59 36 95 63 7 1 81 21 55 36 62 79 29 73 29 56 98 76 30 84 68 22 54 76 60 70 72 45 17 73 3 37 67 28 5 77 0 62 17 85 13 64 82 11 43 96 75 8 88 54 13 86 70 19 98 39 53
 12 96 26 0 57 0 14 36 49 41 62 43 17 44 87 4 84 75 46 76 86 32 98 65 91 47 45 55 84 51 41 98 55 17 50 91 25 65 93 4 27 38 82 67 26 38 23 12 36 0 1 21 47 0 25 89 2 89 28 0 38 32 19 31 80 3 8 94 6 70 90 62 71 92 5 36 62 85 69 43 88 47 31 15 28 15 23 67 13 34 84 45 62 58 5 70 1 4 76 79
 18 90 11 43 0 73 53 64 86 46 27 49 20 80 28 95 36 8 88 67 54 32 23 48 8 76 93 17 35 87 72 39 64 7 7 51 55 94 89 89 59 1 65 32 17 63 45 70 65 5 22 7 29 2 90 29 8 96 15 46 52 58 9 28 69 67 36 32 88 33 27 88 74 84 26 35 36 64 64 84 51 8 95 73 66 81 79 70 15 61 4 74 73 57 34 30 20 21 38 67
 58 94 3 100 27 0 76 2 46 27 25 24 62 16 74 92 54 86 35 37 32 88 70 32 76 33 45 46 62 22 61 27 40 0 52 67 12 42 9 99 45 66 9 52 75 94 0 79 86 20 87 49 22 59 78 91 54 78 88 27 96 52 69 98 3 91 36 70 32 33 83 58 46 39 47 79 36 19 23 35 76 40 92 61 37 4 80 21 5 26 33 94 49 57 93 44 58 29 78 64
 71 69 74 86 47 24 0 92 54 53 17 30 64 47 71 55 33 43 73 27 82 12 97 75 80 93 3 9 17 81 44 76 68 11 56 57 18 6 73 78 51 59 21 22 13 0 96 75 46 19 38 57 21 30 28 26 10 1 64 92 17 92 60 24 45 86 43 74 85 3 6 28 33 59 13 89 85 42 50 87 52 31 19 87 15 73 31 62 17 53 87 40 57 30 90 44 9 52 30 34
 32 29 59 64 36 98 8 0 95 37 31 15 9 46 20 80 37 16 20 52 44 10 30 0 98 30 34 72 60 6 56 21 18 81 15 56 45 29 77 29 5 75 99 26 82 21 95 17 97 49 64 52 30 40 36 48 27 53 37 24 32 86 82 65 24 28 68 62 14 0 27 62 11 43 47 91 10 37 22 68 89 76 5 27 75 89 49 97 23 35 74 4 24 56 28 89 80 44 31 56
 36 83 89 51 14 54 46 5 0 87 10 94 5 26 15 15 42 82 22 22 67 68 63 30 85 58 68 85 95 80 49 30 48 88 25 91 36 69 44 93 13 95 51 38 66 39 41 31 53 47 35 39 61 37 31 54 48 19 88 11 59 7 78 52 64 18 13 95 42 28 34 40 70 89 39 83 31 76 31 35 74 14 19 14 73 59 72 85 80 92 18 64 58 55 69 81 34 52 22 75
 72 49 32 59 54 73 47 63 13 0 40 99 14 8 80 2 34 12 23 22 70 36 67 25 42 76 99 0 7 14 27 86 32 52 88 0 59 79 14 27 2 82 49 88 51 91 76 24 20 55 41 48 17 41 32 56 51 35 77 63 87 84 87 33 5 61 78 54 18 0 66 78 90 29 3 56 72 89 91 40 55 28 35 32 44 64 91 8 99 18 29 97 37 42 68 34 54 33 12 65
 26 45 8 38 73 75 83 69 90 60 0 16 70 37 45 37 76 32 28 11 85 70 47 84 46 70 0 26 78 47 49 38 33 49 61 45 97 1 51 54 40 48 58 50 98 60 58 47 35 8 5 70 51 91 70 51 78 60 79 36 92 44 23 49 32 57 20 9 46 14 72 32 58 48 28 87 0 39 51 95 16 77 4 61 4 30 39 18 54 61 33 47 68 63 51 36 71 33 72 15
 48 49 99 57 51 76 70 85 6 1 84 0 69 48 13 37 35 25 2 36 25 14 93 70 41 27 73 92 92 78 15 53 58 74 34 72 31 72 59 89 30 10 49 59 33 30 15 41 6 44 71 10 64 90 32 85 4 43 74 26 97 42 0 17 20 65 54 56 84 46 40 80 81 76 35 68 40 44 89 95 67 30 55 27 41 88 26 91 97 80 80 91 83 26 1 69 49 4 22 29
 37 10 17 83 80 38 36 91 95 86 30 31 0 15 37 42 81 90 29 32 84 7 40 46 28 78 69 68 51 95 8 91 65 89 25 17 24 22 16 56 9 28 3 29 96 67 30 38 51 64 88 69 73 44 57 49 31 76 40 1 67 20 71 81 58 12 89 87 45 99 7 27 98 66 75 14 45 12 97 97 84 89 1 80 60 48 14 24 90 55 54 84 76 47 92 65 98 3 14 47
 49 21 45 56 20 84 53 54 74 92 63 52 85 0 84 6 88 41 51 5 28 41 94 17 40 85 86 32 10 83 6 75 59 4 93 85 4 86 15 5 70 11 84 6 30 12 8 64 32 57 76 19 59 3 37 28 73 2 62 68 27 11 19 34 80 50 81 65 6 47 20 2 51 40 79 79 91 41 11 0 83 82 24 32 10 26 92 69 71 4 97 48 57 10 60 58 49 60 38 48
 64 75 2 13 72 26 29 80 85 20 55 87 63 16 0 66 26 81 87 22 74 29 5 37 57 17 49 99 36 19 31 2 90 37 84 44 99 10 85 65 6 82 36 44 17 61 39 46 61 37 2 84 93 75 9 19 4 11 43 20 19 77 12 19 20 0 57 91 67 39 41 70 76 56 17 28 86 21 12 32 34 72 24 95 32 18 78 22 11 28 66 11 24 88 90 86 71 35 87 62
 41 61 34 96 5 8 45 20 85 98 63 63 58 94 34 0 74 45 40 69 63 9 31 0 38 89 7 55 5 56 45 29 29 78 17 18 76 35 84 3 80 14 10 16 95 52 37 36 75 68 56 61 50 95 63 41 28 71 99 98 36 21 6 49 48 4 72 47 90 95 39 26 20 9 26 9 2 14 80 11 6 46 3 24 82 78 31 85 36 8 67 67 57 44 43 10 14 34 81 76
 5 36 10 16 64 46 67 63 58 66 24 65 19 12 74 26 0 79 22 36 45 67 9 63 72 36 99 91 25 52 38 45 88 25 61 95 87 43 44 17 75 39 28 12 76 42 6 48 27 98 81 1 64 1 42 36 79 96 1 33 33 90 94 99 97 98 32 12 27 67 89 16 96 22 14 86 38 83 69 65 34 92 58 74 88 51 75 87 34 86 75 83 2 70 80 24 21 92 49 5
 85 33 85 25 92 14 57 84 18 88 68 75 10 59 19 55 21 0 68 29 5 14 63 39 19 61 70 6 27 17 70 82 78 81 88 66 59 23 14 13 51 12 17 17 79 73 95 63 30 48 15 96 88 95 42 26 85 27 96 93 67 70 0 83 84 91 63 72 17 12 6 13 77 9 45 92 52 51 18 69 10 1 57 83 80 15 9 20 35 78 63 26 14 96 7 24 66 90 86 7
 15 64 83 54 12 65 27 80 78 77 72 98 71 49 13 60 78 32 0 69 90 66 99 92 40 10 99 87 90 88 23 17 11 93 24 76 81 22 53 75 43 53 36 37 23 4 91 83 51 80 38 19 90 64 12 29 32 20 98 1 73 51 46 35 0 31 8 7 22 35 21 20 5 28 18 7 19 68 49 39 38 24 88 72 18 56 50 36 81 83 91 53 65 95 89 96 92 30 31 29
 36 82 54 24 33 63 73 48 78 78 89 64 68 95 78 31 64 71 31 0 32 63 77 18 60 85 39 56 75 83 60 24 80 11 49 12 97 87 14 58 50 0 88 32 72 68 43 72 40 96 91 91 60 83 31 66 75 23 88 72 99 41 74 2 44 50 48 49 30 83 15 86 23 13 21 38 17 43 54 63 35 78 81 43 5 18 56 4 64 83 97 86 18 18 12 76 91 66 19 24
 16 80 83 14 46 68 18 56 33 30 15 75 16 72 26 37 55 95 10 68 0 3 81 29 40 17 64 52 79 67 84 65 17 82 87 42 84 32 8 42 57 92 95 9 9 35 84 87 69 74 40 88 84 85 53 46 41 17 92 32 58 84 72 10 69 1 62 65 46 14 1 72 63 43 96 93 65 31 3 40 33 55 17 35 57 56 78 38 58 99 6 54 68 19 98 22 35 67 86 75
 13 28 64 68 68 12 88 90 32 64 30 86 93 59 71 91 33 86 34 37 97 0 36 91 78 73 9 69 94 72 46 52 1 62 63 27 66 16 2 21 23 89 79 44 25 19 64 69 71 77 24 18 25 94 14 73 38 19 41 37 56 13 3 26 93 86 60 11 11 22 17 30 39 21 48 15 66 34 25 7 63 54 68 25 62 0 49 82 27 95 57 74 49 35 46 27 2 56 8 34
 79 74 88 2 77 30 3 70 37 33 53 7 60 6 95 69 91 37 1 23 19 64 0 61 95 89 7 21 59 93 71 65 4 79 77 97 92 4 45 37 49 80 27 78 79 28 18 38 20 78 43 94 27 68 52 82 91 28 66 73 36 56 28 68 46 50 21 35 44 45 87 55 13 86 79 49 58 16 43 8 30 63 58 14 69 2 64 46 46 26 75 63 27 23 88 62 14 11 64 62
 66 48 59 35 52 68 25 100 70 75 16 30 54 83 63 100 37 61 8 82 71 9 39 0 47 91 30 88 32 29 42 95 85 77 13 41 50 0 65 32 73 77 37 22 32 67 92 71 3 70 95 52 8 80 53 31 69 0 35 60 16 62 3 10 4 89 67 20 63 63 68 79 9 36 1 39 10 46 49 16 66 10 39 85 50 28 93 84 5 35 90 12 20 78 7 16 79 3 11 94
 12 39 44 9 92 24 20 2 15 58 54 59 72 60 43 62 28 81 60 40 60 22 5 53 0 73 99 39 54 20 7 82 13 51 1 62 9 93 9 70 83 57 50 9 7 67 68 27 37 91 76 67 39 39 71 50 50 13 16 63 70 27 5 86 35 91 91 37 87 40 38 0 78 73 49 1 41 90 48 0 97 5 64 9 67 37 69 63 73 1 41 54 27 38 72 30 19 27 35 52
 89 74 74 53 24 67 7 70 42 24 30 73 22 15 83 11 64 39 90 15 83 27 11 9 27 0 60 1 39 81 5 2 20 29 32 4 4 96 11 0 72 1 21 81 9 40 89 90 91 89 4 10 34 57 59 97 36 52 30 52 34 57 81 4 30 12 41 30 56 2 84 82 61 64 34 14 83 99 15 57 87 14 7 70 62 50 83 9 8 27 92 52 4 35 7 22 70 20 35 55
 29 71 78 55 7 55 97 66 32 1 100 27 31 14 51 93 1 30 1 61 36 91 93 70 1 40 0 29 73 12 51 3 17 12 40 40 87 74 62 10 55 92 22 14 75 64 65 7 47 47 20 1 28 58 74 66 96 30 74 88 79 63 26 62 82 25 58 89 99 1 55 19 17 96 69 56 64 67 8 11 41 97 63 54 89 68 1 22 50 75 89 78 69 4 44 91 69 0 76 48
 2 81 46 45 83 54 91 28 15 100 74 8 32 68 1 45 9 94 13 44 48 31 79 12 61 99 71 0 96 79 90 64 15 62 64 29 91 40 60 51 81 53 90 34 97 8 79 11 67 22 84 93 48 24 31 24 58 2 76 10 95 5 84 9 92 52 56 50 10 48 95 85 39 70 96 25 88 91 53 99 72 79 44 31 0 15 35 28 38 28 42 40 7 27 3 91 80 15 0 10
 36 12 10 16 65 38 83 40 5 93 22 8 49 90 64 95 75 73 10 25 21 6 41 68 46 61 27 4 0 85 72 92 86 6 13 98 33 9 89 52 9 37 89 19 25 63 37 13 75 82 11 51 13 20 76 41 87 89 46 21 85 7 91 56 28 54 1 14 68 53 50 52 57 23 29 83 92 61 4 75 96 58 47 67 70 63 83 24 74 27 36 1 97 22 78 88 62 46 65 50
 4 93 71 49 13 78 19 94 20 86 53 22 5 17 81 44 48 83 12 17 33 28 7 71 80 19 88 21 15 0 30 12 78 97 20 97 37 2 35 44 55 24 77 59 66 76 78 48 77 27 36 4 74 48 30 41 46 13 76 27 60 27 58 52 41 2 32 28 98 36 78 41 64 1 29 92 81 92 96 48 89 25 52 90 46 44 42 64 81 92 93 8 84 75 25 21 32 92 59 83
 64 80 6 59 28 39 56 44 51 73 51 85 92 94 69 55 62 30 77 40 16 54 29 58 93 95 49 10 28 70 0 52 22 42 91 59 4 32 98 23 55 43 80 81 14 62 72 37 77 49 30 75 37 42 17 59 25 0 63 78 9 12 77 54 40 57 32 58 68 47 9 38 34 40 57 48 19 65 70 86 64 43 17 46 18 92 64 42 45 77 58 86 98 39 18 57 26 82 56 69
 22 15 45 2 61 73 24 79 70 14 62 47 9 25 98 71 55 18 83 76 35 48 35 5 18 98 97 36 8 88 48 0 86 33 3 26 27 72 66 11 18 22 44 12 85 41 55 87 68 5 21 99 63 92 63 58 93 39 35 18 58 42 1 44 52 68 66 66 88 43 62 34 57 94 53 46 64 79 96 46 38 54 3 45 22 28 76 10 68 45 30 77 4 29 24 31 69 70 89 64
 39 50 62 45 36 60 32 82 52 68 67 42 35 41 10 71 12 22 89 20 83 99 96 15 87 80 83 85 14 22 78 14 0 39 4 24 38 60 26 22 18 5 14 20 70 55 12 29 16 28 3 56 30 66 3 12 59 21 56 50 79 70 46 34 13 29 67 55 53 68 24 11 44 1 10 72 54 64 38 8 1 98 24 33 9 13 21 35 97 19 76 22 33 79 40 1 0 91 88 93
 98 72 93 83 93 100 89 19 12 48 51 26 11 96 63 22 75 19 7 89 18 38 21 23 49 71 88 38 94 3 58 67 61 0 66 57 10 33 99 2 62 28 91 70 92 55 8 61 44 30 93 0 30 93 32 64 61 75 97 71 34 94 98 92 83 33 43 26 30 26 48 3 76 68 57 8 41 48 93 47 33 37 4 67 59 43 84 44 21 48 3 82 96 39 76 59 52 1 76 90
 72 99 23 50 93 48 44 85 75 12 39 66 75 7 16 83 39 12 76 51 13 37 23 87 99 68 60 36 87 80 9 97 96 34 0 83 56 69 1 13 10 33 37 54 95 11 85 32 3 76 2 80 14 89 27 56 23 84 86 44 69 85 2 96 35 8 11 73 18 58 67 6 86 14 77 29 33 63 15 40 67 42 39 43 9 65 85 27 82 56 9 9 40 50 89 95 56 24 60 68
 56 96 51 9 49 33 43 44 9 100 55 28 83 15 56 82 5 34 24 88 58 73 3 59 38 96 60 71 2 3 41 74 76 43 17 0 28 43 92 30 0 59 91 3 41 85 8 57 82 69 94 35 21 69 52 21 35 58 58 51 15 52 73 9 90 71 58 40 65 47 32 2 7 72 22 46 20 55 65 5 20 4 8 33 19 68 34 53 58 8 12 90 9 77 39 41 15 24 57 24
 24 55 5 75 45 88 82 55 64 41 3 69 76 96 1 24 13 41 19 3 16 34 8 50 91 96 13 9 67 63 96 73 62 90 44 72 0 13 32 63 55 68 3 79 76 46 71 11 91 30 62 1 96 66 64 54 66 25 92 93 37 81 54 21 91 46 83 42 90 33 64 7 13 90 72 27 7 68 67 21 70 0 98 75 9 2 12 28 38 8 6 45 52 38 14 46 76 90 91 24
 68 23 21 35 6 58 94 71 31 21 99 28 78 14 90 65 57 77 78 13 68 84 96 100 7 4 26 60 91 98 68 28 40 67 31 57 87 0 81 32 32 8 78 70 41 49 88 26 5 7 74 59 63 51 51 25 34 62 22 65 67 42 7 81 5 63 45 90 27 2 86 54 18 44 84 12 21 93 95 44 37 39 48 24 2 96 76 98 2 55 87 79 1 31 65 95 52 95 73 73
 26 37 62 7 11 91 27 23 56 86 49 41 84 85 15 16 56 86 47 86 92 98 55 35 91 89 38 40 11 65 2 34 74 1 99 8 68 19 0 9 76 35 9 46 42 75 11 26 21 21 19 29 62 49 81 8 26 82 71 19 81 95 91 21 68 59 10 13 69 2 2 53 75 46 94 4 63 44 73 77 34 4 45 60 78 26 40 50 48 95 78 16 2 78 90 57 69 46 6 51
 57 79 4 96 11 1 22 71 7 73 46 11 44 95 35 97 83 87 25 42 58 79 63 68 30 100 90 49 48 56 77 89 78 98 87 70 37 68 91 0 48 85 71 70 37 71 70 68 94 66 44 21 59 41 44 40 39 24 36 62 20 73 96 85 65 42 47 74 42 6 95 73 61 10 23 81 94 76 98 21 49 14 17 36 67 87 96 60 30 90 2 53 9 62 56 79 8 86 76 43
 9 35 44 73 41 55 49 95 87 98 60 70 91 30 94 20 25 49 57 50 43 77 51 27 17 28 45 19 91 45 45 82 82 38 90 100 45 68 24 52 0 86 53 68 61 19 87 43 67 53 18 16 29 31 96 28 47 40 21 93 40 92 85 29 25 84 81 85 83 42 71 4 54 26 68 72 67 10 65 25 27 86 4 20 81 94 62 65 59 18 58 62 81 59 25 7 30 78 36 16
 89 57 8 62 99 34 41 25 5 18 52 90 72 89 18 86 61 88 47 100 8 11 20 23 43 99 8 47 63 76 57 78 95 72 67 41 32 92 65 15 14 0 53 89 27 18 79 97 68 37 62 49 53 97 59 38 30 94 97 57 41 5 51 48 36 55 74 64 85 84 12 19 19 42 62 88 27 50 7 96 7 90 32 12 31 5 97 71 2 92 72 99 42 91 98 83 52 63 7 95
 22 69 70 18 35 91 79 1 49 51 42 51 97 16 64 90 72 83 64 12 5 21 73 63 50 79 78 10 11 23 20 56 86 9 63 9 97 22 91 29 47 47 0 85 45 83 40 65 75 19 13 6 55 26 49 23 16 77 79 20 14 30 82 21 92 26 58 73 92 30 28 53 32 74 56 15 15 6 86 82 83 1 78 30 0 23 29 30 55 18 80 46 12 57 83 31 44 46 22 88
 29 7 41 33 68 48 78 74 62 12 50 41 71 94 56 84 88 83 63 68 91 56 22 78 91 19 86 66 81 41 19 88 80 30 46 97 21 30 54 30 32 11 15 0 42 25 23 77 42 19 63 80 20 19 25 44 37 67 38 62 76 29 55 64 14 45 51 30 69 49 89 70 90 99 36 8 50 35 87 32 60 88 90 8 37 96 99 53 79 50 35 81 95 45 88 28 33 2 13 93
 89 9 64 74 83 25 87 18 34 49 2 67 4 70 83 5 24 21 77 28 91 75 21 68 93 91 25 3 75 34 86 15 30 8 5 59 24 59 58 63 39 73 55 58 0 23 69 7 4 73 76 74 97 42 86 71 74 34 29 39 0 92 43 46 24 85 96 38 15 94 72 84 30 62 46 43 58 0 70 59 97 28 33 87 66 75 81 36 55 45 55 64 54 78 15 78 75 88 40 33
 35 47 5 62 37 6 100 79 61 9 40 70 33 88 39 48 58 27 96 32 65 81 72 33 33 60 36 92 37 24 38 59 45 45 89 15 54 51 25 29 81 82 17 75 77 0 22 34 24 68 66 20 44 45 75 11 39 24 46 22 8 37 54 99 81 68 82 34 6 77 85 31 29 35 74 63 74 15 77 87 82 91 4 53 23 16 28 67 50 69 98 31 77 34 95 65 94 75 75 78
 100 67 37 77 55 100 4 5 59 24 42 85 70 92 61 63 94 5 9 57 16 36 82 8 32 11 35 21 63 22 28 45 88 92 15 92 29 12 89 30 13 21 60 77 31 78 0 74 75 56 50 56 11 12 22 62 55 47 4 54 84 54 24 55 44 78 85 36 17 32 86 31 24 37 95 50 85 13 14 66 67 20 72 44 78 60 89 16 22 65 84 39 3 47 97 52 39 66 19 22
 69 77 93 88 30 21 25 83 69 76 53 59 62 36 54 64 52 37 17 28 13 31 62 29 73 10 93 89 87 52 63 13 71 39 68 43 89 74 74 32 57 3 35 23 93 66 26 0 77 30 47 12 94 95 7 95 95 12 1 30 79 74 8 85 72 60 2 84 7 72 35 97 52 2 18 72 15 40 19 1 63 31 95 4 82 30 11 41 4 68 31 70 8 35 41 17 97 96 79 28
 80 74 99 64 35 14 54 3 47 80 65 94 49 68 39 25 73 70 49 60 31 29 80 97 63 9 53 33 25 23 23 32 84 56 97 18 9 95 79 6 33 32 25 58 96 76 25 23 0 71 61 16 83 84 77 1 22 26 37 98 82 93 60 93 28 54 92 8 32 51 29 5 99 27 34 63 46 87 93 12 52 4 91 80 37 88 69 39 63 53 43 81 3 8 15 20 41 54 15 60
 64 32 19 100 95 80 81 51 53 45 92 56 36 43 63 32 2 52 20 4 26 23 22 30 9 11 53 78 18 73 51 95 72 70 24 31 70 93 79 34 47 63 81 81 27 32 44 70 29 0 73 74 57 82 93 14 95 32 27 59 16 63 69 44 95 68 71 28 56 63 7 40 6 77 6 59 68 37 88 12 68 97 31 36 23 92 71 32 54 53 64 99 54 84 3 20 28 45 82 56
 92 71 79 99 78 13 62 36 65 59 95 29 12 24 98 44 19 85 62 9 60 76 57 5 24 96 80 16 89 64 70 79 97 7 98 6 38 26 81 56 82 38 87 37 24 34 50 53 39 27 0 89 72 79 98 3 89 76 19 66 40 88 80 81 82 96 77 92 67 69 47 22 64 78 80 94 67 42 27 43 13 12 50 7 99 47 44 11 51 40 54 75 46 5 44 93 67 71 38 55
 58 47 45 79 93 51 43 48 61 52 30 90 31 81 16 39 99 4 81 9 12 82 6 48 33 90 99 7 49 96 25 1 44 100 20 65 99 41 71 79 84 51 94 20 26 80 44 88 84 26 11 0 80 77 22 90 29 45 91 22 46 42 57 54 82 97 38 80 70 16 67 71 31 18 28 94 65 40 68 30 86 88 31 44 35 30 38 81 29 22 83 64 59 20 24 8 68 93 25 70
 62 79 64 53 71 78 79 70 39 83 49 36 27 41 7 50 36 12 10 40 16 75 73 92 61 66 72 52 87 26 63 37 70 70 86 79 4 37 38 41 71 47 45 80 3 56 89 6 17 43 28 20 0 61 21 65 73 77 66 5 40 45 61 73 28 81 67 0 73 78 74 29 73 22 57 22 78 24 8 60 86 52 88 31 88 20 0 9 35 9 81 40 48 85 51 7 86 76 73 48
 85 54 38 100 98 41 70 60 63 59 9 10 56 97 25 5 99 5 36 17 15 6 32 20 61 43 42 76 80 52 58 8 34 7 11 31 34 49 51 59 69 3 74 81 58 55 88 5 16 18 21 23 39 0 25 51 37 29 61 82 13 8 33 49 45 33 73 84 30 47 25 64 40 75 91 93 24 67 52 97 77 17 46 83 99 83 0 3 85 49 40 57 49 78 5 17 30 48 30 35
 34 75 21 75 10 22 72 64 69 68 30 68 43 63 91 37 58 58 88 69 47 86 48 47 29 41 26 69 24 70 83 37 97 68 73 48 36 49 19 56 4 41 51 75 14 25 78 93 23 7 2 78 79 75 0 5 49 57 75 12 67 92 19 6 14 32 77 47 79 58 60 15 33 50 33 50 85 83 48 70 49 54 80 67 40 15 28 76 66 28 92 71 94 34 30 37 23 33 56 47
 59 46 71 11 71 9 74 52 46 44 49 15 51 72 81 59 64 74 71 34 54 27 18 69 50 3 34 76 59 59 41 42 88 36 44 79 46 75 92 60 72 62 77 56 29 89 38 5 99 86 97 10 35 49 95 0 54 46 66 93 42 79 56 17 84 96 76 78 2 74 37 97 64 13 9 82 62 96 84 66 93 68 65 43 19 68 70 25 57 22 24 83 17 68 3 15 97 84 87 25
 46 98 27 98 92 46 90 73 52 49 22 96 69 27 96 72 21 15 68 25 59 62 9 31 50 64 4 42 13 54 75 7 41 39 77 65 34 66 74 61 53 70 84 63 26 61 45 5 78 5 11 71 27 63 51 46 0 96 77 0 38 44 45 74 75 64 11 32 43 29 59 75 22 26 31 73 30 16 75 22 72 58 97 28 49 43 73 93 45 59 93 58 89 48 70 71 45 61 68 92
 98 21 71 11 4 22 99 47 81 65 40 57 24 98 89 29 4 73 80 77 83 81 72 100 87 48 70 98 11 87 100 61 79 25 16 42 75 38 18 76 60 6 23 33 66 76 53 88 74 68 24 55 23 71 43 54 4 0 99 32 11 22 27 65 27 17 88 77 81 62 8 30 35 78 52 68 78 44 59 69 36 90 95 53 4 93 92 6 6 69 34 78 66 76 38 58 20 5 85 96
 34 99 44 72 85 12 36 63 12 23 21 26 60 38 57 1 99 4 2 12 8 59 34 65 84 70 26 24 54 24 37 65 44 3 14 42 8 78 29 64 79 3 21 62 71 54 96 99 63 73 81 9 34 39 25 34 23 1 0 20 62 74 49 8 56 46 91 65 53 34 96 24 20 11 91 35 23 67 7 40 22 76 93 82 21 71 23 53 64 51 89 97 31 7 77 50 65 61 63 12
 78 90 2 100 54 73 8 76 89 37 64 74 99 32 80 2 67 7 99 28 68 63 27 40 37 48 12 90 79 73 22 82 50 29 56 49 7 35 81 38 7 43 80 38 61 78 46 70 2 41 34 78 95 18 88 7 100 68 80 0 96 43 3 83 4 47 4 28 54 59 31 83 20 71 27 35 9 52 46 3 86 66 41 25 23 72 65 95 59 57 86 84 78 7 26 16 29 28 81 12
 82 38 24 62 48 4 83 68 41 13 8 3 33 73 81 64 67 33 27 1 42 44 64 84 30 66 21 5 15 40 91 42 21 66 31 85 63 33 19 80 60 59 86 24 100 92 16 21 18 84 60 54 60 87 33 58 62 89 38 4 0 80 39 33 32 29 35 70 25 80 10 29 33 5 6 9 8 72 44 32 17 18 49 38 94 83 73 93 96 97 80 78 45 24 54 69 64 7 27 34
 19 16 70 68 42 48 8 14 93 16 56 58 80 89 23 79 10 30 49 59 16 87 44 38 73 43 37 95 93 73 88 58 30 6 15 48 19 58 5 27 8 95 70 71 8 63 46 26 7 37 12 58 55 92 8 21 56 78 26 57 20 0 15 33 79 3 86 30 0 55 62 18 60 65 40 61 70 47 75 98 32 36 78 61 86 49 46 85 96 36 88 42 62 40 84 6 77 10 83 54
 67 28 16 81 91 31 40 18 22 13 77 100 29 81 88 94 6 100 54 26 28 97 72 97 95 19 74 16 9 42 23 99 54 2 98 27 46 93 9 4 15 49 18 45 57 46 76 92 40 31 20 43 39 67 81 44 55 73 51 97 61 85 0 65 21 89 75 73 18 85 64 99 23 87 26 18 60 48 95 67 42 38 12 2 71 35 88 99 24 99 68 68 60 34 31 82 34 18 48 82
 79 4 32 69 72 2 76 35 48 67 51 83 19 66 81 51 1 17 65 98 90 74 32 90 14 96 38 91 44 48 46 56 66 8 4 91 79 19 79 15 71 52 79 36 54 1 45 15 7 56 19 46 27 51 94 83 26 35 92 17 67 67 35 0 84 93 38 12 58 88 36 4 27 84 64 68 54 97 12 65 95 62 18 61 24 95 97 71 47 4 58 12 61 73 43 70 12 77 3 15
 78 94 78 20 31 97 55 76 36 95 68 80 42 20 80 52 3 16 100 56 31 7 54 96 65 70 18 8 72 59 60 48 87 17 65 10 9 95 32 35 75 64 8 86 76 19 56 28 72 5 18 18 72 55 86 16 25 73 44 96 68 21 79 16 0 77 78 79 34 75 54 98 6 18 68 92 27 19 9 39 5 45 64 14 69 23 28 43 28 44 22 20 95 45 35 23 32 4 70 63
 6 56 46 97 33 9 14 72 82 39 43 35 88 50 100 96 2 9 69 50 99 14 50 11 9 88 75 48 46 98 43 32 71 67 92 29 54 37 41 58 16 45 74 55 15 32 22 40 46 32 4 3 19 67 68 4 36 83 54 53 71 97 11 7 23 0 72 51 92 79 32 26 77 13 79 4 17 33 24 0 31 99 17 73 6 45 47 14 89 30 15 35 86 92 57 26 96 91 34 18
 56 8 24 92 64 64 57 32 87 22 80 46 11 19 43 28 68 37 92 52 38 40 79 33 9 59 42 44 99 68 68 34 33 57 89 42 17 55 90 53 19 26 42 49 4 18 15 98 8 29 23 62 33 27 23 24 89 12 9 96 65 14 25 62 22 28 0 98 38 88 37 47 32 86 5 38 64 40 80 82 92 9 36 75 15 23 3 88 63 39 66 42 57 14 12 33 14 36 10 23
 6 78 40 6 68 30 26 38 5 46 91 44 13 35 9 53 88 28 93 51 35 89 65 80 63 70 11 50 86 72 42 34 45 74 27 60 58 10 87 26 15 36 27 70 62 66 64 16 92 72 8 20 100 16 53 22 68 23 35 72 30 70 27 88 21 49 2 0 20 92 64 48 29 75 16 61 13 97 67 61 13 69 85 82 80 26 74 40 85 17 58 8 63 23 11 40 28 48 25 36
 93 56 30 94 12 68 15 86 58 82 54 16 55 94 33 10 73 83 78 70 54 89 56 37 13 44 1 90 32 2 32 12 47 70 82 35 10 73 31 58 17 15 8 31 85 94 83 93 68 44 33 30 27 70 21 98 57 19 47 46 75 100 82 42 66 8 62 80 0 95 24 58 29 23 32 50 72 87 52 97 85 3 6 21 91 24 16 30 10 99 94 65 40 68 16 26 7 5 85 72
 95 5 28 30 67 67 97 100 72 100 86 54 1 53 61 5 33 88 65 17 86 78 55 37 60 98 99 52 47 64 53 57 32 74 42 53 67 98 98 94 58 16 70 51 6 23 68 28 49 37 31 84 22 53 42 26 71 38 66 41 20 45 15 12 25 21 12 8 5 0 40 75 52 92 35 25 66 69 88 10 3 83 93 76 57 32 2 69 33 48 84 87 90 83 29 94 77 55 36 74
 82 85 55 10 73 17 94 73 66 34 28 60 93 80 59 61 11 94 79 85 99 83 13 32 62 16 45 5 50 22 91 38 76 52 33 68 36 14 98 5 29 88 72 11 28 15 14 65 71 93 53 33 26 75 40 63 41 92 4 69 90 38 36 64 46 68 63 36 76 60 0 76 16 34 9 37 49 32 15 90 46 43 65 40 68 76 26 97 52 37 57 41 10 71 6 34 52 93 74 33
 8 41 83 38 12 42 72 38 60 22 68 20 73 98 30 74 84 87 80 14 28 70 45 21 100 18 81 15 48 59 62 66 89 97 94 98 93 46 47 27 96 81 47 30 16 69 69 3 95 60 78 29 71 36 85 3 25 70 76 17 71 82 1 96 2 74 53 52 42 25 24 0 83 98 83 59 50 9 79 14 90 99 63 12 7 2 72 96 15 35 46 78 94 82 55 26 96 56 67 65
 86 2 27 29 26 54 67 89 30 10 42 19 2 49 24 80 4 23 95 77 37 61 87 91 22 39 83 61 43 36 66 43 56 24 14 93 87 82 25 39 46 81 68 10 70 71 76 48 1 94 36 69 27 60 67 36 78 65 80 80 67 40 77 73 94 23 68 71 71 48 84 17 0 2 4 37 47 78 91 19 39 20 64 63 81 76 50 76 60 2 80 12 12 42 87 93 53 5 67 80
 37 2 97 8 16 61 41 57 11 71 52 24 34 60 44 91 78 91 72 87 57 79 14 64 27 36 4 30 77 99 60 6 99 32 86 28 10 56 54 90 74 58 26 1 38 65 63 98 73 23 22 82 78 25 50 87 74 22 89 29 95 35 13 16 82 87 14 25 77 8 66 2 98 0 93 8 71 58 88 1 65 59 38 25 0 65 3 6 35 95 63 35 36 52 39 8 28 41 89 16
 51 42 63 95 74 53 87 53 61 97 72 65 25 21 83 74 86 55 82 79 4 52 21 99 51 66 31 4 71 71 43 47 90 43 23 78 28 16 6 77 32 38 44 64 54 26 5 82 66 94 20 72 43 9 67 91 69 48 9 73 94 60 74 36 32 21 95 84 68 65 91 17 96 7 0 49 40 19 93 57 8 80 73 8 88 34 22 68 31 36 15 76 44 48 77 40 70 0 86 87
 61 93 33 64 65 21 11 9 17 44 13 32 86 21 72 91 14 8 93 62 7 85 51 61 99 86 44 75 17 8 52 54 28 92 71 54 73 88 96 19 28 12 85 92 57 37 50 28 37 41 6 6 78 7 50 18 27 32 65 65 91 39 82 32 8 96 62 39 50 75 63 41 63 92 51 0 4 72 43 90 74 63 2 76 5 42 60 11 57 73 94 42 54 64 38 98 77 24 69 3
 34 62 72 38 64 64 15 90 69 28 100 60 55 9 14 98 62 48 81 83 35 34 42 90 59 17 36 12 8 19 81 36 46 59 67 80 93 79 37 6 33 73 85 50 42 26 15 85 54 32 33 35 22 76 15 38 70 22 77 91 92 30 40 46 73 83 36 87 28 34 51 50 53 29 60 96 0 80 9 92 4 48 65 28 8 98 25 45 38 27 6 58 52 50 96 63 27 83 70 55
 94 61 95 15 36 81 58 63 24 11 61 56 88 59 79 86 17 49 32 57 69 66 84 54 10 1 33 9 39 8 35 21 36 52 37 45 32 7 56 24 90 50 94 65 100 85 87 60 13 63 58 60 76 33 17 4 84 56 33 48 28 53 52 3 81 67 60 3 13 31 68 91 22 42 81 28 20 0 84 65 50 87 59 77 50 82 35 74 64 76 92 41 0 34 12 26 87 59 75 77
 29 54 23 31 36 77 50 78 69 9 49 11 3 89 88 20 31 82 51 46 97 75 57 51 52 85 92 47 96 4 30 4 62 7 85 35 33 5 27 2 35 93 14 13 30 23 86 81 7 12 73 32 92 48 52 16 25 41 93 54 56 25 5 88 91 76 20 33 48 12 85 21 9 12 7 57 91 16 0 99 23 79 29 28 60 71 48 80 63 39 30 40 24 73 62 14 4 21 71 89
 88 50 100 57 16 65 13 32 65 60 5 5 3 100 68 89 35 31 61 37 60 93 92 84 100 43 89 1 25 52 14 54 92 53 60 95 79 56 23 79 75 4 18 68 41 13 34 99 88 88 57 70 40 3 30 34 78 31 60 97 68 2 33 35 61 100 18 39 3 90 10 86 81 99 43 10 8 35 1 0 84 73 28 73 86 31 90 83 65 46 33 44 31 9 84 71 30 28 91 91
 75 97 38 12 49 24 48 11 26 45 84 33 16 17 66 94 66 90 62 65 67 37 70 34 3 13 59 28 4 11 36 62 99 67 33 80 30 63 66 51 73 93 17 40 3 18 33 37 48 32 87 14 14 23 51 7 28 64 78 14 83 68 58 5 95 69 8 87 15 97 54 10 61 35 92 26 96 50 77 16 0 23 84 96 26 68 57 13 44 55 69 51 77 86 85 26 71 0 57 58
 90 57 83 53 92 60 69 24 86 72 23 70 11 18 28 54 8 99 76 22 45 46 37 90 95 86 3 21 42 75 57 46 2 63 58 96 100 61 96 86 14 10 99 12 72 9 80 69 96 3 88 12 48 83 46 32 42 10 24 34 82 64 62 38 55 1 91 31 97 17 57 1 80 41 20 37 52 13 21 27 77 0 74 54 41 22 5 46 25 66 10 95 49 1 53 20 8 86 55 34
 52 41 15 69 5 8 81 95 81 65 96 45 99 76 76 97 42 43 12 19 83 32 42 61 36 93 37 56 53 48 83 97 76 96 61 92 2 52 55 83 96 68 22 10 67 96 28 5 9 69 50 69 12 54 20 35 3 5 7 59 51 22 88 82 36 83 64 15 94 7 35 37 36 62 27 98 35 41 71 72 16 26 0 71 32 18 91 71 43 35 80 52 46 60 5 49 74 36 75 40
 71 48 87 85 27 39 13 73 86 68 39 73 20 68 5 76 26 17 28 57 65 75 86 15 91 30 46 69 33 10 54 55 67 33 57 67 25 76 40 64 80 88 70 92 13 47 56 96 20 64 93 56 69 17 33 57 72 47 18 75 62 39 98 39 86 27 25 18 79 24 60 88 37 75 92 24 72 23 72 27 4 46 29 0 92 60 33 9 54 70 62 34 21 41 81 68 87 70 91 7
 51 8 36 72 34 63 85 25 27 56 96 59 40 90 68 18 12 20 82 95 43 38 31 50 33 38 11 100 30 54 82 78 91 41 91 81 91 98 22 33 19 69 100 63 34 77 22 18 63 77 1 65 12 1 60 81 51 96 79 77 6 14 29 76 31 94 85 20 9 43 32 93 19 100 12 95 92 50 40 14 74 59 68 8 0 33 77 13 97 90 67 78 5 20 32 82 75 78 25 43
 24 73 18 85 19 96 27 11 41 36 70 12 52 74 82 22 49 85 44 82 44 100 98 72 63 50 32 85 37 56 8 72 87 57 35 32 98 4 74 13 6 95 77 4 25 84 40 70 12 8 53 70 80 17 85 32 57 7 29 28 17 51 65 5 77 55 77 74 76 68 24 98 24 35 66 58 2 18 29 69 32 78 82 40 67 0 21 73 91 16 28 50 39 89 29 53 77 0 67 70
 34 23 89 77 21 20 69 51 28 9 61 74 86 8 22 69 25 91 50 44 22 51 36 7 31 17 99 65 17 58 36 24 79 16 15 66 88 24 60 4 38 3 71 1 19 72 11 89 31 29 56 62 100 100 72 30 27 8 77 35 27 54 12 3 72 53 97 26 84 98 74 28 50 97 78 40 75 65 52 10 43 95 9 67 23 79 0 62 94 19 5 27 87 48 60 87 33 50 9 83
 34 46 57 33 30 79 38 3 15 92 82 9 76 31 78 15 13 80 64 96 62 18 54 16 37 91 78 72 76 36 58 90 65 56 73 47 72 2 50 40 35 29 70 47 64 33 84 59 61 68 89 19 91 97 24 75 7 94 47 5 7 15 1 29 57 86 12 60 70 31 3 4 24 94 32 89 55 26 20 17 87 54 29 91 87 27 38 0 29 0 49 77 28 68 14 99 39 28 73 36
 13 36 4 87 85 95 83 77 20 1 46 3 10 29 89 64 66 65 19 36 42 73 54 95 27 92 50 62 26 19 55 32 3 79 18 42 62 98 52 70 41 98 45 21 45 50 78 96 37 46 49 71 65 15 34 43 55 94 36 41 4 4 76 53 72 11 37 15 90 67 48 85 40 65 69 43 62 36 37 35 56 75 57 46 3 9 6 71 0 14 32 4 70 15 23 41 87 76 44 45
 44 5 25 66 39 74 47 65 8 82 39 20 45 96 72 92 14 22 17 17 1 5 74 65 99 73 25 72 73 8 23 55 81 52 44 92 92 45 5 10 82 8 82 50 55 31 35 32 47 47 60 78 91 51 72 78 41 31 49 43 3 64 1 96 56 70 61 83 1 52 63 65 98 5 64 27 73 24 61 54 45 34 65 30 10 84 81 100 86 0 36 22 76 27 98 6 94 21 17 90
 71 56 92 16 96 67 13 26 82 71 67 20 46 3 34 33 25 37 9 3 94 43 25 10 59 8 11 58 64 7 42 70 24 97 91 88 94 13 22 98 42 28 20 65 45 2 16 69 57 36 46 17 19 60 8 76 7 66 11 14 20 12 32 42 78 85 34 42 6 16 43 54 20 37 85 6 94 8 70 67 31 90 20 38 33 72 95 51 68 64 0 37 29 78 0 9 80 88 72 7
 35 62 12 55 26 6 60 96 36 3 53 9 16 52 89 33 17 74 47 14 46 26 37 88 46 48 22 60 99 92 14 23 78 18 91 10 55 21 84 47 38 1 54 19 36 69 61 30 19 1 25 36 60 43 29 17 42 22 3 16 22 58 32 88 80 65 58 92 35 13 59 22 88 65 24 58 42 59 60 56 49 5 48 66 22 50 73 23 96 78 63 0 16 67 27 41 46 93 28 94
 10 12 46 38 27 51 43 76 42 63 32 17 24 43 76 43 98 86 35 82 32 51 73 80 73 96 31 93 3 16 2 96 67 4 60 91 48 99 98 91 19 58 88 5 46 23 97 92 97 46 54 41 52 51 6 83 11 34 69 22 55 38 40 39 5 14 43 37 60 10 90 6 88 64 56 46 48 100 76 69 23 51 54 79 95 61 13 72 30 24 71 84 0 73 88 13 29 46 97 60
 83 58 87 42 43 43 70 44 45 58 37 74 53 90 12 56 30 4 5 82 81 65 77 22 62 65 96 73 78 25 61 71 21 61 50 23 62 69 22 38 41 9 43 55 22 66 53 65 92 16 95 80 15 22 66 32 52 24 93 93 76 60 66 27 55 8 86 77 32 17 29 18 58 48 52 36 50 66 27 91 14 99 40 59 80 11 52 32 85 73 22 33 27 0 91 45 2 86 91 82
 84 43 14 95 66 7 10 72 31 32 49 99 8 40 10 57 20 93 11 88 2 54 12 93 28 93 56 97 22 75 82 76 60 24 11 61 86 35 10 44 75 2 17 12 85 5 3 59 85 97 56 76 49 95 70 97 30 62 23 74 46 16 69 57 65 43 88 89 84 71 94 45 13 61 23 62 4 88 38 16 15 47 95 19 68 71 40 86 77 2 100 73 12 9 0 5 5 67 55 56
 72 62 30 30 70 56 56 11 19 66 64 31 35 42 14 90 76 76 4 24 78 73 38 84 70 78 9 9 12 79 43 69 99 41 5 59 54 5 43 21 93 17 69 72 22 35 48 83 80 80 7 92 93 83 63 85 29 42 50 84 31 94 18 30 77 74 67 60 74 6 66 74 7 92 60 2 37 74 86 29 74 80 51 32 18 47 13 1 59 94 91 59 87 55 95 0 1 15 33 7
 12 40 81 99 80 42 91 20 66 46 29 51 2 51 29 86 79 34 8 9 65 98 86 21 81 30 31 20 38 68 74 31 100 48 44 85 24 48 31 92 70 48 56 67 25 6 61 3 59 72 33 32 14 70 77 3 55 80 35 71 36 23 66 88 68 4 86 72 93 23 48 4 47 72 30 23 73 13 96 70 29 92 26 13 25 23 67 61 13 6 20 54 71 98 95 99 0 48 57 14
 69 52 2 96 79 71 48 56 48 67 67 96 97 40 65 66 8 10 70 34 33 44 89 97 73 80 100 85 54 8 18 30 9 99 76 76 10 5 54 14 22 37 54 98 12 25 34 4 46 55 29 7 24 52 67 16 39 95 39 72 93 90 82 23 96 9 64 52 95 45 7 44 95 59 100 76 17 41 79 72 100 14 64 30 22 100 50 72 24 79 12 7 54 14 33 85 52 0 65 59
 57 82 61 24 62 22 70 69 78 88 28 78 86 62 13 19 51 14 69 81 14 92 36 89 65 65 24 100 35 41 44 11 12 24 40 43 9 27 94 24 64 93 78 87 60 25 81 21 85 18 62 75 27 70 44 13 32 15 37 19 73 17 52 97 30 66 90 75 15 64 26 33 33 11 14 31 30 25 29 9 43 45 25 9 75 33 91 27 56 83 28 72 3 9 45 67 43 35 0 84
 29 80 47 21 33 36 66 44 25 35 85 71 53 52 38 24 95 93 71 76 25 66 38 6 48 45 52 90 50 17 31 36 7 10 32 76 76 27 49 57 84 5 12 7 67 22 78 72 40 44 45 30 52 65 53 75 8 4 88 88 66 46 18 85 37 82 77 64 28 26 67 35 20 84 13 97 45 23 11 9 42 66 60 93 57 30 17 64 55 10 93 6 40 18 44 93 86 41 16 0
