50

 0 64 30 89 26 13 16 21 85 23 58 98 36 66 50 0 74 4 67 8 2 38 39 8 84 92 64 58 12 19 79 36 35 8 33 14 71 84 32 65 16 5 59 0 6 83 31 95 20 96
 45 0 24 38 32 2 59 97 15 46 92 33 49 50 68 71 35 13 76 91 66 70 55 83 17 97 40 34 38 90 49 44 52 35 29 96 43 82 91 73 37 47 59 52 75 71 65 46 21 59
 27 2 0 37 4 40 81 9 86 81 39 36 53 85 27 92 79 89 56 74 97 6 39 97 57 69 53 97 21 23 53 98 10 18 37 30 50 5 63 86 7 99 45 94 92 2 88 70 74 80
 36 96 22 0 39 1 91 19 97 49 57 67 18 52 72 52 46 60 97 37 50 81 88 49 31 84 12 34 59 36 61 18 95 67 36 29 70 24 20 22 81 1 78 10 34 57 77 42 6 57
 92 25 77 58 0 10 68 17 35 74 94 16 77 48 97 72 87 43 44 73 81 21 85 31 13 95 4 51 33 58 26 61 83 59 28 71 70 97 81 13 87 34 9 53 87 27 96 84 83 60
 85 28 77 35 83 0 99 61 51 16 76 66 38 99 41 34 48 15 99 39 7 50 23 94 12 2 60 78 26 45 75 68 9 39 30 11 55 77 63 18 7 70 69 7 15 84 27 54 65 75
 92 70 10 49 60 4 0 51 1 47 91 50 52 47 61 50 32 82 40 42 98 93 97 99 94 70 66 15 41 82 26 7 48 96 40 33 46 52 0 99 68 87 4 12 16 73 74 75 84 69
 43 86 30 29 97 17 99 0 71 9 64 74 64 85 68 15 98 22 5 86 25 22 17 30 14 99 77 20 33 63 48 69 57 58 31 29 43 15 16 29 37 60 71 35 68 46 52 0 88 84
 58 19 80 39 49 38 15 65 0 9 86 20 79 64 15 44 17 88 72 69 19 53 40 73 85 82 91 89 1 46 11 99 53 89 32 71 26 28 56 26 94 51 79 57 96 53 98 60 49 94
 75 57 70 34 37 53 92 13 91 0 34 60 54 28 32 44 26 88 31 79 35 29 25 53 15 21 24 51 41 88 13 19 64 66 77 53 59 24 34 47 11 27 6 73 0 92 59 19 52 91
 1 85 73 36 86 87 79 73 74 92 0 17 27 92 27 88 77 50 96 62 16 88 25 84 83 47 77 77 84 28 53 52 25 92 12 70 81 67 86 46 87 75 3 79 61 83 99 92 64 85
 77 19 68 2 78 34 54 49 84 75 31 0 89 31 87 86 87 84 37 41 92 53 42 18 42 43 49 51 77 28 37 71 34 87 58 89 29 62 43 51 48 40 88 56 89 44 83 54 12 57
 22 11 12 38 15 83 86 73 45 20 99 86 0 21 63 52 41 24 66 69 79 45 28 39 80 66 88 0 58 24 51 77 88 67 6 46 64 85 75 40 0 92 92 7 30 49 62 19 98 93
 36 0 44 27 75 90 98 98 53 56 84 87 43 0 84 96 10 57 50 15 43 85 38 98 84 11 54 39 77 39 21 9 3 59 71 27 32 58 65 39 49 5 8 76 44 31 40 39 81 61
 25 65 94 33 9 75 10 66 76 27 93 95 50 4 0 10 23 16 71 12 90 88 63 1 15 77 88 50 32 92 85 6 93 38 59 14 17 73 67 67 0 44 10 39 65 50 4 61 95 76
 88 44 37 14 5 90 68 4 36 94 2 89 21 13 48 0 64 67 11 62 15 84 17 83 42 84 13 9 62 39 12 45 99 49 78 19 0 27 49 46 90 2 87 82 97 80 91 70 22 77
 18 96 37 64 31 29 33 31 56 33 16 2 91 61 84 75 0 5 48 60 73 36 71 96 54 26 76 70 63 97 71 82 72 92 33 47 96 82 41 73 17 50 90 68 19 67 54 96 56 11
 11 68 94 63 42 9 50 11 74 17 95 64 63 28 71 46 96 0 50 83 98 82 1 25 68 86 70 59 94 26 87 61 98 54 92 60 97 99 77 95 48 45 64 47 55 60 95 60 82 24
 80 57 20 54 50 37 96 25 79 62 1 20 86 80 93 72 71 21 0 80 88 89 63 4 58 99 49 33 37 58 28 39 21 85 62 69 49 79 83 31 77 56 72 75 18 66 12 37 59 47
 64 80 79 66 58 36 77 23 9 55 11 8 45 88 26 77 3 42 81 0 81 16 90 81 65 82 6 50 94 26 77 5 45 9 56 41 75 66 9 4 35 35 5 71 76 82 37 60 22 57
 26 71 63 2 29 33 59 1 55 44 34 4 4 21 38 99 35 40 85 15 0 2 57 48 23 44 66 42 49 73 9 33 65 15 43 8 51 9 39 16 19 55 60 37 16 82 81 65 40 72
 72 34 8 33 30 82 11 25 97 95 25 45 7 3 79 21 19 82 4 71 67 0 47 9 96 36 94 57 7 28 62 36 57 57 99 55 93 70 5 62 40 60 11 8 5 48 38 48 91 17
 11 95 34 82 73 49 91 69 21 57 85 63 65 71 68 84 32 87 52 59 92 26 0 77 47 25 68 12 55 24 67 45 62 25 98 60 76 90 89 47 91 56 16 46 61 44 1 39 88 66
 8 74 41 78 56 76 66 33 3 55 37 92 56 21 89 29 31 43 65 15 42 58 35 0 95 44 26 95 51 2 96 17 30 37 29 23 28 28 99 29 84 23 86 12 61 53 87 84 53 39
 1 90 90 30 17 44 4 20 58 52 27 20 69 17 35 93 82 9 51 80 93 55 52 17 0 75 76 17 22 57 14 32 72 91 73 12 80 29 93 78 31 53 48 82 83 1 5 88 60 55
 37 84 29 30 34 85 18 92 5 82 68 89 11 37 69 4 94 91 86 82 81 18 14 73 31 0 55 3 96 22 70 87 66 62 83 94 81 13 83 67 79 17 4 12 50 40 23 75 34 29
 34 41 93 67 65 33 65 28 83 80 65 30 3 86 31 53 84 52 19 10 47 60 20 3 57 19 0 48 75 85 52 59 59 95 24 75 62 55 49 15 74 51 66 79 18 92 73 27 73 40
 30 78 76 52 45 16 41 3 22 2 4 59 71 97 72 44 91 72 65 17 63 96 86 29 72 66 87 0 16 21 30 21 70 21 25 83 24 98 64 43 10 91 26 83 76 48 93 94 63 48
 44 73 24 94 67 48 20 86 47 52 24 41 96 99 5 14 65 57 70 11 57 61 14 17 38 90 98 85 0 40 66 20 93 17 49 31 8 41 84 89 93 74 42 61 27 1 69 29 67 43
 9 67 91 13 65 76 33 45 5 13 93 16 7 5 42 55 28 91 37 87 16 69 41 77 9 67 46 86 12 0 35 2 53 5 5 66 45 62 70 3 3 92 75 75 74 28 80 51 86 12
 48 74 37 85 69 30 39 72 25 69 94 96 26 52 29 85 50 2 53 80 84 52 12 72 65 14 0 39 5 52 0 63 65 38 8 24 13 83 90 45 99 27 59 0 22 6 17 16 51 39
 59 26 17 29 52 86 82 51 38 59 39 79 31 47 18 9 10 93 67 92 49 1 58 25 64 9 84 41 24 88 93 0 80 98 29 22 19 37 41 47 64 5 86 52 39 93 14 40 74 73
 59 37 83 91 84 80 91 33 98 55 87 50 8 57 99 24 24 72 10 31 57 74 12 73 25 19 72 84 75 8 89 90 0 96 89 98 90 98 96 53 32 82 88 40 70 63 42 58 32 10
 97 71 3 90 70 86 61 15 24 8 14 96 99 8 1 58 23 59 90 65 65 53 5 49 3 61 5 66 15 43 65 44 33 0 70 39 29 32 49 22 58 41 67 57 96 85 48 90 96 13
 53 73 76 47 79 24 97 75 65 56 83 84 92 83 69 47 24 94 51 74 59 60 2 23 40 63 56 68 31 49 30 15 28 56 0 91 84 16 19 46 42 0 13 79 29 3 0 86 34 45
 45 81 54 76 59 70 4 1 2 35 28 35 15 19 93 85 57 81 33 75 84 27 51 21 61 80 54 6 39 22 84 45 69 85 10 0 11 21 19 25 91 72 35 26 89 83 41 58 16 50
 67 77 90 22 39 65 36 39 85 20 21 16 18 69 80 65 89 17 41 36 34 67 92 96 78 36 44 15 65 56 70 74 21 72 63 51 0 8 64 81 1 52 79 63 34 57 45 82 7 34
 54 60 35 5 30 11 5 18 80 27 15 58 61 88 79 16 92 67 46 14 87 6 32 98 34 60 97 88 92 75 85 62 91 69 14 82 46 0 23 33 2 96 45 79 98 6 34 6 11 65
 48 68 63 51 68 82 35 30 50 52 83 9 44 7 54 97 95 63 5 48 21 23 84 6 2 29 89 5 14 34 64 69 79 94 97 2 59 29 0 33 20 48 33 78 67 24 45 79 40 32
 78 74 13 3 33 49 78 14 9 62 46 64 22 11 64 9 15 7 69 69 13 66 23 46 99 7 77 15 42 54 85 40 43 34 98 55 11 63 65 0 55 17 30 70 15 21 77 88 4 73
 8 88 86 77 92 46 83 35 94 59 88 77 24 84 92 69 48 51 70 58 55 64 66 74 94 12 55 65 16 62 56 27 81 22 97 42 4 7 76 9 0 13 47 57 91 97 72 88 84 70
 83 93 79 97 83 86 64 8 46 68 20 59 45 44 55 66 95 92 60 96 83 1 87 75 91 10 18 82 58 93 18 97 77 47 30 68 96 58 60 11 0 0 57 90 61 97 82 42 23 4
 66 58 94 43 9 25 83 98 45 0 27 4 44 0 45 40 93 91 65 4 79 14 62 39 70 80 78 35 52 14 5 55 10 86 61 26 34 35 63 67 35 21 0 96 45 82 66 51 69 16
 16 86 93 70 10 73 80 14 24 60 81 37 79 60 41 11 27 15 31 64 10 35 62 15 0 11 13 66 7 47 39 55 13 23 16 23 65 14 30 10 46 63 71 0 90 93 9 40 84 58
 21 41 74 65 52 4 71 8 47 25 19 4 32 32 15 78 49 64 77 50 10 94 22 34 74 84 26 42 69 4 46 37 95 31 86 1 68 26 35 73 90 53 51 57 0 44 67 69 83 33
 16 71 80 61 16 12 58 3 39 19 61 40 48 80 87 96 19 46 34 39 38 89 56 18 91 54 24 16 93 75 53 7 64 73 59 95 62 77 87 37 22 38 51 12 18 0 60 33 64 4
 15 11 45 34 79 65 75 32 45 40 47 3 62 8 2 42 65 53 25 18 82 6 16 23 55 51 22 24 97 21 36 10 38 98 38 12 88 28 54 62 6 42 71 3 36 96 0 44 79 27
 97 90 10 8 13 66 14 66 18 59 53 90 11 62 45 35 88 76 49 67 15 57 93 59 5 48 68 16 10 73 9 68 17 15 9 28 21 18 36 79 32 51 80 60 54 83 98 0 31 38
 10 21 10 6 85 38 98 52 82 49 23 63 78 48 5 67 44 52 66 88 12 3 13 25 0 9 69 67 79 16 77 25 22 98 95 28 17 79 26 24 8 47 58 94 66 18 23 45 0 53
 62 40 66 4 11 2 80 74 45 66 96 8 31 57 95 28 1 86 14 36 21 56 60 20 68 21 77 20 43 43 13 30 68 23 38 87 67 66 71 24 63 54 12 1 4 23 63 47 91 0
