100

 0 33 85 94 60 55 66 42 50 3 94 65 88 24 29 37 95 23 97 11 59 40 1 87 5 89 24 11 84 50 38 15 19 75 23 91 18 43 66 99 3 57 88 32 71 81 1 89 0 75 90 35 83 92 90 80 83 76 59 55 52 36 65 69 34 58 27 46 68 49 77 61 36 17 27 95 39 60 59 12 86 76 53 81 58 88 56 14 6 74 47 19 23 34 15 10 71 45 81 82
 24 0 75 43 97 31 55 74 13 22 20 29 96 6 34 89 1 53 54 23 57 6 94 66 97 39 68 6 80 80 48 56 13 67 50 41 40 44 42 89 28 13 36 30 3 87 67 84 65 76 54 81 22 76 83 74 93 4 31 95 78 70 94 70 95 25 91 56 70 83 97 63 52 16 70 5 86 71 60 75 82 20 35 48 34 41 85 0 98 60 45 2 4 31 93 88 73 72 77 60
 71 52 0 99 54 87 98 49 0 88 57 62 62 30 13 27 47 41 52 35 68 43 10 51 89 3 22 91 14 81 12 56 93 19 80 68 18 89 65 50 51 85 75 94 55 47 43 25 85 52 18 29 35 34 9 86 82 14 70 56 82 15 73 30 63 0 61 9 84 30 1 12 17 92 92 82 49 56 17 32 44 42 57 85 96 13 83 37 75 45 68 41 19 17 49 33 44 20 22 99
 66 34 34 0 84 36 25 5 86 86 62 60 97 14 66 58 58 98 66 94 55 3 4 39 98 30 84 73 3 97 82 86 61 39 88 87 80 59 55 45 53 47 87 96 89 89 41 11 2 93 17 54 8 53 96 94 4 22 64 91 30 11 46 55 35 98 10 84 74 5 0 48 76 39 77 43 61 0 87 31 68 94 92 85 61 51 53 27 52 90 31 68 11 78 12 26 16 42 38 54
 93 85 43 92 0 66 69 13 89 88 74 11 81 35 77 32 20 67 17 57 82 94 91 44 39 63 81 34 84 97 25 99 77 18 2 30 17 97 84 89 56 57 48 70 6 32 59 59 99 44 36 16 36 97 4 99 88 55 46 7 38 45 13 7 63 22 62 10 54 9 83 1 97 42 82 93 79 16 71 11 83 20 2 80 55 7 34 87 10 41 12 27 67 46 55 36 89 66 82 77
 31 62 96 48 90 0 51 66 8 80 87 13 66 70 16 96 29 88 27 30 50 87 4 4 64 95 94 95 10 24 77 17 97 83 55 90 57 58 4 6 66 8 66 31 69 29 45 8 43 63 21 49 97 70 88 57 65 12 16 29 90 14 32 79 60 19 54 79 13 15 70 11 57 36 99 2 88 37 9 18 1 22 43 96 57 10 61 49 18 2 33 85 49 49 2 63 91 61 44 52
 55 11 23 4 93 70 0 67 80 29 58 51 11 27 98 2 3 31 33 82 97 87 31 62 40 71 75 35 41 53 82 87 72 19 38 24 20 67 27 13 82 43 15 12 93 79 67 40 8 73 76 62 80 85 95 51 74 60 35 88 41 98 62 32 82 22 86 6 89 34 86 95 50 6 12 39 34 15 81 77 29 94 10 18 0 19 59 38 60 98 34 67 43 92 4 93 7 65 40 62
 88 32 64 84 41 71 89 0 88 77 0 58 44 52 47 56 12 45 30 39 10 52 4 32 43 80 62 6 76 76 90 24 20 45 94 19 80 30 59 86 58 88 73 24 84 20 32 46 43 41 15 72 38 81 41 83 37 55 61 44 29 77 0 22 51 89 28 44 4 99 82 1 95 95 48 36 69 30 75 42 30 20 11 18 19 34 74 17 8 75 73 97 94 61 16 58 22 85 55 35
 1 56 39 76 18 19 8 28 0 83 73 96 79 73 29 88 33 21 59 29 16 71 39 56 66 48 50 94 32 9 28 70 63 43 57 31 51 75 14 87 79 15 13 62 38 58 98 66 97 27 65 29 34 21 29 70 23 6 80 11 31 27 94 59 99 26 94 18 78 76 0 53 49 33 45 27 64 42 76 10 61 5 57 31 66 66 99 6 31 56 92 47 69 1 59 32 11 49 42 33
 28 35 12 73 94 76 28 44 81 0 34 68 98 45 12 48 54 41 88 4 25 70 5 12 80 65 77 24 95 94 78 75 76 14 58 48 52 66 5 78 69 63 37 63 46 40 21 97 11 47 96 25 29 17 78 41 72 84 55 35 25 97 0 86 96 40 61 91 68 75 95 97 33 14 94 68 1 88 57 65 32 16 2 4 90 2 1 34 30 67 15 52 74 37 98 87 65 64 84 28
 46 9 42 20 53 3 32 32 51 95 0 84 67 48 80 56 55 23 88 14 13 34 49 58 47 6 58 22 24 80 82 49 39 87 24 10 93 3 10 46 75 26 73 73 31 78 78 47 70 67 78 69 94 56 5 99 89 62 34 20 73 34 53 45 28 78 72 80 3 82 81 82 38 23 49 38 44 95 7 36 23 21 14 36 66 21 58 65 33 59 33 41 16 88 66 3 79 96 67 48
 86 60 16 28 49 84 58 78 77 11 72 0 93 57 84 20 25 56 39 30 93 95 67 1 35 59 4 32 45 60 77 84 79 96 12 57 9 79 28 40 80 46 50 64 42 80 80 24 63 50 33 11 72 27 94 72 62 50 26 25 84 1 15 25 27 50 1 10 30 19 53 23 90 17 69 72 82 30 24 26 71 57 71 31 6 54 42 96 86 94 76 12 25 37 69 54 48 30 27 98
 38 16 41 9 60 70 23 94 35 11 71 33 0 37 76 77 55 87 77 31 26 81 19 24 96 90 48 25 7 96 78 33 11 71 89 59 45 86 38 82 5 47 62 5 53 67 5 61 44 64 83 92 30 38 74 41 33 90 55 86 52 54 44 52 82 61 96 71 53 95 99 83 93 44 33 36 93 74 12 24 36 20 25 76 84 43 18 2 42 78 40 86 52 40 76 43 27 90 51 90
 58 51 36 48 46 99 60 60 97 84 42 30 67 0 66 81 19 75 84 32 37 8 70 77 88 58 54 87 5 32 97 86 98 3 15 11 54 87 16 92 41 52 97 9 46 12 17 62 63 14 35 85 13 12 83 52 92 13 38 4 47 59 28 76 66 46 42 17 97 96 41 0 0 52 95 80 49 63 7 75 71 70 59 61 6 68 93 99 62 96 85 6 90 91 43 81 30 35 98 12
 25 37 93 41 70 58 44 61 12 48 39 22 67 23 0 53 29 42 42 59 3 1 64 16 13 43 2 75 99 90 2 25 20 34 26 30 77 79 75 72 91 6 50 91 74 16 68 39 48 49 53 89 82 32 67 64 28 92 24 93 27 85 40 76 52 16 80 93 22 52 27 38 83 87 0 80 91 16 74 78 19 73 54 39 40 14 62 77 47 84 85 63 41 80 23 59 97 23 10 69
 19 38 86 15 26 24 75 37 83 39 72 15 22 53 14 0 42 47 26 19 30 65 96 32 65 18 90 70 75 91 9 44 95 27 8 69 23 58 28 35 92 85 26 11 27 31 31 98 98 80 27 56 9 73 89 87 89 97 69 45 86 56 1 34 67 35 16 30 75 79 35 53 30 10 4 8 41 36 18 0 2 34 32 10 42 63 88 85 55 4 11 40 72 24 89 15 21 92 6 3
 41 47 81 2 28 54 94 62 33 31 90 27 67 47 52 75 0 52 52 47 76 82 59 32 7 31 29 90 30 79 37 77 51 76 53 15 89 27 85 29 16 61 82 44 62 93 1 89 12 70 67 12 31 83 10 99 94 95 42 23 35 89 36 21 67 92 98 45 40 34 37 50 65 19 15 26 23 48 76 86 67 32 1 2 49 87 76 22 58 17 19 60 85 64 69 66 47 85 1 31
 41 37 83 95 16 18 75 85 58 70 34 0 70 24 56 15 78 0 52 19 91 70 70 72 84 41 46 57 71 76 99 57 29 38 78 85 8 33 96 81 94 89 14 58 75 9 79 91 32 19 74 96 25 2 8 18 13 93 69 89 88 61 40 71 37 57 20 58 56 4 46 21 9 7 32 78 24 51 6 64 55 59 7 68 8 68 14 93 38 75 53 47 62 82 46 99 10 47 70 0
 27 33 60 96 56 97 10 84 15 97 21 84 43 26 43 22 65 62 0 86 40 56 81 40 41 48 69 75 27 49 90 4 32 41 87 72 72 19 76 68 40 29 66 90 95 67 11 57 55 45 5 10 86 28 53 81 78 39 12 53 36 48 96 10 23 56 22 35 98 47 60 21 12 81 4 65 2 99 24 8 0 18 25 47 2 30 90 17 71 13 66 13 25 78 15 99 73 93 99 66
 18 58 55 37 87 56 29 41 94 19 36 90 16 9 24 0 40 66 37 0 83 37 84 26 81 4 39 95 50 61 23 36 54 21 87 41 45 51 8 25 37 96 1 24 81 27 82 63 17 56 83 92 32 31 42 36 58 1 55 37 2 9 72 34 14 92 29 28 26 51 12 19 60 62 73 11 67 1 95 44 96 37 55 2 44 8 62 38 7 50 47 53 33 22 96 54 39 92 92 52
 18 14 71 61 35 99 44 20 63 70 89 86 8 77 96 30 24 85 11 26 0 51 6 36 84 95 79 7 84 33 96 97 83 30 53 52 65 23 64 62 75 18 86 85 53 68 66 70 56 34 44 98 19 90 68 90 37 93 26 64 18 37 2 57 89 95 39 58 80 3 20 45 59 5 79 66 18 22 52 25 89 18 94 73 30 16 72 18 75 17 76 60 88 95 1 4 91 1 24 61
 77 24 38 24 58 65 33 68 73 55 51 49 8 52 77 82 10 8 91 91 15 0 57 23 66 53 92 82 79 48 35 83 63 79 33 25 87 57 69 4 78 77 69 15 19 21 90 58 23 76 51 50 72 23 27 60 63 9 48 87 73 80 8 99 2 29 7 22 6 53 58 30 42 52 87 54 6 18 68 63 97 99 62 25 68 79 78 67 99 7 19 33 5 23 57 9 59 38 17 34
 20 88 24 91 65 38 6 24 41 58 42 24 29 0 46 80 82 73 6 0 49 89 0 70 63 19 50 87 23 41 24 69 46 26 69 96 70 22 15 93 22 60 29 50 7 35 26 91 63 35 5 60 88 91 9 47 16 10 84 75 44 46 65 62 24 9 5 98 78 92 18 45 61 24 1 50 21 52 3 87 17 59 17 97 23 80 59 61 27 81 4 13 47 17 66 37 45 51 46 3
 85 63 10 93 39 93 13 55 19 63 30 21 87 61 66 17 35 58 66 0 18 1 21 0 89 47 50 53 64 25 28 23 51 82 61 53 10 84 52 83 49 60 55 63 39 45 99 8 0 77 13 59 15 74 51 4 20 66 76 9 8 70 75 93 44 56 21 60 25 0 43 30 4 15 10 70 23 25 61 30 0 13 70 50 23 78 67 22 67 25 51 10 95 60 54 2 88 51 83 14
 78 66 53 34 29 49 22 34 37 69 41 44 71 23 2 24 22 40 44 32 41 53 64 38 0 34 44 85 72 68 59 45 24 93 43 38 83 42 13 21 24 69 83 37 7 80 93 57 94 15 19 9 80 65 1 57 35 6 57 50 1 94 71 51 79 49 74 16 28 12 82 39 26 91 94 62 31 59 97 28 12 42 96 28 4 6 53 51 94 81 50 73 99 53 85 62 13 26 89 43
 77 38 68 0 9 73 47 29 68 56 85 10 6 97 90 73 92 9 74 59 17 31 85 38 77 0 0 21 19 45 50 85 45 11 73 93 7 44 68 14 75 54 1 83 55 7 50 78 47 91 0 25 30 72 13 30 66 89 6 11 10 44 64 55 34 98 35 49 59 64 13 48 17 36 98 48 86 85 40 41 72 77 72 2 72 43 17 27 5 7 92 65 2 1 17 57 77 78 74 97
 42 56 37 75 59 24 48 91 51 31 32 77 39 7 79 98 9 25 85 38 76 13 99 85 10 31 0 37 81 18 30 16 52 42 78 88 39 44 59 85 22 87 60 77 97 15 67 30 19 64 83 53 85 22 81 55 14 45 58 86 92 30 90 92 70 64 16 36 87 6 64 79 19 24 22 27 47 14 35 12 61 30 57 23 87 68 3 69 15 27 9 86 84 57 98 43 44 66 10 74
 89 19 16 74 56 53 37 92 42 67 81 76 63 41 20 92 43 29 35 6 34 76 8 87 47 95 13 0 27 63 76 81 99 12 68 36 19 0 45 57 29 21 10 83 34 2 8 60 79 92 21 81 14 81 32 71 63 4 36 68 44 73 90 34 39 97 16 58 25 54 31 34 71 28 49 1 53 33 46 81 53 99 10 12 48 95 67 92 18 26 30 22 57 65 6 25 6 27 37 60
 16 79 55 72 93 15 98 45 96 16 55 94 29 36 52 0 23 81 86 1 79 35 85 7 97 20 45 4 0 75 37 22 26 59 94 74 53 84 77 13 99 76 65 3 8 56 6 86 51 20 74 50 94 68 83 56 32 77 81 54 56 90 34 63 82 94 15 57 52 55 40 49 64 12 32 50 34 27 29 28 12 61 52 92 86 86 48 68 17 99 81 65 68 92 62 92 8 30 72 17
 92 39 15 51 81 79 21 47 0 74 67 58 14 54 90 49 16 73 77 89 2 92 69 29 29 33 95 89 41 0 80 99 36 97 89 80 44 46 82 73 43 96 66 63 61 32 67 44 5 98 70 35 15 17 0 50 39 42 19 3 63 4 46 7 41 99 1 61 72 18 52 45 48 6 22 3 43 63 88 74 67 18 35 37 8 75 36 40 69 79 72 13 37 88 5 14 40 17 61 44
 2 31 22 77 20 93 7 90 3 25 5 41 57 4 5 84 32 32 45 49 96 94 77 26 89 55 39 60 60 69 0 72 95 14 19 48 39 27 49 61 82 0 33 99 94 6 98 68 68 36 38 79 12 79 18 82 95 16 98 13 88 27 54 98 59 13 33 54 50 59 14 76 6 10 85 52 74 35 8 96 65 34 68 25 54 14 3 52 17 9 26 98 37 34 0 59 70 32 1 78
 37 70 14 2 38 76 83 99 73 47 65 43 39 88 51 83 65 32 12 71 53 14 36 1 83 90 53 79 74 94 92 0 39 18 62 98 80 63 23 64 67 36 35 29 81 52 46 18 67 24 2 19 9 32 41 46 38 2 12 16 3 37 99 92 54 10 43 60 54 35 44 15 91 19 55 0 40 79 69 0 28 97 47 62 25 55 96 3 91 5 66 9 32 50 73 35 39 43 9 32
 71 45 92 82 48 34 41 25 4 28 84 99 59 58 19 17 40 61 12 47 4 50 26 60 2 69 82 48 26 23 97 50 0 88 87 29 80 94 65 65 52 53 32 19 27 89 65 61 5 4 86 2 10 93 26 4 34 63 59 7 99 95 59 98 56 41 14 23 47 59 46 52 28 35 32 81 26 24 71 81 39 30 79 14 95 67 55 11 34 42 11 74 64 51 93 28 59 77 60 25
 0 94 14 1 53 57 48 16 39 57 50 39 32 54 43 21 13 51 88 28 83 30 18 62 24 12 6 85 65 40 26 9 44 0 32 28 14 55 98 43 7 36 21 36 8 60 70 71 64 45 34 47 51 0 33 55 68 75 9 46 34 72 72 85 36 88 52 88 29 39 43 62 47 4 95 97 13 56 4 25 72 41 66 90 92 37 39 2 18 99 1 72 44 75 79 21 21 62 56 86
 62 17 51 55 40 66 45 57 97 0 43 16 41 52 31 36 62 5 79 66 3 83 5 85 57 87 53 30 39 34 7 92 47 73 0 91 4 30 62 82 27 8 40 93 11 31 38 24 14 19 57 83 0 77 84 23 23 52 3 58 25 27 17 28 23 20 45 58 81 73 22 70 59 0 78 48 69 15 94 65 59 85 54 86 66 2 54 10 30 73 49 46 63 61 98 21 56 27 64 31
 24 15 14 0 4 28 56 79 5 17 50 73 18 92 69 75 84 70 63 36 65 91 11 20 14 59 61 29 77 46 82 18 21 6 26 0 31 38 39 6 22 27 3 24 56 50 53 54 25 89 39 30 81 79 77 28 99 70 52 41 10 65 3 48 15 52 62 57 55 87 2 9 64 29 81 68 14 92 6 82 71 32 74 1 61 12 6 33 93 45 30 59 45 41 73 70 85 48 84 3
 73 6 71 30 42 17 53 38 93 46 33 91 27 77 98 70 86 6 66 44 95 9 87 75 89 24 53 29 13 54 18 56 87 56 30 21 0 33 0 98 17 67 93 50 34 85 76 96 59 2 67 66 62 82 51 56 34 50 57 97 93 24 69 35 42 81 70 30 71 6 79 47 8 73 35 29 69 86 0 20 27 54 50 99 81 4 16 11 49 5 13 13 75 63 77 24 23 24 44 13
 0 64 53 78 86 25 17 60 36 96 49 32 44 17 36 2 75 83 30 64 30 67 18 19 50 17 63 72 69 50 47 18 31 61 26 46 63 0 99 42 72 80 86 83 21 65 33 52 47 42 1 63 76 72 47 97 31 30 10 96 9 76 24 92 23 98 94 44 98 0 32 5 90 85 94 61 51 96 12 14 46 10 72 80 40 19 74 80 93 82 0 67 41 4 92 86 23 4 4 61
 75 42 81 92 55 90 85 46 54 54 15 0 37 67 55 19 79 13 93 80 56 52 83 80 65 96 40 18 51 5 43 1 97 35 41 58 33 30 0 78 2 57 41 21 73 34 4 38 47 52 95 26 96 67 20 13 5 91 84 10 23 37 45 87 47 66 74 97 63 32 22 10 90 51 72 22 94 86 15 39 54 1 86 75 64 51 9 45 84 52 21 46 84 25 64 1 24 34 45 71
 8 0 86 91 24 79 70 39 14 6 28 32 38 77 16 33 33 87 6 88 92 32 58 22 88 63 70 98 79 1 65 58 46 25 3 49 5 8 38 0 83 64 72 8 11 2 77 29 79 92 54 96 87 17 10 21 41 25 77 36 55 91 47 87 34 37 17 27 91 62 20 98 78 16 45 32 90 72 97 61 35 61 67 45 0 51 35 75 19 59 40 48 2 60 10 69 3 26 49 94
 84 60 89 57 34 67 38 0 86 14 88 10 77 29 21 36 32 30 49 32 31 17 56 40 46 72 58 12 7 81 1 29 17 55 83 69 69 30 65 60 0 69 47 82 38 43 38 19 61 27 30 87 81 83 5 83 48 49 99 19 37 64 67 44 88 33 75 84 92 15 23 87 2 26 66 73 8 87 57 27 26 99 19 96 76 41 81 10 94 27 87 14 72 95 89 25 21 75 59 15
 68 43 65 84 96 75 93 71 93 38 78 34 50 96 4 30 33 61 47 78 90 49 68 76 25 85 7 77 30 87 67 66 81 97 13 63 12 89 11 37 2 0 99 64 85 58 76 45 72 25 72 52 24 94 72 92 10 11 74 8 70 69 32 50 83 51 11 71 5 68 24 67 21 53 29 90 47 48 26 53 30 52 83 44 45 8 93 62 84 24 20 13 18 66 55 4 16 22 6 82
 92 89 69 23 39 43 87 55 50 45 41 0 18 33 5 55 74 69 55 42 68 6 59 78 23 56 5 91 21 47 21 8 7 87 57 37 38 47 19 56 94 88 0 4 44 22 43 35 39 91 67 12 86 34 79 29 22 86 80 43 21 51 60 91 55 66 23 90 42 41 16 63 51 72 73 98 41 74 97 10 8 95 20 71 69 68 64 85 23 89 89 60 7 97 45 89 69 52 10 92
 69 26 14 58 68 76 56 44 7 25 31 89 96 20 62 69 84 22 19 78 70 95 90 43 96 73 73 58 77 74 41 93 5 25 12 91 72 58 41 66 19 16 65 0 29 67 18 67 78 2 43 68 98 86 90 75 2 73 4 30 35 4 56 87 98 70 28 1 84 50 77 15 48 79 14 42 57 61 58 12 94 19 13 83 11 22 73 5 82 98 82 42 27 99 87 57 74 65 0 90
 19 29 89 75 23 30 87 25 8 15 93 8 24 3 54 64 91 92 40 29 11 4 82 36 57 62 91 40 16 55 74 99 43 63 93 89 47 50 26 63 69 78 48 10 0 8 10 81 94 18 85 90 30 15 56 71 31 17 72 70 55 0 54 26 27 29 78 54 41 49 51 59 21 81 90 5 42 52 59 94 13 27 46 94 18 93 47 12 28 86 66 65 69 89 30 75 26 30 87 94
 99 13 67 50 73 63 17 71 30 9 32 9 27 61 60 22 58 57 74 62 28 12 20 74 95 57 19 94 72 41 97 20 37 92 66 1 28 19 9 8 47 16 7 28 64 0 49 66 39 2 92 10 43 80 32 82 63 67 90 50 97 99 54 2 85 37 58 73 94 73 68 6 1 95 16 24 63 50 35 91 57 53 22 66 1 4 84 76 81 49 77 24 66 76 51 71 83 99 22 23
 11 31 38 67 4 18 7 70 74 95 43 93 5 97 98 33 29 43 25 27 65 58 98 45 26 16 23 4 7 51 76 31 91 84 43 23 30 44 82 16 85 35 61 42 76 63 0 19 64 88 70 48 27 2 83 18 34 38 16 12 84 11 54 12 52 33 69 46 80 48 62 43 63 23 15 73 58 33 57 72 89 32 82 25 87 73 41 63 20 10 70 53 43 57 63 81 2 61 22 21
 7 27 15 52 68 0 77 62 95 90 44 15 64 65 79 52 26 49 69 42 41 3 72 11 30 93 0 86 20 68 25 29 87 53 77 82 13 31 80 76 36 74 85 20 3 82 18 0 14 58 16 15 67 68 99 54 16 97 63 54 63 14 91 26 61 37 64 62 82 10 97 24 60 90 46 50 22 94 99 71 45 60 67 53 75 77 4 86 58 48 25 64 10 80 84 70 99 86 69 75
 47 29 58 63 25 99 50 21 51 30 92 43 84 29 86 71 66 97 51 13 46 96 1 85 84 6 88 69 96 9 14 72 21 85 35 20 10 50 88 77 16 41 27 63 8 82 47 42 0 69 50 91 35 47 13 63 44 56 77 4 33 4 46 56 30 16 60 27 18 39 42 78 99 49 40 60 17 65 32 14 68 37 91 28 60 14 3 44 46 50 12 20 52 37 33 86 33 72 8 47
 39 40 30 53 46 6 41 33 71 8 26 76 51 85 79 13 10 19 12 44 38 83 43 69 74 96 87 72 38 7 51 33 46 78 97 71 97 73 67 51 24 27 36 62 86 49 95 95 66 0 5 28 76 88 59 6 48 98 88 56 4 63 57 78 1 38 79 30 7 53 48 15 14 70 58 1 78 96 56 92 75 50 20 72 63 48 10 61 84 70 84 18 46 62 7 36 80 80 66 33
 18 81 97 94 93 72 93 82 17 4 64 3 61 89 72 41 77 43 87 43 28 8 57 26 52 93 35 48 62 84 87 26 18 0 98 9 98 29 57 74 72 21 36 20 33 37 35 78 57 9 0 0 21 83 87 71 39 51 91 67 43 52 24 12 73 43 46 37 66 85 13 54 61 70 70 22 3 13 32 50 38 28 44 62 33 78 91 58 58 14 0 65 38 55 9 24 44 85 21 98
 75 10 58 78 16 41 89 79 21 7 7 22 57 43 25 17 37 6 42 39 19 58 49 65 95 51 52 13 48 68 77 4 86 70 15 42 71 25 43 42 65 94 61 4 36 14 44 12 75 23 81 0 33 45 44 53 4 67 54 68 52 8 19 79 1 41 65 99 28 66 11 19 13 31 97 97 87 50 57 32 54 19 9 70 57 69 54 71 28 42 27 7 9 39 48 69 39 73 87 19
 38 52 11 94 25 73 94 64 78 58 78 19 42 62 7 50 89 55 23 79 68 1 42 83 72 78 73 40 5 33 85 59 3 53 29 62 44 51 99 87 56 45 40 31 55 64 4 78 14 20 17 26 0 7 80 63 95 2 6 77 80 43 43 48 63 68 92 26 98 11 1 17 52 99 64 57 74 40 82 75 57 62 85 29 0 50 37 26 34 31 22 53 13 39 10 3 93 91 29 29
 35 98 57 62 73 68 86 59 33 54 39 72 21 71 71 89 83 85 34 20 91 86 80 77 91 88 26 45 54 17 48 32 37 29 80 6 14 97 40 57 58 46 34 85 17 62 52 46 90 13 44 16 4 0 3 80 1 63 52 59 98 12 55 65 9 9 56 12 23 51 35 40 39 61 6 45 73 68 18 74 36 27 72 45 86 35 11 21 81 79 4 43 2 6 63 87 44 49 58 12
 4 85 39 34 21 22 41 28 70 5 86 97 13 97 88 60 55 74 8 0 34 84 91 15 65 86 51 46 40 3 6 30 72 20 70 31 91 2 93 31 94 74 99 45 95 43 35 31 4 46 56 82 15 24 0 93 66 58 83 49 72 39 89 41 34 2 75 67 55 96 52 90 18 42 87 27 97 9 57 28 79 48 9 74 97 84 81 91 71 94 56 75 44 99 21 27 13 0 2 63
 45 57 85 37 55 78 60 73 1 1 98 77 84 7 14 81 69 13 21 41 67 65 99 10 27 76 24 95 91 65 24 45 50 13 26 2 56 57 51 33 30 62 41 33 88 30 11 93 92 75 43 15 77 81 30 0 26 78 7 91 41 50 73 52 69 65 98 1 2 4 45 72 56 90 3 38 54 34 79 71 25 11 23 91 61 52 83 0 76 97 29 51 37 35 11 49 34 58 12 17
 51 31 78 21 63 79 8 99 55 72 48 25 22 13 19 73 45 35 5 37 99 34 25 4 99 8 82 79 44 40 62 88 36 63 26 91 74 62 42 79 5 20 79 14 28 43 14 51 12 84 82 22 94 67 91 41 0 9 4 39 71 96 18 90 42 62 78 37 29 1 63 59 51 67 82 3 49 2 5 48 92 16 85 38 88 84 89 9 88 24 19 17 63 99 2 64 20 99 34 74
 85 59 96 42 82 24 61 78 71 11 59 12 43 85 55 33 15 86 13 99 52 42 1 93 77 32 49 77 5 9 21 68 19 0 69 50 47 57 73 1 82 25 42 81 86 87 9 19 48 3 57 62 99 85 16 94 77 0 33 58 87 68 81 90 74 94 27 32 27 0 38 65 79 47 55 19 90 78 0 42 73 2 93 62 15 72 58 85 30 71 95 25 7 64 55 22 0 63 80 72
 20 69 56 11 22 91 15 57 69 93 32 74 16 32 20 39 31 80 24 7 88 54 9 74 16 72 5 99 25 34 69 31 74 13 64 19 19 51 58 2 86 66 39 84 42 75 32 42 56 49 96 55 23 22 48 68 54 43 0 18 32 98 76 83 27 88 41 64 22 36 66 68 29 92 40 89 63 19 69 17 82 35 93 14 47 70 47 83 77 14 14 81 92 95 16 98 95 51 86 77
 23 61 87 29 77 79 52 55 82 97 9 48 76 41 98 53 19 86 34 52 46 78 72 58 5 96 36 17 42 94 83 66 44 84 10 48 18 49 66 4 99 78 93 21 6 48 38 22 16 71 48 1 2 45 25 47 1 68 87 0 19 55 66 71 49 62 17 37 98 89 96 21 64 95 47 42 39 98 55 36 66 97 80 68 84 7 35 24 36 56 52 65 12 56 47 5 13 61 94 77
 6 6 6 64 88 85 48 25 72 81 81 8 81 89 20 84 75 69 95 21 67 13 11 16 88 19 17 93 18 7 24 25 17 80 53 48 4 71 54 48 16 50 23 95 55 8 51 65 44 5 4 91 80 7 43 84 54 15 77 73 0 3 31 68 62 38 59 55 48 95 22 51 31 17 97 21 91 68 29 37 15 55 1 25 66 93 30 6 60 8 93 6 13 53 51 2 46 13 24 51
 68 47 57 77 17 36 3 72 91 22 89 73 43 46 21 32 79 46 9 9 91 16 23 27 33 34 23 94 48 5 58 79 13 12 72 32 31 98 63 70 96 60 75 36 31 61 57 2 44 20 4 17 66 30 34 72 66 95 92 71 53 0 59 27 95 62 44 77 0 62 31 58 37 86 29 0 87 35 52 50 73 91 73 18 78 61 97 83 42 65 79 42 19 60 42 4 83 11 79 90
 81 64 99 89 96 52 87 39 14 46 49 66 10 5 51 54 36 49 59 29 51 50 56 28 31 21 38 60 48 75 39 67 18 87 75 27 76 43 8 12 0 79 84 35 28 88 46 0 75 81 73 43 28 18 71 32 40 84 65 12 49 28 0 32 24 65 0 8 74 43 1 57 3 36 81 61 49 91 21 10 70 29 52 85 87 24 64 59 11 53 61 70 80 81 82 81 20 62 47 67
 39 18 85 84 21 91 94 52 84 85 58 28 43 49 39 4 59 32 12 64 80 36 35 89 91 76 72 82 69 24 8 43 64 82 75 66 91 24 14 71 69 32 19 54 40 59 12 34 87 36 22 78 25 1 48 35 17 0 93 24 30 25 15 0 94 45 52 28 50 13 78 49 6 92 91 71 16 13 55 39 78 88 30 31 76 51 28 72 22 31 67 10 12 52 65 85 52 37 56 30
 5 63 32 63 26 28 74 88 9 52 67 92 37 84 44 30 33 77 9 29 88 27 21 15 73 94 79 11 45 23 45 80 40 97 7 72 58 95 79 0 12 94 8 80 57 80 14 65 92 69 12 30 72 36 60 98 91 21 83 59 91 65 92 40 0 91 41 76 98 30 1 13 65 45 84 10 8 18 43 33 75 55 87 58 75 88 5 39 75 80 87 49 35 16 24 69 3 71 50 14
 79 85 8 48 78 43 57 79 79 15 20 38 57 98 40 47 55 52 29 32 8 89 79 24 53 77 88 80 97 38 49 19 41 27 21 91 20 48 83 96 11 95 83 15 69 88 65 21 45 7 8 0 23 92 70 9 78 20 73 68 36 59 0 46 39 0 50 36 82 21 46 73 11 43 74 93 19 15 68 64 16 68 95 52 65 11 31 64 24 86 37 37 49 70 14 81 56 9 31 24
 4 72 14 36 90 40 32 90 29 86 96 57 22 46 15 49 40 83 7 57 68 38 9 18 45 6 11 42 91 50 83 96 41 68 6 77 3 35 52 43 34 38 10 67 23 97 26 70 34 0 30 52 97 46 59 88 31 12 10 24 48 77 75 43 46 37 0 90 15 50 32 61 59 89 59 63 61 23 67 30 57 81 63 36 97 12 83 73 66 61 92 25 99 48 79 40 11 90 1 69
 97 69 28 35 87 56 29 73 42 79 19 1 44 32 88 13 89 62 86 87 91 29 30 77 63 76 25 65 80 55 72 28 33 63 10 90 0 3 16 24 6 68 46 87 89 59 87 96 52 24 63 76 62 23 33 34 58 20 49 15 0 84 27 51 6 74 34 0 85 51 68 57 46 10 91 10 26 5 35 26 76 50 15 23 86 18 18 37 57 7 34 92 79 29 80 99 42 43 21 70
 71 20 50 68 94 73 41 66 96 83 10 31 83 34 78 90 48 79 16 67 78 42 10 19 96 81 49 90 28 56 86 86 27 95 37 47 77 64 76 30 83 77 7 21 36 72 66 53 74 7 9 16 75 76 62 57 68 98 91 58 87 18 39 67 86 47 31 39 0 25 57 16 25 39 50 24 69 67 71 80 36 49 92 57 20 37 32 65 5 62 24 20 67 41 53 90 44 55 95 91
 20 75 84 38 0 12 2 1 90 91 84 73 24 62 38 45 35 87 83 11 14 36 76 54 47 21 15 70 22 85 19 46 24 14 30 0 96 60 16 37 71 51 39 57 18 91 57 68 31 54 82 99 49 55 11 15 63 55 63 75 42 90 2 15 61 34 88 37 42 0 89 4 35 13 37 42 22 32 48 24 76 13 13 22 15 80 7 79 90 37 90 92 33 46 21 74 3 14 95 42
 54 15 56 72 26 93 75 35 0 64 65 4 19 34 52 21 92 88 64 56 36 43 23 22 10 93 21 18 46 64 32 55 91 76 17 15 85 47 5 95 56 39 22 18 49 61 70 63 39 79 41 86 40 74 68 9 92 94 97 86 9 2 9 17 93 65 59 53 55 7 0 55 22 23 4 10 39 61 9 49 55 45 91 55 35 14 63 78 12 48 36 11 16 20 85 27 81 76 77 63
 20 36 12 93 92 83 63 15 48 71 55 83 61 40 77 55 60 31 14 72 8 42 1 20 29 18 9 69 7 38 78 98 85 78 64 97 64 59 78 96 38 5 82 77 63 21 14 62 74 27 82 91 64 37 44 81 76 38 9 7 52 13 44 26 34 76 64 91 65 97 10 0 52 9 89 91 54 24 86 83 48 3 91 77 21 99 50 67 84 12 75 65 45 97 19 44 4 6 0 88
 73 20 7 9 15 34 90 42 70 56 52 19 20 99 41 42 87 8 33 10 57 36 86 59 12 73 83 77 58 71 12 33 11 50 37 39 56 87 17 98 1 76 48 28 35 60 74 59 37 43 92 20 23 20 33 86 68 53 5 36 93 34 55 77 70 34 59 98 67 82 89 62 0 12 35 76 57 72 44 45 6 50 35 56 80 83 3 65 43 70 53 31 31 48 28 43 98 5 8 25
 60 68 51 23 7 9 7 62 81 93 52 51 12 71 2 66 67 8 48 45 50 80 27 18 92 86 52 13 94 27 74 0 18 79 48 51 59 37 56 29 51 15 29 91 36 62 45 44 70 52 87 28 18 35 20 10 27 99 94 10 66 71 34 76 94 89 26 16 35 60 55 45 45 0 55 46 16 63 29 35 5 21 53 86 47 16 5 93 89 82 29 7 28 29 29 23 63 38 59 73
 44 20 73 48 40 78 33 86 7 57 40 39 92 11 61 62 21 34 59 30 26 48 28 79 45 11 81 72 45 73 85 65 42 78 46 69 23 98 19 72 64 75 66 37 51 60 34 13 91 51 29 52 56 76 84 50 66 71 14 28 96 73 38 58 62 43 84 98 19 5 49 75 13 13 0 48 85 70 89 65 51 78 30 65 45 96 8 23 10 92 25 43 91 45 2 31 57 18 65 34
 96 3 87 91 20 43 13 67 1 6 98 55 1 73 35 17 19 92 84 73 2 69 93 59 70 86 19 76 21 74 98 4 30 70 8 69 40 71 9 2 60 62 68 14 36 36 29 88 67 60 59 64 49 37 95 56 5 18 91 77 43 95 87 79 22 51 71 79 84 90 32 13 56 80 17 0 56 36 19 45 34 99 73 49 69 99 48 56 62 76 74 40 86 77 60 14 36 49 51 51
 68 55 12 30 63 97 79 49 27 23 61 77 64 34 83 53 32 15 50 62 93 14 17 45 33 98 81 31 10 49 74 78 21 53 97 63 28 0 86 66 53 10 14 40 17 93 36 67 72 85 73 20 6 75 78 5 11 95 8 22 41 11 35 36 3 52 29 5 1 62 61 94 39 29 91 54 0 96 63 49 38 22 99 77 71 73 32 4 18 81 39 25 13 78 55 40 20 48 19 64
 60 48 84 77 38 84 95 51 59 1 89 75 98 41 21 30 58 3 78 72 31 70 70 51 81 29 28 98 82 24 71 68 83 70 2 10 37 35 47 60 87 64 98 50 65 60 3 78 43 53 86 23 40 6 26 22 87 24 49 45 70 54 10 1 29 41 96 61 16 81 76 60 64 97 4 79 72 0 14 65 43 47 62 64 38 71 53 1 17 13 44 17 7 97 66 43 66 83 79 9
 68 60 14 93 84 2 20 61 4 19 27 33 40 30 49 37 36 56 75 40 27 82 81 3 64 63 94 80 99 60 43 96 10 69 0 88 44 73 46 98 65 38 7 46 93 45 18 62 55 13 62 79 74 16 63 48 18 56 27 11 51 62 66 97 3 31 56 88 66 49 27 41 5 26 53 85 88 41 0 49 97 34 65 90 96 78 85 12 8 88 89 30 17 10 88 61 17 86 35 13
 0 61 44 8 40 79 82 11 4 1 83 30 47 80 16 91 45 22 21 89 36 2 61 7 93 56 96 74 73 43 73 23 76 99 81 98 99 3 92 57 71 41 8 35 60 21 75 57 83 46 93 78 45 42 22 68 45 38 67 20 31 67 2 36 8 49 20 51 84 62 52 99 83 74 13 29 84 76 67 0 67 95 17 31 39 99 73 84 33 7 66 45 8 49 65 62 6 79 65 67
 48 87 80 42 51 18 72 47 54 91 4 78 79 93 92 69 51 7 17 84 75 22 62 17 62 85 79 38 71 6 46 50 60 53 65 14 52 68 23 49 15 85 94 95 67 77 1 35 50 16 52 94 93 72 43 70 53 6 54 92 64 69 35 41 17 97 8 89 82 69 35 52 53 41 32 65 87 52 60 92 0 0 30 5 47 63 42 24 65 49 94 60 33 91 0 46 51 62 52 30
 74 90 68 47 62 22 74 12 96 12 93 95 34 63 89 31 24 4 92 37 51 95 56 45 59 37 96 95 22 97 2 16 88 54 45 67 51 49 7 47 66 45 90 15 79 3 69 11 26 11 34 99 76 70 75 94 87 75 80 76 35 5 63 4 36 85 84 81 23 59 36 91 19 70 27 53 56 82 5 8 14 0 55 8 65 24 97 86 99 10 59 49 43 83 82 60 22 50 6 72
 62 17 68 97 45 94 26 94 28 80 91 53 90 42 42 89 45 45 12 25 18 76 74 44 90 40 47 80 38 27 40 87 99 45 57 12 9 31 73 34 78 14 86 35 81 98 84 72 54 30 30 43 77 29 14 86 35 36 14 21 86 11 78 19 52 51 40 94 5 45 52 18 17 17 67 72 11 98 34 19 2 92 0 80 97 82 16 47 90 59 59 19 7 22 97 3 46 50 32 76
 32 84 88 59 63 45 38 54 73 6 58 75 89 14 33 95 22 30 48 46 91 71 55 52 33 10 25 69 48 85 65 14 95 2 86 51 52 29 40 38 28 74 33 17 80 27 87 64 55 90 95 41 23 58 56 48 75 27 16 80 65 98 48 25 3 50 69 74 7 9 79 54 19 66 95 80 66 93 16 39 32 89 70 0 79 1 83 54 45 1 46 50 35 51 95 73 1 88 80 54
 28 20 51 69 16 37 35 72 51 79 22 73 63 3 71 45 48 63 87 95 85 2 60 51 35 44 50 23 47 14 75 68 93 2 35 51 2 16 73 64 90 11 63 27 16 94 80 82 34 23 91 72 75 6 88 96 55 69 20 55 34 99 25 22 44 20 87 56 27 73 78 57 1 11 66 9 96 50 30 45 2 63 27 57 0 15 36 55 52 69 94 12 68 11 74 34 26 38 61 18
 20 4 39 49 97 87 48 57 80 91 49 89 10 11 83 18 35 91 48 92 97 12 39 40 36 55 89 97 46 11 79 95 38 28 12 54 61 22 7 64 54 3 64 37 15 84 94 88 79 90 31 4 26 25 27 81 10 91 48 84 45 88 20 47 59 51 90 86 56 15 47 90 39 50 19 69 40 55 99 75 53 21 61 41 10 0 9 82 36 18 89 33 37 40 83 53 85 12 87 23
 62 71 62 65 33 85 23 68 79 3 57 58 88 36 86 78 19 90 47 13 70 73 66 9 38 49 22 58 89 3 36 2 53 74 89 27 97 20 40 12 69 47 97 70 6 91 21 49 64 49 71 44 56 16 6 41 64 49 78 48 5 26 65 83 92 24 6 84 42 68 10 90 99 86 44 46 50 85 45 20 49 61 10 86 3 7 0 94 42 90 55 49 50 5 19 57 24 92 88 25
 34 64 43 64 19 56 47 49 31 58 76 42 40 20 61 91 91 33 68 12 20 73 74 67 36 59 21 25 71 84 6 91 53 27 86 10 6 1 12 95 39 54 0 92 59 60 26 16 72 24 30 84 64 88 39 65 6 53 94 90 82 3 28 71 68 60 70 75 8 69 90 94 93 31 51 15 27 23 14 69 81 52 23 18 29 72 20 0 41 75 83 72 25 11 49 44 16 71 92 0
 92 99 2 2 76 17 48 24 58 27 84 35 73 39 47 44 65 1 77 40 7 12 18 61 44 96 31 82 74 86 36 29 36 92 18 40 67 81 99 89 45 41 35 71 85 70 2 48 69 70 5 94 58 48 60 57 97 78 59 81 24 69 26 5 90 76 84 32 57 37 35 62 89 65 72 88 81 58 26 56 71 44 85 92 73 69 55 22 0 12 55 93 68 60 74 37 61 84 28 44
 24 80 1 51 67 56 99 53 40 75 29 72 2 33 80 99 43 33 22 85 28 39 94 20 33 36 59 4 53 50 81 78 64 73 56 16 79 81 71 87 95 97 67 50 13 12 91 64 64 55 92 76 23 61 10 93 47 47 4 89 35 80 89 85 92 56 49 98 74 57 23 36 83 8 22 38 44 41 56 71 17 72 15 3 13 8 19 15 16 0 94 18 74 97 90 16 61 43 36 78
 2 58 97 54 23 93 36 25 76 23 9 73 10 3 84 3 24 22 20 12 59 79 83 36 46 4 86 98 44 32 81 76 42 0 70 41 11 45 94 48 52 12 27 71 42 0 24 13 53 18 89 23 52 93 9 82 30 74 69 59 26 34 96 50 98 99 64 53 8 65 26 10 34 19 34 17 88 10 11 9 6 50 64 34 99 4 75 38 86 8 0 78 86 87 87 8 24 29 64 37
 98 3 78 35 46 26 41 93 17 64 21 67 85 78 27 64 68 62 35 10 70 35 46 50 9 21 79 32 44 70 22 11 32 58 60 40 71 30 57 75 85 66 83 42 42 54 14 72 79 48 54 76 50 82 52 11 85 61 48 49 52 96 56 63 81 38 27 9 92 44 68 83 62 49 88 55 22 25 38 40 69 64 6 56 35 1 51 1 74 3 69 0 2 65 96 90 69 5 34 1
 19 21 52 12 45 47 2 33 76 34 54 55 95 85 92 49 75 29 33 51 37 53 94 69 53 5 28 15 62 98 92 91 74 67 25 12 91 19 6 84 31 73 17 30 95 11 71 34 9 19 97 44 30 48 86 14 84 20 29 30 32 80 20 76 33 38 86 61 88 48 75 31 8 72 76 45 52 32 40 56 44 48 18 53 28 45 57 74 16 79 54 47 0 16 0 61 39 84 45 2
 38 38 95 13 80 97 60 71 96 69 7 68 58 46 78 92 25 49 97 41 4 70 71 40 0 25 41 55 64 20 77 72 39 7 89 22 0 95 41 33 49 83 19 91 91 61 97 48 73 30 83 45 40 15 31 33 66 58 15 94 36 28 14 0 42 16 59 70 8 32 14 23 34 39 0 77 53 3 40 87 33 63 95 19 89 75 33 21 32 11 14 87 68 0 99 41 74 96 70 46
 86 73 99 64 97 92 69 74 4 29 83 81 53 5 86 70 61 2 9 38 35 37 12 10 45 68 48 99 84 84 70 89 83 48 53 6 8 77 35 60 19 85 89 10 98 31 92 2 96 70 59 13 51 83 52 96 99 82 9 79 16 4 81 86 52 35 15 36 56 2 18 97 72 15 6 35 40 27 55 7 6 47 69 64 43 49 32 30 65 90 58 21 19 7 0 40 79 9 87 62
 23 5 59 72 79 48 68 38 14 38 47 1 60 31 58 45 69 5 50 98 50 34 88 53 52 80 27 90 88 75 64 58 91 11 35 72 89 68 89 52 37 10 78 30 98 50 89 41 39 92 66 2 8 73 99 1 42 83 64 42 43 15 46 36 19 87 38 1 98 32 72 89 59 22 37 3 46 47 23 16 11 8 75 94 53 47 58 21 29 58 87 47 29 81 95 0 71 31 86 98
 56 18 68 7 28 63 40 68 2 51 51 9 85 8 37 20 7 59 71 91 72 83 59 25 55 6 41 6 92 9 72 99 27 45 52 34 48 59 15 97 46 3 0 41 54 33 94 88 97 78 59 42 77 51 27 44 30 45 22 16 97 82 48 56 44 90 38 94 42 58 26 36 18 55 86 20 92 99 92 98 50 84 40 45 96 87 48 6 42 47 18 56 97 80 81 78 0 35 25 86
 0 46 52 13 30 71 4 23 87 39 41 32 42 40 19 28 5 75 2 82 32 42 28 74 22 44 66 57 70 57 84 66 46 40 69 27 38 44 5 53 92 84 98 54 58 65 76 9 30 88 87 1 79 90 7 82 41 69 22 63 82 74 67 87 54 31 9 34 66 61 72 80 89 28 31 86 84 62 36 50 40 80 31 5 32 53 23 93 95 2 42 87 63 18 60 32 20 0 26 19
 63 70 77 91 57 58 15 17 94 7 34 25 75 1 58 22 62 87 26 20 27 40 2 68 93 74 81 77 62 51 54 5 73 92 76 55 32 23 85 30 54 42 97 81 94 33 74 58 41 26 69 94 44 40 44 69 79 38 26 2 86 12 10 78 89 42 46 52 57 54 62 94 47 71 88 36 24 58 21 99 48 24 11 12 96 8 22 25 11 82 54 55 47 85 41 55 87 87 0 97
 21 79 21 99 67 48 16 90 59 71 18 90 0 88 7 57 68 7 9 46 1 19 1 9 25 54 29 54 38 90 84 76 13 32 9 52 86 64 84 5 57 42 1 40 35 83 37 16 47 26 85 90 85 92 87 54 88 1 45 11 55 80 12 58 35 58 4 35 64 41 56 0 65 98 1 95 6 32 62 2 65 50 24 68 3 30 28 60 80 3 9 38 58 32 34 44 86 64 75 0
