20

 0 60 41 55 46 53 27 49 22 10 67 26 1 36 56 76 35 60 71 32
 27 0 52 95 70 5 18 55 85 6 34 8 71 62 48 13 24 82 62 98
 5 30 0 29 9 63 78 23 77 5 12 41 31 72 23 82 58 92 83 52
 11 98 52 0 28 82 27 82 37 7 42 18 84 67 92 21 78 28 4 11
 90 77 90 54 0 29 6 87 97 26 60 8 49 33 27 64 76 85 4 58
 12 52 56 99 98 0 49 55 98 66 17 9 81 29 31 44 36 22 16 15
 65 60 23 77 80 54 0 84 23 36 66 55 87 19 53 64 33 98 66 31
 24 91 15 12 53 53 69 0 0 26 88 29 99 4 71 69 72 3 98 83
 48 35 66 83 87 40 27 84 0 40 73 46 70 39 74 28 54 6 90 15
 43 50 70 75 76 22 67 80 85 0 18 22 79 49 98 70 18 10 73 8
 42 42 85 86 17 60 19 53 71 19 0 94 60 32 88 82 73 56 52 97
 26 21 88 58 49 33 66 7 73 54 40 0 31 74 73 15 54 46 78 15
 8 67 1 72 87 62 65 14 90 5 37 69 0 22 77 21 88 36 51 6
 27 6 85 8 65 41 37 50 60 47 43 41 50 0 15 94 18 8 88 90
 20 72 86 5 62 39 59 22 20 77 86 83 20 87 0 98 40 65 62 80
 51 32 64 97 87 77 64 99 42 74 82 29 74 8 13 0 13 64 76 23
 31 90 38 53 2 34 51 28 73 94 76 99 26 22 99 99 0 28 60 60
 81 51 48 2 47 47 22 82 96 6 81 83 43 76 13 49 58 0 30 47
 88 15 50 33 11 99 50 2 16 84 7 54 24 64 85 50 77 87 0 38
 73 38 2 40 6 1 71 65 39 70 21 92 1 82 25 8 7 7 31 0
