40

 0 31 95 46 50 57 66 30 36 79 51 69 44 84 30 29 51 5 22 72 35 72 34 89 44 68 23 72 94 36 36 49 0 93 71 35 14 93 99 42
 33 0 14 43 64 54 34 23 49 0 1 20 40 53 84 76 63 29 1 33 24 94 18 28 76 63 72 6 66 64 41 61 51 85 61 28 8 19 22 97
 81 47 0 59 31 1 98 3 69 78 86 27 11 27 28 7 38 27 69 85 88 78 15 8 50 63 92 90 37 51 49 42 64 72 66 20 29 51 25 72
 34 95 12 0 64 45 21 23 95 45 58 8 15 74 43 89 46 53 20 76 4 74 9 93 91 15 42 84 67 58 5 63 41 93 44 28 19 6 62 48
 44 74 56 27 0 33 36 34 88 33 16 38 77 93 71 26 91 40 56 93 20 61 44 15 39 56 80 86 56 90 2 20 41 25 71 15 46 76 26 17
 93 93 68 20 65 0 99 50 98 65 16 61 98 1 92 65 39 19 14 68 24 71 40 91 28 59 28 71 56 16 91 6 8 22 45 20 88 23 38 58
 25 17 86 75 42 35 0 23 22 31 38 32 37 53 4 5 4 78 72 59 10 87 26 17 74 86 42 53 53 19 7 57 86 98 33 69 49 46 16 5
 64 42 40 76 82 71 17 0 41 99 35 68 36 96 12 40 62 86 26 35 56 23 9 32 31 58 73 21 52 3 57 22 67 26 60 86 15 13 83 87
 19 55 9 88 77 83 57 59 0 39 69 71 46 67 5 56 42 63 47 11 71 18 35 66 51 60 23 38 26 72 85 31 48 56 21 6 20 11 15 30
 15 56 54 49 36 88 2 60 71 0 50 84 78 23 45 73 73 34 46 16 55 49 58 82 69 47 41 68 58 40 14 48 41 92 60 87 36 85 95 12
 60 20 40 37 36 27 27 81 18 84 0 40 65 14 17 21 24 17 45 91 50 86 74 12 21 23 97 76 19 23 47 43 8 66 81 30 99 4 27 0
 97 35 89 77 37 69 75 40 53 33 11 0 20 29 44 17 47 47 25 34 32 77 93 13 55 30 37 97 90 75 68 71 67 29 65 29 14 30 15 43
 90 31 82 83 26 96 74 8 17 47 90 55 0 22 9 85 82 54 80 47 38 44 67 25 12 69 71 5 74 21 53 71 97 44 17 70 83 12 5 88
 64 80 80 20 14 66 10 76 42 90 14 40 99 0 33 76 85 74 44 77 3 52 29 73 11 99 77 5 84 96 37 68 6 77 60 52 23 20 36 0
 14 18 76 58 53 75 33 18 63 84 84 45 20 46 0 17 12 73 68 48 54 98 61 76 5 63 44 59 98 45 54 99 47 41 80 99 42 76 42 3
 90 59 86 28 99 17 40 5 79 14 68 30 6 17 62 0 43 44 72 38 85 56 34 11 73 34 32 10 97 28 46 92 30 96 8 83 49 46 72 27
 92 87 69 31 51 94 3 31 58 3 87 79 12 47 92 16 0 89 48 45 39 91 73 65 14 56 58 13 46 67 34 76 1 21 71 61 79 35 82 95
 16 95 71 42 12 27 81 23 23 61 37 68 86 16 59 40 45 0 50 11 27 47 2 5 97 96 39 43 48 22 39 21 8 50 4 61 23 45 76 33
 51 29 57 13 53 66 81 3 78 2 2 18 16 47 87 34 80 78 0 38 79 32 57 96 3 52 70 91 5 3 95 3 41 1 48 72 79 9 73 6
 92 79 20 47 84 13 97 77 1 70 72 84 37 73 56 95 5 59 50 0 44 60 89 94 4 45 34 76 61 58 10 92 15 58 59 9 49 65 41 84
 76 80 8 63 11 4 55 27 28 90 32 69 63 88 51 9 86 32 81 70 0 32 91 29 48 50 58 32 3 11 0 52 22 43 58 48 64 76 66 63
 76 8 80 92 21 70 72 59 32 82 8 53 50 54 44 3 15 56 33 79 56 0 48 82 32 13 98 19 5 3 57 48 60 40 67 88 36 25 97 44
 32 86 68 12 73 98 60 49 90 57 1 30 30 93 14 94 43 38 77 32 16 38 0 69 14 86 43 83 41 54 11 54 29 92 48 77 53 76 92 97
 46 33 11 47 59 99 19 67 45 33 54 75 18 92 56 41 61 47 28 37 43 83 10 0 94 60 30 77 0 74 89 80 99 75 3 31 72 69 92 45
 32 4 62 79 48 18 68 42 17 97 24 42 54 60 72 58 79 67 37 79 13 87 37 90 0 19 46 21 86 52 52 8 87 85 20 12 4 75 45 59
 37 19 82 71 65 71 89 60 6 19 1 2 32 78 43 43 18 54 7 74 90 29 48 3 33 0 50 58 67 39 93 9 68 83 4 35 94 84 80 46
 0 87 53 78 37 67 45 65 48 97 16 93 82 60 35 10 82 55 72 91 4 69 8 12 69 44 0 88 72 64 48 42 0 47 89 28 45 56 25 40
 93 65 35 3 53 0 18 96 79 89 63 40 62 91 20 24 3 9 81 55 23 68 77 29 25 3 34 0 9 84 47 18 92 2 4 22 94 15 35 9
 87 73 2 23 5 74 86 32 91 44 78 15 23 67 35 54 16 25 17 28 52 92 28 49 19 91 53 23 0 38 49 11 25 26 77 35 5 21 88 45
 54 82 12 69 61 45 33 87 18 45 2 55 90 80 64 34 94 14 82 53 61 51 75 51 31 55 10 54 75 0 47 82 6 65 35 35 51 25 17 76
 11 82 46 33 2 22 48 42 73 77 67 31 95 32 88 12 83 21 88 47 2 88 20 13 53 91 26 36 21 68 0 41 57 16 32 63 31 45 21 54
 93 95 17 75 9 20 48 99 11 71 73 68 16 65 29 24 2 16 98 7 84 53 68 81 42 4 90 48 79 37 29 0 17 68 25 49 82 1 88 84
 86 30 58 2 11 51 59 13 32 89 77 45 92 82 80 46 77 26 40 46 25 24 88 21 62 42 9 26 34 15 94 53 0 99 98 34 45 52 65 59
 63 38 38 28 99 76 7 95 61 11 84 2 44 5 67 84 17 1 1 48 45 95 70 93 84 38 94 79 93 50 43 69 81 0 43 88 69 0 32 81
 94 15 20 62 65 15 75 82 90 62 97 33 67 13 92 53 85 93 53 25 33 54 89 51 20 97 78 59 40 57 3 25 56 59 0 93 27 97 55 38
 91 78 70 35 45 85 73 6 79 50 16 21 99 79 34 5 27 89 24 89 62 31 92 21 62 90 35 77 26 99 39 14 10 12 36 0 85 50 14 28
 70 39 6 4 55 98 37 65 80 66 51 96 20 16 17 60 63 5 82 95 25 35 25 67 65 19 65 93 90 96 60 21 55 83 10 32 0 70 60 6
 51 19 5 84 48 87 52 12 67 8 53 20 41 32 86 65 7 10 99 8 48 85 76 8 83 61 93 83 99 41 45 60 75 6 68 74 74 0 75 90
 23 71 48 99 71 86 39 53 55 49 3 49 58 86 84 24 28 7 22 96 61 59 45 42 71 54 23 74 42 7 40 91 69 73 86 13 69 32 0 9
 89 72 0 60 97 46 63 5 93 43 63 43 85 70 46 73 0 41 15 3 58 2 65 15 89 60 17 53 19 79 6 63 53 9 66 52 54 8 61 0
