40

 0 79 39 28 53 15 63 60 69 28 23 88 69 82 47 23 66 7 6 58 75 35 40 9 42 18 7 13 75 35 42 55 99 39 95 60 26 1 25 44
 21 0 0 64 27 98 7 86 1 54 57 50 2 3 42 50 6 84 68 66 75 26 48 62 74 8 66 37 90 91 96 48 71 26 66 98 50 10 30 91
 61 100 0 39 51 68 65 21 57 94 92 75 21 33 50 59 48 77 37 68 72 93 99 63 96 9 94 53 18 98 40 29 98 72 23 98 70 61 50 8
 72 36 61 0 26 8 42 6 20 68 64 74 85 68 96 33 2 88 62 95 67 61 75 93 53 64 50 60 20 68 8 50 67 85 99 49 37 53 1 59
 47 73 49 74 0 14 42 97 70 2 34 21 60 98 23 23 57 65 87 19 99 94 77 92 17 1 22 83 63 9 12 33 67 83 69 72 43 85 58 20
 85 2 32 92 86 0 52 52 34 71 67 44 28 6 35 71 73 86 83 35 97 49 46 95 34 44 92 26 31 23 10 23 11 23 63 48 36 75 58 10
 37 93 35 58 58 48 0 87 94 59 68 86 6 60 6 85 67 79 57 65 34 4 89 21 43 82 70 45 35 13 34 77 55 76 19 71 17 81 26 21
 40 14 79 94 3 48 13 0 88 22 60 18 73 57 28 59 41 71 71 73 22 26 82 84 85 3 35 3 40 74 78 20 9 18 24 81 94 28 8 32
 31 99 43 80 30 66 6 12 0 38 51 92 25 37 91 68 7 90 76 67 79 24 8 97 91 5 17 80 20 0 42 19 8 25 93 56 56 1 24 34
 72 46 6 32 98 29 41 78 62 0 97 75 35 89 47 46 99 41 35 51 94 93 29 73 78 29 9 82 86 89 68 31 59 22 59 18 4 34 22 30
 77 43 8 36 66 33 32 40 49 3 0 5 34 49 7 73 3 55 16 73 8 42 53 93 45 45 96 7 78 45 35 71 43 64 21 60 45 87 95 71
 12 50 25 26 79 56 14 82 8 25 95 0 94 21 13 68 74 2 6 3 52 55 28 42 35 31 5 6 32 72 25 67 40 23 52 27 85 30 15 64
 31 98 79 15 40 72 94 27 75 65 66 6 0 49 75 7 3 40 0 12 40 49 84 63 73 54 14 59 61 62 48 32 99 3 72 66 91 56 13 13
 18 97 67 32 2 94 40 43 63 11 51 79 51 0 55 48 85 25 77 10 71 59 29 22 60 35 58 73 88 47 93 71 1 10 49 22 22 92 83 19
 53 58 50 4 77 65 94 72 9 53 93 87 25 45 0 31 22 57 19 90 35 73 30 49 36 8 30 7 54 68 52 40 24 2 45 38 75 57 17 12
 77 50 41 67 77 29 15 41 32 54 27 32 93 52 69 0 6 31 6 55 61 61 48 88 96 46 85 36 66 78 90 97 14 63 12 75 55 23 90 73
 34 94 52 98 43 27 33 59 93 1 97 26 97 15 78 94 0 82 36 88 39 12 61 5 31 25 32 89 7 8 80 18 21 80 46 86 25 53 98 34
 93 16 23 12 35 14 21 29 10 59 45 98 60 75 43 69 18 0 37 88 70 46 48 45 90 22 75 76 43 92 80 73 29 86 27 54 57 93 98 56
 94 32 63 38 13 17 43 29 24 65 84 94 100 23 81 94 64 63 0 58 78 13 29 98 69 25 69 71 95 56 27 67 26 6 90 29 12 9 92 86
 42 34 32 5 81 65 35 27 33 49 27 97 88 90 10 45 12 12 42 0 83 41 36 67 1 81 25 23 63 13 3 84 67 87 50 79 52 46 60 8
 25 25 28 33 1 3 66 78 21 6 92 48 60 29 65 39 61 30 22 17 0 32 19 29 30 40 46 95 13 22 70 28 99 46 74 14 83 49 45 74
 65 74 7 39 6 51 96 74 76 7 58 45 51 41 27 39 88 54 87 59 68 0 27 37 20 31 72 70 44 26 54 33 93 23 78 22 25 35 52 0
 60 52 1 25 23 54 11 18 92 71 47 72 16 71 70 52 39 52 71 64 81 73 0 24 26 87 78 39 69 3 82 11 79 91 9 89 50 39 70 56
 91 38 37 7 8 5 79 16 3 27 7 58 37 78 51 12 95 55 2 33 71 63 76 0 89 2 28 31 89 49 10 6 34 55 2 90 19 68 47 30
 58 26 4 47 83 66 57 15 9 22 55 65 27 40 64 4 69 10 31 99 70 80 74 11 0 4 85 78 62 70 3 71 43 64 56 66 20 6 77 69
 82 92 91 36 99 56 18 97 95 71 55 69 46 65 92 54 75 78 75 19 60 69 13 98 96 0 37 46 0 60 89 97 78 97 9 83 23 41 72 6
 93 34 6 50 78 8 30 65 83 91 4 95 86 42 70 15 68 25 31 75 54 28 22 72 15 63 0 73 12 68 36 31 24 75 42 83 70 6 55 64
 87 63 47 40 17 74 55 97 20 18 93 94 41 27 93 64 11 24 29 77 5 30 61 69 22 54 27 0 92 65 73 36 28 5 67 13 72 49 56 46
 25 10 82 80 37 69 65 60 80 14 22 68 39 12 46 34 93 57 5 37 87 56 31 11 38 100 88 8 0 30 28 36 26 17 9 34 82 3 41 55
 65 9 2 32 91 77 87 26 100 11 55 28 38 53 32 22 92 8 44 87 78 74 97 51 30 40 32 35 70 0 45 46 4 58 74 52 61 61 52 97
 58 4 60 92 88 90 66 22 58 32 65 75 52 7 48 10 20 20 73 97 30 46 18 90 97 11 64 27 72 55 0 90 91 9 47 55 6 0 62 61
 45 52 71 50 67 77 23 80 81 69 29 33 68 29 60 3 82 27 33 16 72 67 89 94 29 3 69 64 64 54 10 0 88 69 8 10 83 88 24 76
 1 29 2 33 33 89 45 91 92 41 57 60 1 99 76 86 79 71 74 33 1 7 21 66 57 22 76 72 74 96 9 12 0 41 87 60 69 7 47 50
 61 74 28 15 17 77 24 82 75 78 36 77 97 90 98 37 20 14 94 13 54 77 9 45 36 3 25 95 83 42 91 31 59 0 3 92 12 6 98 74
 5 34 77 1 31 37 81 76 7 41 79 48 28 51 55 88 54 73 10 50 26 22 91 98 44 91 58 33 91 26 53 92 13 97 0 83 11 0 19 63
 40 2 2 51 28 52 29 19 44 82 40 73 34 78 62 25 14 46 71 21 86 78 11 10 34 17 17 87 66 48 45 90 40 8 17 0 94 48 7 26
 74 50 30 63 57 64 83 6 44 96 55 15 9 78 25 45 75 43 88 48 17 75 50 81 80 77 30 28 18 39 94 17 31 88 89 6 0 38 88 93
 99 90 39 47 15 25 19 72 99 66 13 70 44 8 43 77 47 7 91 54 51 65 61 32 94 59 94 51 97 39 100 12 93 94 100 52 62 0 46 50
 75 70 50 99 42 42 74 92 76 78 5 85 87 17 83 10 2 2 8 40 55 48 30 53 23 28 45 44 59 48 38 76 53 2 81 93 12 54 0 44
 56 9 92 41 80 90 79 68 66 70 29 36 87 81 88 27 66 44 14 92 26 100 44 70 31 94 36 54 45 3 39 24 50 26 37 74 7 50 56 0
