50

 0 82 0 32 17 96 84 66 35 80 23 54 61 63 72 8 6 12 16 74 60 95 88 57 43 67 34 55 86 41 4 97 75 62 53 3 34 88 41 31 29 13 14 72 23 51 54 14 21 51
 65 0 41 66 38 52 63 56 4 52 23 46 22 29 68 19 28 51 72 32 57 67 98 41 66 67 95 23 65 63 10 19 40 3 23 85 52 81 85 76 21 9 41 20 33 1 11 9 6 7
 56 42 0 4 28 87 89 34 66 10 11 64 29 98 28 93 3 57 88 24 92 92 17 54 63 22 81 69 51 15 42 95 80 22 54 30 83 4 91 57 16 96 8 21 44 50 84 26 73 76
 66 14 32 0 8 73 62 42 61 33 84 17 93 49 38 32 33 61 39 78 4 3 69 96 58 29 75 39 54 44 70 56 11 48 23 36 43 47 13 3 91 9 21 34 94 14 41 54 45 93
 96 66 96 88 0 90 55 94 32 89 23 93 90 73 62 10 11 77 25 18 81 15 82 67 97 54 14 38 13 11 32 29 35 3 20 77 58 50 52 16 6 63 12 7 66 77 97 91 60 28
 81 21 27 0 26 0 72 57 98 92 44 93 50 18 1 51 5 68 80 33 6 42 41 0 46 33 70 74 58 89 83 92 93 93 44 81 94 27 61 82 45 52 52 78 22 16 21 55 44 1
 51 33 69 99 20 96 0 6 49 83 99 15 31 35 8 23 66 20 15 97 39 90 1 61 95 58 94 98 11 5 7 15 78 51 57 76 47 69 51 78 35 64 75 46 29 59 17 2 38 51
 70 56 30 13 58 29 61 0 45 95 25 19 33 69 32 10 27 26 66 93 22 4 41 10 30 63 18 57 80 43 94 76 7 37 65 31 40 6 86 37 4 68 10 37 44 46 92 18 32 63
 70 55 95 20 89 44 68 73 0 86 95 35 64 30 9 56 30 47 33 14 23 35 31 68 31 85 59 95 68 41 25 1 21 15 34 99 45 70 2 69 34 36 28 81 21 12 91 22 47 91
 68 11 25 26 27 19 57 91 75 0 79 50 57 1 51 51 85 34 27 76 97 43 9 47 35 58 82 16 77 32 13 99 40 8 12 80 57 1 86 34 25 66 66 63 81 56 13 33 58 90
 81 34 13 22 66 78 18 98 89 34 0 62 4 35 79 74 30 38 99 47 48 55 20 28 37 92 18 3 14 3 55 21 96 48 2 10 62 39 16 15 64 78 48 28 6 73 46 25 88 71
 24 14 52 23 84 12 54 14 56 79 76 0 85 27 68 71 53 4 65 73 39 40 81 99 99 38 57 46 31 61 18 47 24 42 70 2 33 32 56 27 88 86 6 5 98 74 9 87 22 97
 53 62 74 30 85 31 71 66 69 45 97 57 0 21 86 8 57 92 59 58 99 31 56 49 97 34 30 12 2 19 17 38 4 88 24 62 78 24 60 1 69 99 58 25 6 81 17 6 43 65
 72 7 83 82 40 81 21 34 21 13 89 89 48 0 44 66 32 18 75 70 53 50 71 27 19 94 81 12 98 70 82 84 2 23 2 60 23 86 88 56 60 62 87 20 30 20 82 79 13 42
 73 51 96 93 84 81 52 12 7 76 89 46 55 26 0 86 34 44 39 12 0 57 26 38 8 23 18 63 95 23 87 80 85 89 46 28 0 75 36 19 89 71 19 39 78 33 34 55 42 88
 89 19 61 83 90 33 89 15 62 61 95 96 21 62 43 0 53 24 33 83 52 86 47 39 99 20 86 44 9 26 86 64 87 6 41 78 32 37 21 68 9 2 31 49 82 87 26 27 95 53
 97 6 43 22 48 14 12 74 80 37 25 20 34 88 13 31 0 83 54 48 44 13 77 94 32 2 28 48 7 94 4 15 54 91 62 32 86 28 65 64 47 82 66 46 51 15 9 82 97 37
 12 25 92 69 49 93 79 71 13 33 14 20 98 18 3 17 75 0 8 20 53 98 58 78 17 3 65 68 33 51 0 56 73 98 91 33 42 1 42 18 82 24 6 49 18 97 70 73 88 26
 42 12 57 50 41 92 11 49 14 4 63 61 29 66 53 52 65 51 0 71 14 75 47 5 53 66 32 50 39 2 75 87 69 54 93 78 55 41 82 35 85 90 63 28 6 51 10 88 95 0
 3 47 71 29 92 1 82 97 99 23 52 53 18 60 83 69 41 12 4 0 5 45 70 94 78 21 96 23 42 82 30 70 40 94 58 7 35 84 36 97 62 55 49 70 5 16 61 74 70 69
 82 37 10 2 94 25 44 11 10 26 6 80 11 70 59 18 74 35 35 47 0 64 38 56 50 52 71 61 96 4 45 51 71 10 80 54 14 83 23 68 55 74 9 27 0 15 74 73 18 73
 72 58 33 70 22 53 31 2 84 66 36 6 62 26 45 93 46 39 59 90 10 0 48 90 71 71 52 63 55 73 59 49 36 56 58 49 26 46 16 23 58 99 1 84 27 62 95 27 74 87
 97 53 3 18 85 85 7 58 79 39 13 57 62 45 78 78 22 89 46 4 51 36 0 83 19 63 80 87 0 87 78 90 50 91 90 51 14 16 24 0 57 70 52 90 90 38 75 55 38 17
 89 63 53 75 13 74 22 49 26 24 28 57 59 67 94 25 71 8 25 58 24 43 28 0 67 84 2 8 43 21 4 10 43 45 53 11 2 61 1 33 57 44 42 18 84 85 70 77 4 58
 49 95 17 68 65 99 59 83 75 8 89 60 9 94 46 95 99 40 72 17 97 42 36 49 0 18 94 37 84 58 71 6 37 45 80 65 20 90 24 76 86 50 43 94 41 94 58 14 46 77
 27 18 16 77 20 30 88 42 13 97 97 31 94 48 65 60 76 52 92 45 31 21 30 4 85 0 61 49 19 81 19 42 30 42 61 5 79 94 36 29 49 4 20 25 44 82 76 78 9 20
 63 48 11 18 53 38 23 20 87 64 18 42 92 76 59 29 10 3 81 45 98 29 89 83 81 47 0 79 69 42 21 43 12 40 60 84 13 63 25 97 12 50 83 45 13 43 48 60 13 45
 27 90 68 55 80 99 20 47 10 22 45 24 14 65 32 33 87 76 73 37 90 27 77 56 73 62 29 0 96 47 19 54 38 67 15 50 68 75 45 2 84 51 46 67 75 15 4 5 46 95
 94 67 13 46 90 65 2 87 50 73 50 7 5 58 61 74 48 13 87 90 25 78 58 59 20 30 69 80 0 94 30 81 85 41 22 36 22 97 65 69 56 40 3 46 83 88 76 29 4 80
 79 78 89 35 35 17 85 89 99 76 23 76 35 58 19 49 56 90 4 61 78 44 48 61 85 80 40 34 53 0 4 3 52 5 83 59 93 25 8 1 85 65 26 90 65 0 81 32 92 96
 77 52 62 41 41 2 73 30 26 79 79 97 42 57 69 18 45 31 65 86 28 93 40 35 54 87 31 54 42 65 0 66 9 40 3 85 36 11 54 30 55 88 77 87 24 64 72 87 6 52
 29 15 21 21 48 12 47 24 55 83 34 10 42 86 49 32 51 96 81 9 86 38 33 15 19 22 4 94 31 35 20 0 98 51 85 5 62 0 33 65 3 64 38 94 87 66 42 92 99 72
 32 79 92 8 34 63 78 66 90 38 52 61 97 77 38 8 81 78 10 31 91 91 98 81 28 99 24 87 10 22 63 9 0 48 58 93 45 40 90 72 14 12 41 37 35 18 67 15 35 51
 73 87 11 51 16 41 49 32 21 72 74 84 79 23 53 54 64 90 59 17 12 63 9 50 81 12 48 12 62 69 70 69 19 0 96 23 20 80 67 28 15 39 37 69 87 11 67 99 12 92
 24 19 52 10 37 43 53 7 30 49 55 88 45 66 45 15 29 88 5 3 98 88 4 5 51 49 24 77 6 81 96 89 30 46 0 20 79 52 74 84 24 10 26 45 68 5 51 78 31 7
 98 70 36 64 51 96 90 20 97 89 75 9 15 92 89 29 31 86 50 26 65 76 61 96 67 74 1 28 51 4 55 87 12 11 59 0 93 82 58 19 6 85 82 5 8 92 78 71 98 19
 60 19 48 19 14 69 30 7 85 66 47 22 18 91 45 18 44 69 21 38 82 84 0 89 59 36 46 79 57 92 14 26 72 44 75 26 0 54 92 54 49 45 13 23 73 28 85 24 1 63
 51 71 73 82 42 71 26 26 58 72 66 26 57 46 16 64 28 71 24 32 96 31 32 6 40 83 72 83 51 17 3 47 22 82 82 4 10 0 80 53 72 41 49 97 58 42 65 31 22 47
 8 45 2 79 27 87 56 78 86 32 62 12 77 52 28 75 81 62 9 90 38 74 17 0 0 82 57 92 76 50 89 11 98 86 6 82 22 15 0 57 45 85 18 78 6 99 23 68 35 19
 15 97 83 78 81 73 70 5 51 82 72 21 17 92 82 48 34 75 12 46 21 43 76 33 6 55 83 34 58 20 37 0 97 60 72 35 37 84 61 0 56 13 24 8 17 43 27 59 69 37
 9 13 77 49 97 17 53 29 36 79 89 54 93 80 81 56 91 64 69 74 77 49 83 82 13 65 59 18 40 28 61 86 42 81 1 98 91 6 65 34 0 29 41 69 6 9 15 79 85 57
 0 80 72 93 51 45 59 11 69 90 53 36 62 48 28 17 99 99 49 40 15 86 85 54 47 18 54 46 12 15 2 67 97 80 6 28 61 85 65 36 83 0 36 81 74 80 77 20 12 13
 51 38 5 29 67 86 94 84 57 65 51 83 86 14 44 98 52 60 37 88 51 66 26 44 79 50 32 38 79 94 23 30 55 34 70 70 15 4 94 85 71 48 0 86 41 37 28 21 83 8
 88 52 90 58 9 33 65 30 36 97 22 89 65 36 70 2 38 26 36 25 50 72 88 29 9 92 69 4 81 11 91 36 10 12 3 46 59 27 16 83 93 63 44 0 50 65 90 11 69 72
 4 53 74 89 80 83 31 44 5 70 60 88 93 55 84 28 68 46 28 15 11 35 5 2 43 49 68 47 55 94 91 37 16 75 44 48 49 60 27 18 45 77 78 37 0 49 53 62 53 27
 2 97 90 27 91 8 9 38 45 99 70 19 42 90 47 64 18 34 74 16 32 34 96 52 89 66 70 97 29 32 38 39 35 27 44 36 55 48 33 72 91 1 78 0 19 0 81 3 89 55
 98 99 78 55 14 76 79 16 15 74 5 68 75 79 77 5 50 99 87 92 9 97 1 50 6 38 58 16 45 78 43 45 56 11 75 9 44 29 78 15 48 57 29 48 57 11 0 53 63 76
 14 61 24 53 14 94 8 26 32 35 67 96 89 39 59 60 81 77 9 67 12 67 52 77 22 56 16 41 22 79 31 35 41 98 32 50 28 25 74 95 36 35 73 90 93 8 98 0 23 50
 75 11 80 44 46 7 10 32 72 70 8 47 59 59 88 22 58 66 84 95 32 76 97 68 7 91 60 81 60 59 42 30 55 66 89 1 29 55 51 59 86 78 32 88 41 94 96 12 0 63
 86 0 2 0 14 13 27 53 34 24 27 84 43 43 45 0 80 24 45 19 57 94 78 25 67 11 24 44 12 3 10 23 32 40 78 55 76 59 70 9 62 16 71 71 9 22 37 47 53 0
