20

 0 29 54 30 56 87 56 13 73 95 79 60 17 0 53 49 8 25 73 5
 71 0 88 75 57 2 2 63 8 91 46 70 75 75 12 62 93 78 54 54
 46 12 0 47 60 20 18 1 7 3 69 96 15 44 24 69 93 9 62 28
 70 25 53 0 79 21 93 59 55 6 38 42 83 35 55 67 45 68 79 65
 44 43 40 21 0 64 68 12 54 30 63 47 96 30 44 16 74 81 95 58
 13 98 80 79 36 0 12 30 43 43 3 90 14 9 47 19 97 55 15 21
 44 98 82 7 32 88 0 69 91 65 6 88 55 84 95 27 65 46 39 13
 87 37 99 41 88 70 31 0 71 33 4 10 69 53 80 85 48 87 27 53
 27 92 93 45 46 57 9 29 0 55 69 71 36 68 5 34 50 68 97 51
 5 9 97 94 70 57 35 67 45 0 51 69 80 20 43 43 87 24 15 20
 21 54 31 62 37 97 94 96 31 49 0 31 24 81 71 58 60 39 24 51
 40 30 4 58 53 10 12 90 29 31 69 0 54 57 25 23 99 30 8 78
 83 25 85 17 4 86 45 31 64 20 76 46 0 51 19 86 38 87 61 95
 100 25 56 65 70 91 16 47 32 80 19 43 49 0 81 31 42 35 79 79
 47 88 76 45 56 53 5 20 95 57 29 75 81 19 0 93 44 32 21 5
 51 38 31 33 84 81 73 15 66 57 42 77 14 69 7 0 80 87 23 12
 92 7 7 55 26 3 35 52 50 13 40 1 62 58 56 20 0 36 76 24
 75 22 91 32 19 45 54 13 32 76 61 70 13 65 68 13 64 0 51 23
 27 46 38 21 5 85 61 73 3 85 76 92 39 21 79 77 24 49 0 13
 95 46 72 35 42 79 87 47 49 80 49 22 5 21 95 88 76 77 87 0
