40

 0 78 55 23 5 96 34 82 8 60 57 89 33 55 1 24 76 15 17 66 77 53 85 37 12 8 44 94 99 49 50 12 48 29 45 37 77 25 99 2
 39 0 90 97 30 63 79 7 92 82 27 49 70 48 86 91 45 34 46 25 8 35 80 25 46 4 77 80 21 12 24 8 62 73 84 23 46 1 78 96
 79 23 0 41 74 11 79 9 17 88 78 43 47 2 76 10 99 30 0 50 30 30 7 71 69 22 16 91 90 24 67 28 63 5 15 61 74 96 53 82
 79 66 77 0 96 32 22 94 76 89 46 98 98 18 67 2 54 96 78 69 7 47 33 6 87 7 31 92 11 66 66 6 34 33 39 41 53 5 33 85
 17 4 62 78 0 10 67 30 54 24 72 97 5 34 43 49 62 48 48 48 23 74 78 17 61 69 97 98 3 93 86 98 94 0 67 34 0 59 61 27
 28 45 70 97 0 0 28 17 72 26 67 46 60 7 23 97 22 79 65 80 21 38 52 76 98 89 34 17 27 63 30 95 78 46 84 68 67 61 76 86
 6 69 59 50 51 16 0 85 69 51 69 60 53 77 76 48 86 37 86 88 45 45 97 45 67 13 10 19 27 68 41 46 66 34 27 63 34 89 52 76
 41 64 51 23 10 92 22 0 42 94 55 63 9 29 7 80 38 0 22 65 84 57 13 1 84 66 71 85 86 17 86 21 47 98 40 82 29 63 22 29
 40 35 10 62 13 92 53 81 0 21 86 7 98 97 73 36 39 9 48 91 4 81 80 46 75 79 0 3 92 39 15 21 68 56 55 79 45 18 5 82
 46 93 85 72 52 46 91 53 7 0 80 65 43 34 11 82 93 44 30 51 99 17 63 33 61 32 9 42 83 5 72 49 45 73 68 84 13 84 3 30
 27 54 56 20 32 41 96 99 44 85 0 80 1 83 96 70 98 11 67 22 88 52 3 76 30 96 28 33 87 38 86 59 28 12 70 96 7 66 44 8
 83 40 72 21 6 70 36 37 81 72 49 0 98 9 7 61 51 26 10 57 77 40 30 80 71 10 66 86 71 88 42 95 35 33 26 63 31 31 64 58
 81 76 8 69 12 84 62 6 7 95 71 86 0 31 31 17 92 9 14 40 62 93 47 8 83 68 23 94 88 4 23 86 40 70 78 94 66 19 37 13
 44 4 98 26 2 64 7 67 92 84 38 20 85 0 8 10 2 44 57 69 14 55 62 84 67 25 94 0 88 19 95 4 50 46 46 94 31 71 96 35
 78 85 80 92 53 35 59 75 9 66 37 77 60 35 0 61 86 79 89 6 65 6 59 77 72 3 80 73 67 52 65 3 81 67 20 91 80 60 6 81
 31 96 58 84 0 84 83 56 75 81 83 82 23 31 52 0 17 77 22 89 21 93 58 37 62 70 36 19 86 61 13 29 99 28 87 53 83 10 24 63
 22 35 72 73 61 15 19 99 37 35 45 89 86 15 65 14 0 86 79 70 59 77 82 15 81 68 6 74 92 61 17 59 94 93 52 78 89 59 43 93
 60 33 44 36 34 86 76 14 12 28 60 18 58 79 4 45 27 0 42 24 91 98 23 81 21 8 94 80 68 82 83 94 53 40 70 76 66 81 80 23
 22 97 55 48 73 33 33 75 9 50 19 18 66 4 15 69 14 67 0 85 77 30 85 12 13 85 56 44 93 98 61 97 41 86 61 80 77 38 54 37
 53 55 40 63 4 38 79 27 0 18 76 47 9 99 15 80 3 11 24 0 58 63 20 98 95 39 64 20 4 49 94 48 21 69 58 88 46 78 56 62
 9 92 36 60 26 95 44 89 6 33 98 85 87 57 56 3 18 36 79 60 0 54 29 34 79 89 29 49 74 50 49 15 55 58 24 82 63 72 92 60
 98 98 29 50 10 7 77 34 17 84 93 76 88 75 60 63 9 79 38 44 48 0 88 15 0 37 81 34 43 28 76 36 2 20 62 97 9 15 2 63
 60 91 50 25 84 60 29 5 25 75 70 77 97 97 90 18 54 14 47 62 70 15 0 15 14 78 47 31 27 46 60 85 97 83 26 7 15 39 95 93
 45 49 16 86 63 37 68 38 40 84 27 94 35 45 87 74 15 12 72 12 27 44 13 0 68 88 30 45 89 18 56 99 83 68 82 3 23 95 90 71
 85 75 61 91 59 91 69 36 31 20 74 24 89 78 16 75 1 80 41 56 17 80 39 47 0 93 39 73 21 92 21 79 4 78 1 43 87 50 0 34
 83 43 32 94 54 10 31 67 76 24 56 59 74 3 80 19 49 14 34 24 20 91 17 17 41 0 80 77 17 19 22 6 16 60 37 85 13 93 32 2
 52 84 41 90 74 56 76 61 92 43 89 34 14 34 44 22 28 93 31 61 63 73 63 94 50 94 0 57 45 1 58 82 90 61 51 24 63 99 51 47
 43 52 28 78 41 58 90 85 57 69 81 41 80 41 68 35 66 84 48 45 19 19 33 39 12 49 90 0 13 49 82 63 96 55 91 36 11 88 4 63
 26 95 90 65 12 70 96 43 41 58 49 64 22 11 12 37 47 36 46 72 0 37 6 49 41 55 29 11 0 26 43 65 89 88 38 77 86 98 13 19
 14 87 44 88 43 50 46 13 20 47 79 28 79 54 32 0 65 47 66 19 0 20 44 14 62 74 51 31 65 0 89 68 16 36 43 20 29 17 37 38
 52 40 18 31 29 69 0 32 94 21 29 41 70 41 65 95 62 9 65 50 32 99 7 61 26 67 15 97 67 72 0 86 18 40 86 23 31 3 51 45
 78 31 21 86 6 68 77 54 47 38 53 28 17 77 64 25 34 95 79 54 44 96 71 27 40 73 50 7 22 49 59 0 74 75 54 83 26 41 24 75
 26 5 55 84 15 20 19 15 16 39 85 40 82 41 37 24 47 17 92 14 75 49 61 16 53 67 93 48 97 16 10 52 0 0 83 1 79 84 22 88
 97 76 63 52 80 78 88 3 23 64 15 28 27 71 36 14 37 72 28 60 16 86 30 63 45 21 93 49 32 66 45 21 98 0 73 78 69 77 6 84
 12 68 91 46 28 14 3 41 60 37 69 22 17 66 55 77 36 38 87 72 18 0 5 61 12 48 85 64 65 27 14 93 43 61 0 2 66 57 80 10
 70 82 47 66 57 9 70 89 78 68 5 91 39 70 65 47 7 14 41 91 80 90 40 31 2 85 34 85 99 48 13 12 61 84 15 0 21 97 82 51
 98 78 72 88 13 31 82 64 38 77 95 93 33 57 23 3 56 46 23 71 69 24 21 9 3 57 22 73 30 35 72 82 74 85 26 65 0 12 35 61
 64 59 8 44 18 78 50 21 20 70 8 5 34 27 38 59 59 32 73 72 31 56 70 6 83 49 62 34 6 1 32 27 1 75 10 76 43 0 27 45
 96 11 25 72 7 25 30 72 12 97 45 64 88 93 45 25 14 58 3 84 37 56 66 52 80 35 42 33 64 32 95 83 26 94 75 87 38 71 0 39
 63 40 76 77 97 67 51 3 96 82 5 72 23 51 89 37 83 22 79 15 7 7 45 89 46 12 77 85 31 30 94 90 75 36 87 66 76 64 77 0
