30

 0 38 43 99 3 8 60 21 4 39 52 73 76 85 96 9 65 39 33 21 78 95 39 63 46 87 52 19 11 96
 39 0 61 93 25 93 41 78 55 91 65 43 32 51 63 16 61 40 41 47 2 86 83 0 51 87 44 52 18 23
 61 53 0 28 41 53 91 22 1 78 75 27 70 28 4 89 84 81 97 44 84 90 53 67 82 40 4 28 29 41
 37 17 2 0 85 3 96 57 89 41 23 5 16 64 67 31 51 40 40 19 69 76 76 62 45 9 0 0 65 57
 44 6 93 21 0 44 73 70 97 79 56 37 17 73 28 5 12 98 91 21 90 33 69 39 69 45 55 94 96 44
 43 72 74 48 1 0 7 76 26 89 3 52 40 47 30 5 79 10 77 58 72 55 44 74 74 44 70 35 98 4
 19 8 93 71 65 44 0 53 58 94 67 74 91 47 32 84 61 40 49 87 97 9 11 96 58 58 56 90 51 47
 97 31 43 74 54 39 22 0 83 5 31 20 40 77 83 82 32 42 50 52 17 47 25 60 46 56 2 39 13 96
 37 46 28 83 49 85 45 70 0 0 78 57 12 89 66 2 43 42 83 48 35 37 42 80 41 78 15 6 90 62
 89 3 13 26 88 75 11 25 23 0 98 44 22 27 8 65 69 72 15 90 68 25 93 56 68 81 12 27 20 69
 56 84 77 70 34 15 0 17 67 55 0 31 57 36 28 57 71 30 85 35 50 22 13 36 30 81 71 76 60 11
 33 68 69 23 75 30 88 1 94 56 24 0 59 65 27 20 14 46 52 77 25 66 29 8 0 57 22 9 72 84
 41 50 59 80 19 10 96 53 33 26 15 11 0 55 37 56 61 94 80 44 83 33 11 57 17 6 14 31 16 96
 62 15 96 48 69 10 73 70 5 44 19 48 18 0 45 68 23 94 69 53 92 47 21 58 72 93 68 23 52 88
 22 22 25 84 21 43 63 51 56 29 89 54 69 14 0 56 14 40 70 18 5 95 70 48 91 65 89 81 27 38
 55 64 22 61 1 94 93 90 47 3 16 52 88 71 86 0 64 43 88 34 61 10 13 85 4 25 75 52 55 0
 8 28 96 90 88 14 87 90 13 86 74 28 51 15 34 72 0 78 68 80 65 44 56 70 45 61 59 77 46 42
 55 99 86 6 35 70 69 78 1 38 43 74 48 91 33 18 79 0 54 96 25 93 43 45 48 91 16 63 80 8
 31 16 10 74 31 94 93 63 50 11 2 79 45 58 51 67 73 92 0 59 4 61 66 38 85 22 40 13 33 24
 3 97 23 33 87 28 37 28 1 62 36 60 32 88 60 63 17 8 28 0 77 48 70 90 20 97 70 55 8 63
 28 30 50 2 88 77 7 27 32 52 70 75 75 78 70 94 31 95 46 85 0 22 39 14 20 77 21 62 80 71
 38 46 46 8 29 65 50 78 37 37 51 59 12 19 53 41 97 11 9 54 59 0 51 17 40 62 70 52 56 45
 75 22 33 69 80 30 14 8 48 78 44 21 56 48 27 84 73 41 11 82 46 87 0 91 32 6 80 83 52 70
 55 94 81 74 52 29 17 33 66 11 88 14 23 46 61 60 84 7 14 60 10 15 65 0 89 4 18 81 67 4
 19 44 7 82 55 17 63 79 56 59 35 53 2 39 28 8 10 96 83 41 4 95 77 68 0 8 48 29 17 59
 85 62 62 73 53 42 83 66 78 19 65 29 4 21 47 73 13 39 97 9 56 17 33 29 78 0 24 98 60 26
 38 9 22 92 26 55 57 18 35 83 8 49 4 24 53 60 29 44 47 23 99 70 75 68 42 28 0 38 16 67
 36 45 29 70 46 44 75 12 39 90 56 64 48 42 83 90 50 1 97 34 66 20 26 71 80 11 33 0 97 60
 39 4 83 6 18 42 65 32 4 39 29 78 65 69 32 36 89 62 71 19 18 99 52 40 95 67 46 87 0 88
 66 98 14 99 10 92 92 1 86 96 38 56 2 67 16 82 84 17 39 42 65 78 1 43 43 72 67 63 33 0
