20

 0 84 67 86 34 55 54 27 77 66 63 36 98 32 35 37 69 32 53 72
 81 0 27 53 64 97 61 8 81 58 86 81 22 72 52 2 90 79 66 35
 25 64 0 27 44 35 78 14 84 51 31 4 83 89 63 66 34 94 29 84
 79 2 34 0 52 34 47 79 7 5 79 2 48 15 49 58 25 29 12 63
 30 55 19 92 0 69 89 48 88 5 97 55 55 29 86 77 38 91 0 54
 7 55 1 13 56 0 88 88 3 98 89 60 4 73 20 0 41 62 90 5
 22 7 78 65 84 39 0 46 4 67 80 8 24 92 69 48 76 61 28 7
 46 94 80 23 3 46 4 0 82 87 92 65 41 55 66 68 9 53 60 97
 16 26 98 61 13 7 19 2 0 8 49 65 18 42 98 66 38 35 12 79
 23 42 19 85 12 65 84 62 70 0 34 40 12 2 64 45 11 47 80 37
 70 18 4 57 34 5 68 92 35 89 0 56 19 48 92 94 76 63 9 17
 50 22 59 29 85 58 36 65 19 87 46 0 12 20 94 1 45 83 73 93
 80 22 4 47 70 25 93 7 58 82 29 89 0 10 2 94 5 66 90 55
 29 42 78 40 2 69 89 75 83 71 19 2 9 0 58 21 28 78 64 89
 62 9 96 71 80 2 22 35 38 89 84 95 94 83 0 14 12 32 15 10
 47 58 41 73 41 30 94 60 41 65 41 89 49 84 76 0 2 64 35 8
 77 9 20 67 40 63 1 99 18 42 92 56 81 78 27 91 0 50 19 62
 9 83 24 52 68 15 91 12 49 17 59 62 37 18 49 88 72 0 59 44
 97 20 70 44 44 77 85 4 24 78 18 12 26 14 40 40 87 14 0 27
 36 91 17 87 51 47 62 57 44 81 45 90 27 42 56 7 98 19 63 0
