40

 0 52 97 22 12 7 29 49 8 19 24 84 77 79 90 24 11 18 91 86 82 65 48 62 37 38 84 42 92 58 24 73 12 53 35 83 8 39 57 4
 37 0 91 83 72 26 10 3 18 44 86 37 8 5 99 87 8 22 99 57 21 84 14 43 43 36 72 26 66 77 43 26 41 79 27 92 11 35 91 93
 87 35 0 75 86 94 11 34 96 34 42 44 73 43 80 32 49 57 33 86 82 26 38 62 62 6 64 19 12 61 79 2 15 46 86 63 44 62 66 33
 34 84 81 0 48 27 73 80 21 84 80 23 62 97 88 9 49 92 14 73 50 13 13 63 85 7 87 55 21 91 64 25 73 90 25 77 99 9 13 36
 58 78 15 87 0 50 22 84 21 86 63 69 98 87 49 34 11 96 13 25 82 96 71 39 17 96 95 66 60 18 71 70 64 73 88 58 55 25 58 9
 8 95 81 6 45 0 43 81 6 82 75 94 91 61 67 45 18 30 49 61 67 24 46 37 44 78 97 7 45 44 91 62 79 4 96 34 46 15 81 52
 62 52 90 8 91 45 0 34 30 55 82 0 49 94 43 99 55 19 69 48 63 88 80 84 82 8 58 12 61 78 81 31 61 50 85 40 52 70 1 21
 35 35 3 82 25 0 20 0 79 61 52 29 98 38 13 73 98 59 91 26 76 45 2 28 26 61 70 70 92 16 60 40 51 9 29 26 25 44 50 33
 5 56 77 97 46 92 71 58 0 88 45 16 59 56 51 82 92 63 89 84 73 9 60 23 21 73 31 20 94 54 73 75 88 85 48 7 72 22 5 2
 9 86 67 68 74 26 10 56 31 0 30 5 53 19 88 36 34 60 14 72 72 0 18 40 97 88 35 98 54 10 96 88 21 11 90 37 43 31 17 36
 51 27 78 20 68 18 5 64 32 59 0 54 48 12 93 89 54 94 54 75 72 78 46 13 41 81 42 89 53 6 30 67 68 77 47 64 1 1 45 84
 60 86 62 44 45 82 3 78 60 82 99 0 49 87 93 36 26 80 42 49 20 93 88 87 24 75 39 99 52 69 72 37 90 2 28 10 68 0 6 12
 81 12 77 70 91 58 82 84 78 15 27 48 0 98 60 18 76 36 15 53 25 38 59 3 26 5 29 28 21 36 43 11 35 28 20 31 2 50 39 5
 16 48 92 0 9 67 93 63 84 11 45 50 27 0 78 57 90 29 9 83 57 60 80 58 23 74 8 10 58 65 24 96 47 45 64 37 16 97 99 78
 11 97 3 92 17 71 33 13 34 19 8 16 43 78 0 5 67 94 50 18 4 5 99 62 94 25 16 18 10 80 95 22 29 47 66 64 59 2 68 42
 34 86 81 4 46 24 94 29 34 47 82 96 54 13 9 0 31 82 18 36 63 35 77 94 4 33 56 94 44 27 68 31 60 44 97 90 99 1 65 18
 28 58 18 25 39 67 14 58 76 59 96 25 89 89 51 50 0 18 9 67 1 88 93 97 87 36 10 55 6 33 22 65 79 12 25 57 1 70 59 31
 20 96 15 49 62 19 9 57 21 28 88 44 78 25 62 27 36 0 95 0 96 61 37 89 15 99 71 71 47 20 53 29 50 6 66 57 57 42 19 55
 0 40 4 76 64 75 39 1 36 85 76 2 22 94 96 13 83 88 0 41 34 45 72 57 88 54 13 56 54 20 22 60 50 50 10 59 23 66 50 15
 15 47 76 71 70 61 29 27 59 8 66 37 4 68 85 22 11 19 64 0 17 65 27 24 76 12 50 15 2 15 82 86 24 33 33 2 94 55 43 34
 95 35 89 45 23 76 24 54 60 30 77 15 43 24 68 52 45 30 67 4 0 92 32 77 77 1 75 12 26 6 88 82 10 88 72 6 49 65 79 89
 18 28 56 81 50 55 25 6 33 75 96 75 56 5 22 50 94 17 99 84 34 0 15 63 70 48 20 68 73 31 53 26 18 46 44 82 75 49 51 63
 15 78 84 80 85 25 49 88 59 62 36 96 22 10 45 36 23 43 82 53 31 97 0 43 30 55 71 73 64 58 1 68 76 98 13 66 0 28 11 78
 23 14 93 68 59 65 39 33 81 25 52 46 6 37 31 58 10 70 81 65 31 28 99 0 25 35 49 20 50 82 64 22 37 15 39 32 67 28 15 3
 95 35 81 24 74 1 3 2 6 2 2 83 13 47 79 4 59 60 55 39 39 33 98 56 0 44 99 12 69 78 15 81 5 1 60 54 23 54 75 87
 17 1 25 61 21 28 14 30 46 2 41 38 46 64 93 0 61 47 13 86 77 88 73 69 74 0 81 7 47 52 54 90 71 68 85 64 96 29 71 77
 2 84 51 58 45 43 8 46 38 8 64 98 14 36 50 0 2 44 73 96 74 5 29 95 21 32 0 97 84 67 46 68 35 4 88 8 54 97 64 29
 33 61 35 52 35 33 72 83 81 37 90 60 14 97 78 89 83 77 3 67 98 23 25 70 75 24 72 0 76 28 77 61 25 56 87 80 12 40 16 65
 65 73 99 93 82 96 55 50 50 57 96 1 22 65 91 15 60 31 42 5 99 70 69 27 22 61 51 94 0 38 79 46 37 14 24 42 75 71 93 45
 25 71 26 98 39 59 55 83 74 30 87 76 79 17 27 72 91 5 49 88 73 88 57 57 39 11 17 93 15 0 26 59 49 14 89 34 33 37 55 80
 59 18 77 94 60 74 30 94 32 61 35 17 50 37 29 55 99 20 40 30 77 33 56 1 72 50 82 68 91 29 0 36 38 84 36 67 11 60 97 26
 9 72 3 20 2 69 16 8 88 17 49 46 97 86 28 48 32 60 54 32 92 13 36 5 64 1 62 67 20 15 18 0 50 80 86 43 32 44 48 75
 8 0 5 76 58 39 10 61 31 49 99 38 53 78 80 13 27 6 3 75 38 49 44 18 35 5 41 6 23 2 46 42 0 32 52 41 9 52 64 34
 78 53 28 18 4 82 2 81 38 15 90 17 6 21 54 3 61 88 65 59 49 9 74 40 16 22 67 82 25 93 69 58 20 0 18 9 28 71 21 46
 54 53 35 21 88 81 15 73 78 87 52 30 5 73 66 32 35 42 86 27 56 81 57 61 70 26 25 34 37 41 27 15 9 49 0 2 33 28 59 96
 76 93 14 51 66 42 3 13 45 36 60 91 78 13 70 26 4 20 75 1 97 83 48 19 12 48 18 90 6 60 83 41 61 27 53 0 17 94 70 72
 5 55 86 8 90 74 91 41 30 93 68 53 58 25 69 79 44 60 85 82 51 88 73 29 75 23 94 66 68 80 32 60 39 71 14 19 0 82 56 36
 25 21 62 52 24 65 31 99 44 72 42 18 99 26 0 74 2 7 21 44 83 11 35 8 3 39 14 72 75 97 5 53 19 47 71 55 79 0 36 75
 88 77 61 80 74 36 55 3 19 21 7 42 95 39 9 44 26 19 96 94 68 13 89 84 63 47 27 18 39 89 49 9 65 40 66 86 0 82 0 63
 62 1 29 16 97 79 71 15 40 1 62 25 77 39 3 49 45 13 38 80 59 41 90 34 65 58 74 4 2 86 93 11 42 92 84 55 56 49 0 0
