30

 0 96 48 28 11 26 38 61 75 38 56 41 88 52 24 25 72 51 64 95 45 89 38 6 37 92 38 88 4 69
 4 0 29 54 44 66 25 87 16 47 94 41 15 78 54 40 39 23 84 76 92 9 2 25 59 3 74 37 38 67
 52 71 0 58 14 8 54 31 81 75 50 51 58 42 47 57 99 17 44 69 48 79 48 34 87 75 48 76 84 27
 72 46 42 0 6 36 19 15 26 10 27 94 66 58 3 33 50 28 72 58 16 22 63 46 66 38 46 90 94 16
 89 56 86 94 0 27 92 50 8 81 69 20 88 40 88 54 6 68 74 47 34 73 56 7 88 29 21 33 14 25
 74 34 92 64 73 0 81 21 59 94 47 59 66 8 25 18 8 14 21 86 3 38 97 12 84 16 32 91 15 25
 62 75 46 81 8 19 0 20 40 81 47 74 96 74 65 69 43 89 36 92 7 49 9 20 22 75 22 10 59 5
 39 13 69 85 50 79 80 0 32 2 39 67 60 74 89 57 75 82 8 50 76 24 9 9 68 1 1 4 26 84
 25 84 19 74 92 41 60 68 0 65 91 57 3 78 99 67 30 23 50 72 59 81 62 8 46 76 60 61 88 81
 62 53 25 90 19 6 19 98 35 0 20 37 88 40 0 32 34 48 48 6 62 75 45 25 98 70 65 19 4 5
 44 6 50 73 31 53 53 61 9 80 0 18 21 88 7 62 61 11 64 59 20 90 65 56 43 49 40 50 91 5
 59 59 49 6 80 41 26 33 43 63 82 0 3 20 10 78 12 0 86 14 6 20 90 28 67 39 79 48 68 86
 12 85 42 34 12 34 4 40 97 12 79 97 0 35 15 22 9 24 92 77 42 32 87 53 20 69 89 52 52 58
 48 22 58 42 60 92 26 26 22 60 12 80 65 0 36 52 95 6 5 12 73 73 35 75 95 78 14 20 5 33
 76 46 53 97 12 75 35 11 1 100 93 90 85 64 0 68 23 62 33 81 36 93 78 42 48 83 8 50 54 49
 75 60 43 67 46 82 31 43 33 68 38 22 78 48 32 0 54 56 58 47 4 60 14 17 92 55 53 57 91 49
 28 61 1 50 94 92 57 25 70 66 39 88 91 5 77 46 0 29 54 49 16 76 3 73 18 50 64 6 15 22
 49 77 83 72 32 86 11 18 77 52 89 100 76 94 38 44 71 0 16 69 42 42 9 59 5 22 85 50 89 12
 36 16 56 28 26 79 64 92 50 52 36 14 8 95 67 42 46 84 0 71 23 87 60 66 17 84 28 28 67 45
 5 24 31 42 53 14 8 50 28 94 41 86 23 88 19 53 51 31 29 0 19 23 26 81 24 43 2 85 50 6
 55 8 52 84 66 97 93 24 41 38 80 94 58 27 64 96 84 58 77 81 0 83 60 95 51 64 99 98 88 37
 11 91 21 78 27 62 51 76 19 25 10 80 68 27 7 40 24 58 13 77 17 0 75 88 83 56 48 95 95 54
 62 98 52 37 44 3 91 91 38 55 35 10 13 65 22 86 97 91 40 74 40 25 0 22 27 21 11 28 42 53
 94 75 66 54 93 88 80 91 92 75 44 72 47 25 58 83 27 41 34 19 5 12 78 0 87 43 53 89 63 32
 63 41 13 34 12 16 78 32 54 2 57 33 80 5 52 8 82 95 83 76 49 17 73 13 0 41 61 81 34 30
 8 97 25 62 71 84 25 99 24 30 51 61 31 22 17 45 50 78 16 57 36 44 79 57 59 0 66 44 55 32
 62 26 52 54 79 68 78 99 40 35 60 21 11 86 92 47 36 15 72 98 1 52 89 47 39 34 0 0 30 63
 12 63 24 10 67 9 90 96 39 81 50 52 48 80 50 43 94 50 72 15 2 5 72 11 19 56 100 0 78 99
 96 62 16 6 86 85 41 74 12 96 9 32 48 95 46 9 85 11 33 50 12 5 58 37 66 45 70 22 0 10
 31 33 73 84 75 75 95 16 19 95 95 14 42 67 51 51 78 88 55 94 63 46 47 68 70 68 37 1 90 0
