50

 0 4 1 98 73 9 25 70 84 35 15 17 24 3 80 0 85 16 27 13 56 1 74 54 18 76 8 33 65 41 81 77 64 98 85 48 82 3 30 21 94 5 1 36 45 31 87 77 12 72
 4 0 17 2 74 13 98 73 15 53 74 30 96 47 47 88 58 53 33 5 88 78 50 19 31 89 52 86 60 39 95 57 32 5 98 79 29 20 31 55 82 46 74 94 98 90 62 43 15 9
 20 34 0 78 12 49 37 68 70 52 45 49 77 88 44 55 8 23 72 25 77 90 87 47 72 68 41 24 38 43 47 84 77 56 27 75 28 78 48 0 72 63 39 44 73 88 15 10 77 50
 96 42 73 0 92 61 56 95 72 96 79 87 49 47 71 24 49 61 50 70 80 10 23 67 15 42 66 55 53 58 56 65 98 3 93 96 66 51 46 92 25 60 80 90 5 62 85 65 3 96
 34 60 63 84 0 50 9 0 82 75 54 18 50 33 60 73 75 2 18 32 60 92 55 83 66 42 91 56 10 27 72 95 80 38 35 88 59 37 29 17 31 85 8 50 62 60 21 64 68 60
 76 33 44 6 52 0 13 40 52 80 81 96 60 62 43 83 36 80 49 87 79 52 87 81 13 78 4 88 90 78 57 69 74 99 94 41 34 89 15 68 12 52 5 29 37 28 76 93 5 82
 94 45 2 74 70 15 0 31 8 74 78 18 88 61 70 21 63 75 39 62 23 57 5 84 79 83 57 83 65 47 54 1 90 92 65 73 78 52 86 81 86 60 78 29 98 16 71 32 19 14
 72 63 48 17 24 61 14 0 84 51 84 26 89 74 7 99 37 33 9 26 96 46 30 72 62 50 94 16 41 25 52 68 32 25 71 53 17 61 40 44 35 54 14 37 57 5 43 88 32 4
 75 22 3 38 43 17 52 0 0 7 76 47 50 71 20 87 84 68 32 65 2 35 85 39 46 20 93 46 20 99 97 63 63 25 97 64 65 30 49 99 48 12 78 44 61 27 86 46 93 62
 6 78 51 77 36 75 45 80 82 0 84 1 29 55 39 1 7 76 48 82 29 14 42 90 87 30 22 7 40 6 23 84 75 61 82 11 78 59 95 46 44 87 57 74 94 23 60 66 66 78
 73 79 77 18 0 42 5 32 15 95 0 23 54 99 2 5 54 14 8 94 64 83 47 84 3 41 32 77 49 28 40 67 85 40 0 23 2 81 27 26 31 52 57 23 59 21 87 30 5 16
 56 36 32 84 60 90 11 60 41 1 61 0 77 3 73 53 27 19 20 2 33 67 98 87 88 41 91 1 74 93 27 38 9 79 41 4 73 15 98 76 15 80 30 54 24 99 40 54 13 61
 8 58 7 9 31 60 52 55 7 69 33 56 0 15 37 17 17 32 8 67 22 54 83 96 67 70 27 17 56 32 3 54 76 97 69 55 68 80 52 34 74 95 18 53 1 48 62 10 16 86
 47 77 12 48 33 26 79 21 50 78 56 57 78 0 40 71 97 74 84 87 94 62 65 21 94 48 88 68 96 35 87 12 41 80 15 78 42 13 48 27 58 40 3 48 35 97 39 81 84 62
 73 90 98 86 21 0 14 21 4 44 58 69 48 64 0 13 29 29 50 63 57 88 92 76 61 74 30 66 51 75 83 18 33 7 68 79 58 83 44 5 21 62 48 30 39 62 13 21 17 99
 51 71 74 72 80 82 96 46 46 90 8 53 92 32 63 0 48 2 61 50 46 69 46 43 15 68 16 47 82 98 15 28 80 37 94 39 64 36 22 51 83 61 12 34 39 27 25 45 28 79
 76 23 43 1 23 10 23 77 0 2 72 14 65 60 6 86 0 69 65 14 37 69 26 2 17 66 90 91 43 42 96 39 22 70 3 26 99 91 29 81 28 39 39 7 68 22 78 12 92 85
 47 6 89 45 75 16 49 4 51 75 70 53 95 27 49 36 6 0 52 10 81 51 3 31 72 5 72 8 37 37 16 23 86 3 52 14 73 77 98 35 50 81 83 34 48 86 86 0 65 38
 15 15 21 48 71 51 87 48 27 26 38 88 88 47 64 97 74 92 0 21 21 45 77 19 61 79 11 51 5 41 30 80 27 94 84 39 70 46 81 42 98 31 49 30 61 40 29 85 42 43
 12 50 96 27 86 31 40 47 57 14 44 25 25 46 23 60 32 97 23 0 59 61 55 38 11 20 54 78 52 13 35 43 75 58 38 59 46 73 91 86 16 57 41 80 27 12 69 82 44 58
 18 14 44 55 95 11 92 58 45 60 4 30 85 20 16 20 85 37 14 93 0 75 44 62 12 35 82 88 18 30 85 18 58 69 30 62 27 1 18 97 78 91 19 65 9 67 55 56 68 53
 51 31 56 6 8 17 23 34 4 41 29 12 80 73 75 82 47 0 48 33 86 0 23 68 94 68 6 5 64 10 19 16 18 94 6 28 59 67 37 92 55 82 39 89 40 69 1 41 69 26
 40 15 35 91 47 50 65 83 6 46 75 81 9 33 9 95 45 91 45 99 17 79 0 46 13 52 1 36 59 94 37 87 62 39 43 97 73 33 36 76 17 46 44 82 28 43 83 36 4 5
 26 42 69 58 32 92 14 70 21 6 99 23 96 60 76 12 20 12 67 12 98 63 79 0 23 12 4 44 34 40 91 10 20 69 50 53 20 87 44 56 47 46 22 27 30 23 56 87 57 74
 34 24 91 86 29 46 94 98 65 54 32 35 75 15 48 51 34 99 2 40 67 40 23 27 0 94 46 13 41 64 37 49 76 22 25 45 15 41 8 76 85 52 69 17 2 12 40 43 68 16
 9 32 35 81 9 88 89 11 75 70 56 81 44 1 42 13 15 18 76 53 49 99 76 58 65 0 37 98 42 64 86 17 8 36 26 63 8 93 10 96 28 16 46 78 49 76 85 2 33 58
 81 75 66 80 41 6 95 42 56 27 64 74 24 55 56 86 17 45 79 38 53 75 95 69 22 71 0 70 9 97 86 13 47 41 31 33 16 40 65 11 66 17 88 95 4 29 0 4 60 38
 93 64 38 85 9 44 54 13 11 73 7 47 5 44 90 11 27 53 86 79 30 71 79 85 17 93 89 0 55 19 59 26 67 54 54 54 84 64 56 77 19 17 69 31 49 94 3 74 95 45
 2 42 56 52 6 13 7 44 35 98 16 10 6 50 12 37 26 84 12 2 44 12 97 0 73 33 13 16 0 50 44 32 19 62 50 48 25 97 27 55 63 55 12 65 80 50 94 65 72 46
 34 24 21 94 63 90 61 20 8 3 88 6 67 81 41 54 15 99 85 39 26 69 26 79 83 58 97 54 50 0 60 92 61 36 38 85 74 78 7 32 66 70 80 9 9 91 80 92 6 4
 59 92 97 72 7 67 90 11 12 81 83 62 83 21 42 15 89 19 6 22 44 15 39 72 93 5 99 52 96 77 0 94 47 25 73 81 26 29 73 14 6 92 97 90 43 26 1 11 4 82
 19 4 31 16 45 94 65 7 52 1 96 34 49 12 95 13 1 43 43 75 2 40 27 94 27 1 93 47 17 75 63 0 44 48 83 89 37 23 88 75 33 42 22 18 70 35 70 22 88 7
 43 93 10 98 5 99 24 70 44 73 40 54 72 13 78 97 11 77 19 2 42 35 32 30 25 18 9 70 24 92 51 81 0 15 48 12 94 32 15 57 72 6 35 96 98 33 78 53 77 8
 83 39 69 88 49 97 1 0 68 56 30 74 7 8 41 3 4 7 12 36 15 74 78 16 91 6 46 94 73 61 91 86 2 0 13 5 86 38 24 75 5 73 33 25 7 87 20 26 71 19
 16 83 35 58 72 65 33 11 54 97 29 63 85 95 71 16 35 91 73 39 61 77 12 2 70 4 67 34 7 94 77 17 26 67 0 51 62 84 54 81 96 57 95 68 64 21 37 75 42 97
 71 64 4 41 96 34 13 58 53 94 92 78 87 64 73 54 69 77 66 58 28 83 44 77 81 79 95 30 58 15 55 75 15 50 13 0 87 85 34 66 52 96 78 96 41 51 10 27 51 1
 79 65 13 11 78 91 48 0 61 57 9 21 2 95 40 63 0 57 92 33 83 74 25 36 78 39 90 25 46 47 74 17 83 54 58 46 0 80 4 7 57 91 26 16 26 11 66 7 83 10
 21 33 63 94 23 41 52 72 22 7 28 4 27 83 23 34 29 51 31 10 19 49 84 21 24 99 51 59 60 77 34 29 1 50 98 92 92 0 43 88 0 64 28 56 75 21 63 67 46 96
 8 25 86 83 34 35 11 58 57 58 26 89 69 89 27 57 92 97 68 56 39 56 96 31 2 44 51 65 70 26 41 10 57 47 70 81 36 17 0 67 51 48 70 7 80 15 20 65 70 27
 93 16 1 15 50 33 59 17 87 48 58 52 25 56 40 48 24 36 52 45 97 30 94 63 27 59 32 56 40 39 41 20 33 90 76 34 16 0 7 0 7 13 72 13 55 88 86 9 65 31
 95 13 77 96 44 70 73 8 88 63 82 86 92 98 8 26 59 51 21 55 93 36 7 0 92 60 24 75 28 62 12 74 23 89 14 30 99 85 53 54 0 25 27 51 38 57 30 54 26 82
 93 64 74 36 77 42 51 50 16 81 68 65 8 56 77 86 25 0 69 36 14 68 67 52 27 34 52 20 58 52 50 94 36 19 29 34 43 81 62 59 75 0 80 48 46 63 8 88 19 29
 21 78 1 15 47 14 61 43 42 2 96 84 53 67 5 20 48 9 98 41 42 51 72 84 72 34 61 8 52 30 35 46 97 9 96 31 27 49 68 52 40 30 0 11 25 20 37 31 83 90
 71 1 45 87 20 95 48 38 18 34 16 75 66 55 27 25 93 11 46 65 70 59 98 77 4 50 11 58 5 38 73 77 87 3 22 31 33 37 83 4 87 18 6 0 27 79 47 53 84 13
 13 79 8 98 93 45 38 46 48 68 59 12 37 61 9 48 95 18 18 29 39 80 42 94 49 94 22 25 15 23 13 65 18 41 7 70 67 54 93 86 99 41 71 57 0 37 27 66 94 17
 12 82 78 82 36 38 91 55 42 65 33 33 28 21 58 66 17 55 11 56 57 82 7 69 43 93 60 19 8 16 67 6 80 67 5 10 3 82 1 15 52 6 75 45 84 0 49 70 98 61
 71 0 8 95 56 25 22 34 47 46 86 34 40 83 54 96 18 35 12 20 34 98 98 27 89 7 39 10 40 29 25 2 38 48 13 14 92 46 20 84 72 96 3 31 80 90 0 18 37 88
 49 18 32 90 91 96 34 43 95 79 51 1 49 22 25 64 69 14 0 17 69 29 50 89 21 48 85 58 38 41 71 56 37 99 36 30 60 64 48 68 0 17 94 22 88 93 84 0 96 12
 78 95 62 71 68 91 53 36 67 92 54 25 0 9 25 58 87 55 53 2 21 10 48 10 34 77 8 72 19 13 44 44 60 84 27 65 35 75 24 98 60 57 13 81 60 31 16 26 0 42
 89 97 75 40 20 5 18 65 44 41 62 55 34 1 5 51 70 23 74 25 97 85 62 48 85 79 15 26 51 79 88 6 14 43 48 6 72 72 11 92 67 37 34 49 10 96 63 99 3 0
