50

 0 11 59 40 99 94 92 98 17 33 41 98 31 13 95 43 44 72 56 17 81 45 91 0 21 34 12 9 70 99 67 7 62 73 99 92 34 10 76 89 56 67 19 97 41 26 86 96 26 38
 70 0 25 63 43 46 32 97 4 2 22 12 45 19 88 36 2 5 31 23 91 58 16 15 41 98 42 25 63 39 81 78 83 23 0 14 0 17 89 26 16 95 59 6 39 41 83 69 81 65
 50 56 0 75 16 80 7 23 56 19 25 3 30 38 49 67 90 53 44 16 45 46 23 70 26 15 65 34 69 7 27 32 62 49 83 78 99 36 69 15 42 43 87 38 47 69 53 99 0 31
 85 67 2 0 95 66 92 31 55 32 29 37 43 46 92 2 59 16 29 55 45 0 77 34 3 74 27 52 54 14 24 44 72 73 95 17 98 7 71 20 79 47 87 50 77 97 52 3 65 99
 84 52 64 21 0 84 78 99 64 34 56 60 57 49 2 62 57 85 87 23 30 96 6 13 88 94 54 82 88 62 55 96 57 95 75 86 76 63 62 10 43 0 62 61 61 13 83 13 53 81
 58 15 50 78 10 0 12 87 15 25 12 78 35 13 94 81 61 90 46 97 25 1 34 89 28 71 28 11 34 39 89 28 62 17 32 62 5 37 48 54 48 4 23 55 64 97 58 65 47 16
 97 78 4 78 10 0 0 85 42 87 18 89 71 56 30 96 66 64 76 5 43 8 3 75 14 56 19 95 50 72 17 26 44 18 47 8 75 29 84 26 49 67 30 81 76 32 28 34 31 9
 24 71 76 81 28 10 10 0 67 27 64 81 45 80 24 6 6 15 74 30 76 39 41 77 13 58 21 98 91 5 50 80 9 52 75 5 34 82 71 87 83 12 37 14 49 31 42 39 42 48
 23 48 20 58 88 97 18 58 0 47 6 70 35 1 75 56 51 23 25 24 49 45 96 96 27 34 36 85 9 20 38 64 79 32 70 32 92 12 75 36 7 7 37 12 22 64 0 64 27 51
 15 53 4 48 78 76 67 48 13 0 93 43 65 4 6 87 86 21 57 14 18 83 48 45 85 82 99 81 64 99 8 92 37 46 15 58 63 60 24 11 62 14 74 83 55 26 40 81 78 64
 45 46 6 15 56 60 47 67 45 96 0 36 0 30 2 25 49 71 12 51 84 78 76 77 56 60 24 43 3 26 93 76 5 50 34 92 39 55 43 16 49 64 10 37 7 82 58 97 16 36
 43 20 47 50 5 62 68 91 49 70 35 0 1 59 97 96 17 43 95 39 82 22 12 14 70 83 57 59 74 79 59 46 73 14 81 96 42 36 41 10 53 22 78 75 18 97 9 27 7 70
 28 51 16 42 7 68 61 13 13 14 45 52 0 55 24 49 0 27 21 29 59 32 22 15 50 91 99 50 7 3 73 37 66 18 12 65 92 1 55 69 72 49 55 63 26 85 46 87 62 48
 90 82 94 44 1 68 1 2 29 74 73 51 56 0 39 97 26 85 73 2 21 14 79 50 38 3 9 2 21 45 18 44 96 47 30 50 81 25 80 35 50 65 19 79 26 25 56 6 6 47
 35 63 74 53 13 79 86 91 95 80 33 58 62 72 0 9 90 28 55 58 5 72 22 82 37 65 20 67 21 70 19 99 38 61 28 12 17 66 43 47 57 71 89 95 44 89 56 80 27 54
 79 44 0 51 3 95 90 75 73 49 22 11 87 48 5 0 48 80 60 90 99 7 30 13 48 22 7 91 19 91 38 30 59 54 94 99 44 94 39 51 51 89 13 66 66 44 77 44 78 73
 95 89 13 73 20 44 3 7 76 80 56 55 33 21 88 93 0 81 59 71 20 16 13 15 34 67 57 59 20 22 88 7 98 75 80 44 74 5 15 57 40 18 37 84 94 71 23 21 88 75
 22 72 33 55 43 29 54 32 54 89 92 71 48 56 88 71 17 0 71 85 76 81 97 44 97 18 66 53 99 83 60 97 83 75 92 74 51 45 82 75 81 56 60 80 97 52 46 61 6 33
 52 35 58 56 7 9 91 1 74 90 11 54 67 49 10 0 86 93 0 38 56 52 22 60 10 72 58 55 78 65 63 64 64 76 8 58 16 30 17 88 44 61 52 71 25 74 28 89 76 29
 93 75 46 35 56 43 60 16 92 80 78 43 3 10 91 17 7 52 74 0 16 98 62 14 26 71 60 86 46 85 24 95 77 6 43 77 6 89 65 56 49 35 52 26 78 70 73 79 62 94
 22 74 28 77 31 92 51 32 76 84 53 22 15 20 3 21 88 97 2 18 0 22 60 17 7 20 30 83 83 84 53 92 69 11 72 6 10 65 78 8 14 63 27 71 11 67 80 98 21 12
 47 87 77 2 47 48 88 47 55 57 74 34 70 68 58 26 49 34 70 24 21 0 31 1 63 95 85 44 50 60 8 66 89 82 93 82 52 38 83 82 9 82 30 1 65 20 95 37 40 55
 93 69 4 53 46 33 26 27 98 59 25 32 33 72 34 78 93 32 49 65 65 15 0 14 8 36 6 25 90 95 59 9 38 70 64 18 78 22 90 42 88 69 41 2 89 12 33 50 64 98
 84 73 76 42 19 37 19 9 22 21 75 37 89 32 67 84 62 57 34 81 62 88 64 0 69 65 68 73 40 40 95 83 74 65 67 21 54 15 32 41 26 94 44 24 34 70 91 77 56 98
 98 63 86 84 41 60 72 0 6 94 69 0 17 64 22 44 7 30 34 69 51 81 43 55 0 63 76 95 40 40 73 68 41 26 85 26 82 84 20 78 34 32 80 28 11 36 3 91 44 47
 59 75 70 99 62 17 65 62 53 92 89 64 91 17 67 52 64 53 62 99 72 98 60 47 41 0 33 14 72 6 59 90 34 38 44 27 88 89 24 67 10 94 48 87 94 58 55 68 18 90
 26 99 70 89 51 19 85 15 0 65 29 37 17 13 1 97 52 44 89 75 70 24 8 94 93 24 0 86 41 92 6 27 85 10 24 52 25 85 85 92 95 56 51 38 33 35 13 85 7 83
 4 33 60 12 42 33 18 25 59 93 20 56 82 38 32 47 17 65 14 59 60 57 15 11 40 41 67 0 31 95 17 78 68 14 25 60 38 19 41 80 72 8 0 60 88 60 77 3 86 62
 99 41 14 85 12 58 73 64 47 33 32 48 19 88 51 26 87 73 26 87 11 32 74 97 6 35 92 75 0 38 51 6 99 27 21 78 27 84 63 58 9 66 44 95 29 7 10 27 12 14
 87 99 97 23 56 0 12 32 77 12 94 85 3 53 89 50 33 7 39 70 12 19 25 57 26 13 16 36 77 0 0 83 53 36 30 81 63 17 94 82 44 22 42 90 2 88 85 88 9 47
 50 89 15 63 96 75 85 78 44 22 21 20 18 52 4 78 9 10 16 57 30 22 8 70 17 72 54 31 77 26 0 65 91 92 63 88 88 68 59 99 43 78 16 81 6 50 88 29 39 68
 30 68 3 91 68 40 8 12 6 11 95 84 3 66 53 87 4 10 45 12 34 98 90 56 55 84 18 13 51 48 80 0 16 96 24 72 26 82 68 34 18 92 38 4 17 69 65 28 79 50
 69 9 79 71 19 33 8 4 53 40 62 46 15 90 77 8 24 57 14 11 57 91 92 21 30 84 92 23 17 16 39 22 0 52 26 43 5 40 51 63 7 25 53 49 80 28 11 36 86 15
 82 66 66 76 99 21 78 45 15 20 85 74 99 29 54 31 43 18 6 46 52 19 46 83 1 71 96 2 12 58 20 17 23 0 59 3 47 60 76 99 76 84 79 65 68 45 21 37 26 54
 27 5 18 21 40 18 86 68 36 84 18 90 33 59 80 21 46 17 17 52 32 47 31 31 1 33 72 23 75 45 1 72 28 65 0 99 84 28 96 18 37 34 56 4 53 32 29 34 27 42
 38 58 74 57 97 62 35 32 74 75 18 65 41 66 39 38 55 18 93 15 22 96 34 30 42 65 43 70 86 9 94 49 78 69 65 0 28 96 54 19 37 15 67 42 48 69 13 61 39 73
 52 86 68 24 72 5 36 55 14 58 77 96 47 13 25 48 78 45 99 40 93 3 23 76 59 43 39 59 43 51 38 6 98 53 87 10 0 82 81 48 13 49 29 66 78 95 5 58 9 44
 28 93 54 60 50 41 80 91 42 16 87 90 61 61 55 53 7 84 74 82 69 35 0 76 36 91 97 96 97 49 28 6 66 41 84 87 0 0 85 13 78 56 45 82 91 84 16 9 7 79
 44 11 76 79 22 48 93 88 34 81 83 55 70 8 55 71 72 24 20 37 54 34 38 3 56 33 39 44 16 54 70 86 1 28 45 47 19 91 0 86 95 20 65 83 73 88 81 41 59 17
 50 71 59 51 67 22 56 7 76 29 86 76 55 38 58 61 7 8 58 81 21 62 92 17 76 32 67 74 94 33 67 52 65 3 94 16 93 30 96 0 40 13 53 98 53 90 75 47 56 56
 7 92 56 41 23 52 13 6 35 82 35 64 9 42 71 84 2 87 50 33 86 17 61 50 46 25 99 45 61 51 23 0 37 38 22 90 82 72 62 2 0 93 87 23 58 27 34 26 18 38
 40 46 91 58 47 69 64 21 56 60 46 98 29 9 32 61 99 20 47 85 61 54 92 13 84 31 50 94 25 98 4 65 47 90 12 98 31 37 38 31 13 0 29 52 33 71 40 91 40 27
 71 57 29 4 60 31 13 83 72 40 13 20 34 73 76 84 82 89 84 86 98 66 93 41 78 52 11 46 60 26 3 67 19 52 98 22 9 25 77 87 21 83 0 49 32 34 64 2 64 94
 12 59 8 65 61 59 10 48 30 58 47 0 42 74 80 24 1 51 83 95 68 98 56 3 80 40 78 93 51 0 56 91 41 56 5 20 86 53 25 52 59 28 48 0 71 95 1 39 68 66
 15 7 73 55 20 68 57 64 13 8 94 66 44 62 77 50 83 75 45 95 67 26 15 44 19 46 97 54 79 60 30 86 76 28 35 37 28 7 17 14 72 4 46 46 0 5 37 20 63 99
 37 76 41 49 49 46 30 89 60 66 91 71 33 70 4 83 81 77 26 16 79 90 84 6 75 81 15 85 23 23 14 88 66 95 12 8 63 31 45 46 69 79 11 35 50 0 82 24 87 76
 9 51 18 87 14 94 65 8 30 5 79 11 95 62 1 3 85 23 31 45 27 72 43 32 10 22 34 53 47 70 24 86 33 28 15 85 17 37 77 74 64 49 40 42 15 43 0 23 5 30
 16 58 82 95 95 66 84 42 73 86 1 12 32 61 52 56 91 26 66 77 39 41 45 7 52 51 93 26 14 35 90 71 58 44 75 96 46 89 51 75 72 50 27 15 43 36 62 0 20 53
 25 74 3 85 59 51 78 46 24 42 83 63 24 12 10 25 45 73 28 38 97 92 53 35 65 36 80 31 73 52 39 21 9 66 39 39 12 7 69 89 46 88 12 47 23 72 58 15 0 18
 5 2 57 97 12 7 57 13 45 42 14 71 60 93 69 83 31 24 94 87 31 39 1 90 51 19 71 29 62 79 97 89 90 48 40 5 81 12 84 5 9 69 90 71 45 88 17 4 23 0
