30

 0 87 23 66 52 51 30 26 26 29 35 40 54 44 62 33 88 39 84 65 41 31 93 72 58 68 51 48 44 11
 21 0 71 34 8 15 48 54 80 55 73 30 36 92 58 3 81 39 58 59 5 45 86 86 15 41 91 66 71 36
 32 65 0 19 99 57 24 69 19 15 3 69 67 26 79 37 35 62 5 1 5 88 86 78 80 49 24 66 35 90
 94 8 37 0 68 26 53 87 49 41 55 36 61 21 38 92 98 84 32 30 94 2 93 22 58 90 25 38 11 9
 76 37 63 10 0 50 44 49 58 18 52 5 72 16 13 89 54 41 68 95 39 59 88 70 66 58 80 74 58 16
 98 7 66 7 84 0 51 5 99 27 92 20 38 79 91 29 51 9 91 91 0 52 90 58 58 54 71 81 76 6
 1 7 40 29 77 2 0 31 44 38 59 42 65 61 71 39 35 50 5 28 46 16 98 44 4 19 2 89 88 66
 84 20 94 50 31 42 49 0 1 27 74 60 53 72 12 63 46 42 73 9 19 89 12 36 46 7 60 96 20 10
 71 43 66 96 80 56 25 28 0 82 66 64 33 24 50 89 11 31 2 9 15 78 61 82 79 81 55 31 16 1
 60 56 73 64 55 67 16 16 31 0 69 53 89 48 51 48 76 15 10 81 22 92 31 0 45 13 12 59 63 9
 80 56 55 93 97 24 42 86 75 85 0 55 81 43 98 80 55 55 88 96 82 53 23 26 55 99 80 61 77 6
 88 32 7 8 62 49 86 57 39 70 62 0 85 99 27 62 51 54 22 69 65 72 5 82 26 3 16 25 53 19
 35 83 99 3 89 89 58 49 82 59 7 54 0 10 61 23 50 84 47 41 59 66 6 31 5 53 21 95 36 97
 63 33 53 35 35 15 58 48 11 68 44 40 19 0 69 43 61 13 93 26 23 28 78 82 68 94 68 44 96 53
 32 59 66 69 44 68 86 76 61 90 1 40 22 67 0 26 72 44 91 79 54 93 48 55 97 73 40 87 21 27
 54 26 55 12 40 79 19 0 63 51 3 73 19 64 92 0 79 97 38 34 41 85 44 35 49 48 58 15 57 64
 99 86 66 30 48 27 44 25 5 70 30 26 41 60 44 97 0 65 57 25 43 2 89 71 68 23 76 24 7 50
 71 60 82 74 55 69 94 91 19 23 78 33 30 83 50 31 94 0 43 78 76 75 40 1 11 3 99 17 79 43
 52 29 19 27 79 24 1 51 94 94 60 30 8 13 67 54 10 92 0 43 8 68 49 18 67 33 65 92 63 12
 20 27 30 39 98 72 66 98 86 97 34 36 17 3 51 59 22 89 25 0 18 37 25 70 13 6 50 77 22 75
 13 20 13 90 77 49 79 1 24 10 30 10 53 45 24 55 37 74 35 82 0 29 11 12 85 43 82 49 61 83
 88 50 18 3 53 22 91 74 22 44 52 92 96 17 19 58 13 41 82 70 77 0 22 60 67 73 81 37 5 87
 87 4 83 10 16 77 89 47 96 65 63 74 72 55 10 32 59 68 68 72 67 7 0 37 93 13 80 31 3 49
 47 88 95 62 13 10 25 9 3 84 82 99 50 28 51 30 49 87 79 83 0 81 1 0 91 37 31 5 27 7
 14 25 11 41 16 40 18 91 99 95 48 90 20 42 4 3 47 8 64 38 1 61 70 10 0 87 47 20 84 8
 38 89 97 78 19 55 82 6 92 63 66 62 88 57 94 65 7 23 45 40 88 21 22 88 24 0 25 27 23 47
 64 66 30 9 97 19 8 74 35 44 46 81 48 71 53 19 65 78 18 51 75 93 5 78 39 62 0 20 8 33
 33 58 5 0 7 29 2 4 91 95 46 1 12 21 78 47 97 29 52 1 41 15 65 49 51 80 74 0 21 19
 11 63 76 12 53 6 23 11 78 44 70 30 10 22 57 73 4 76 26 64 74 22 39 77 36 78 45 55 0 63
 41 92 46 14 91 24 30 36 82 99 19 51 40 35 12 86 49 58 57 81 89 73 8 57 87 79 11 28 58 0
