40

 0 81 55 87 88 59 63 55 15 97 18 46 24 88 58 27 70 42 79 13 86 82 93 24 19 56 99 12 61 13 10 80 2 55 43 38 98 21 19 47
 19 0 73 87 13 64 49 18 14 5 17 40 50 27 5 67 88 31 56 11 27 49 98 25 15 78 17 4 61 78 41 58 59 75 77 44 30 83 2 96
 45 27 0 72 84 30 78 3 15 99 18 41 42 59 80 26 74 88 4 20 63 31 68 35 5 73 66 29 48 92 99 3 41 48 24 35 58 7 5 91
 13 13 28 0 38 56 40 1 1 72 34 36 63 78 85 94 44 15 83 36 91 34 31 65 55 83 34 44 32 91 60 30 77 69 92 16 93 58 39 99
 12 87 16 62 0 52 45 10 70 99 20 59 72 37 84 90 22 86 97 66 30 20 17 54 89 96 5 36 11 93 80 88 89 73 48 2 28 8 89 90
 41 36 70 44 48 0 84 60 44 70 28 12 27 25 52 83 38 79 56 59 20 92 48 28 96 56 32 17 19 36 0 59 4 30 2 67 23 22 21 48
 37 51 22 60 55 16 0 35 80 30 33 26 6 84 98 74 33 84 95 10 58 62 49 5 62 20 49 7 48 24 66 38 81 76 81 14 31 88 28 5
 45 82 97 99 90 40 65 0 76 4 56 50 63 79 84 81 17 60 68 45 7 77 29 88 48 75 57 95 25 53 92 28 7 38 47 62 62 47 96 80
 85 86 85 99 30 56 20 24 0 32 84 2 82 96 39 79 21 61 8 31 36 59 79 69 59 0 16 22 53 8 30 76 22 25 23 31 47 40 12 90
 3 95 1 28 1 30 70 96 68 0 13 9 61 27 46 37 16 20 38 89 63 19 68 80 20 42 99 76 15 26 5 84 98 24 99 79 30 12 20 49
 82 83 82 66 80 72 67 44 16 87 0 88 51 90 22 96 22 88 4 44 7 90 25 31 93 36 88 59 85 89 61 57 5 68 81 12 17 18 46 27
 54 60 59 64 41 88 74 50 98 91 12 0 12 27 80 6 44 62 99 79 69 47 40 34 30 52 67 21 37 12 86 66 0 79 35 34 96 5 7 26
 76 50 58 37 28 73 94 37 18 39 49 88 0 93 47 9 70 20 67 26 34 70 91 58 33 17 56 75 27 21 54 52 40 57 84 92 74 94 24 34
 12 73 41 22 63 75 16 21 4 73 10 73 7 0 32 1 57 17 75 3 54 4 79 0 48 4 24 82 90 97 99 27 32 7 65 68 60 91 82 32
 42 95 20 15 16 48 2 16 61 54 78 20 53 68 0 5 4 4 34 33 13 47 86 49 82 3 44 39 25 61 3 73 99 22 10 31 70 23 99 58
 73 33 74 6 10 17 26 19 21 63 4 94 91 99 95 0 22 87 49 71 95 94 7 16 81 38 54 2 80 29 77 30 65 14 42 91 78 62 0 67
 30 12 26 56 78 62 67 83 79 84 78 56 30 43 96 78 0 28 71 95 73 88 56 25 44 59 17 76 86 35 17 72 7 57 45 87 34 80 4 89
 58 69 12 85 14 21 16 40 39 80 12 38 80 83 96 13 72 0 58 10 37 3 71 89 19 36 95 24 74 4 1 92 73 99 21 19 87 27 5 12
 21 44 96 17 3 44 5 32 92 62 96 1 33 25 66 51 29 42 0 44 71 27 86 76 58 88 3 89 77 56 98 63 90 83 98 32 20 24 81 29
 87 89 80 64 34 41 90 55 69 11 56 21 74 97 67 29 5 90 56 0 58 65 27 91 86 79 51 81 52 22 18 67 58 71 17 75 23 41 88 54
 14 73 37 9 70 80 42 93 64 37 93 31 66 46 87 5 27 63 29 42 0 50 32 65 42 71 58 51 99 8 81 43 28 29 13 76 85 72 46 20
 18 51 69 66 80 8 38 23 41 81 10 53 30 96 53 6 12 97 73 35 50 0 42 55 76 93 7 44 14 50 73 35 56 71 4 84 3 72 86 5
 7 2 32 69 83 52 51 71 21 32 75 60 9 21 14 93 44 29 14 73 68 58 0 12 36 43 63 3 70 27 5 82 42 71 51 59 46 7 29 77
 76 75 65 35 46 72 95 12 31 20 69 66 42 100 51 84 75 11 24 9 35 45 88 0 92 34 30 54 18 6 12 98 92 93 9 7 84 64 71 74
 81 85 95 45 11 4 38 52 41 80 7 70 67 52 18 19 56 81 42 14 58 24 64 8 0 16 29 58 56 11 38 33 33 55 68 47 54 73 46 93
 44 22 27 17 4 44 80 25 100 58 64 48 83 96 97 62 41 64 12 21 29 7 57 66 84 0 51 18 46 95 95 93 70 58 10 64 92 24 8 82
 1 83 34 66 95 68 51 43 84 1 12 33 44 76 56 46 83 5 97 49 42 93 37 70 71 49 0 7 41 54 88 51 35 3 21 21 57 49 51 91
 88 96 71 56 64 83 93 5 78 24 41 79 25 18 61 98 24 76 11 19 49 56 97 46 42 82 93 0 17 82 96 20 96 76 76 37 74 9 63 35
 39 39 52 68 89 81 52 75 47 85 15 63 73 10 75 20 14 26 23 48 1 86 30 82 44 54 59 83 0 33 24 25 7 58 12 92 6 23 73 74
 87 22 8 9 7 64 76 47 92 74 11 88 79 3 39 71 65 96 44 78 92 50 73 94 89 5 46 18 67 0 97 47 39 27 83 6 43 35 91 99
 90 59 1 40 20 100 34 8 70 95 39 14 46 1 97 23 83 99 2 82 19 27 95 88 62 5 12 4 76 3 0 80 41 21 75 71 15 95 27 40
 20 42 97 70 12 41 62 72 24 16 43 34 48 73 27 70 28 8 37 33 57 65 18 2 67 7 49 80 75 53 20 0 27 97 30 2 37 78 63 63
 98 41 59 23 11 96 19 93 78 2 95 100 60 68 1 35 93 27 10 42 72 44 58 8 67 30 65 4 93 61 59 73 0 60 50 68 3 49 34 44
 45 25 52 31 27 70 24 62 75 76 32 21 43 93 78 86 43 1 17 29 71 29 29 7 45 42 97 24 42 73 79 3 40 0 11 54 29 97 71 32
 57 23 76 8 52 98 19 53 77 1 19 65 16 35 90 58 55 79 2 83 87 96 49 91 32 90 79 24 88 17 25 70 50 89 0 27 47 18 74 30
 62 56 65 84 98 33 86 38 69 21 88 66 8 32 69 9 13 81 68 25 24 16 41 93 53 36 79 63 8 94 29 98 32 46 73 0 36 25 60 10
 2 70 42 7 72 77 69 38 53 70 83 4 26 40 30 22 66 13 80 77 15 97 54 16 46 8 43 26 94 57 85 63 97 71 53 64 0 68 63 25
 79 17 93 42 92 78 12 53 60 88 82 95 6 9 77 38 20 73 76 59 28 28 93 36 27 76 51 91 77 65 5 22 51 3 82 75 32 0 15 35
 81 98 95 61 11 79 72 4 88 80 54 93 76 18 1 100 96 95 19 12 54 14 71 29 54 92 49 37 27 9 73 37 66 29 26 40 37 85 0 2
 53 4 9 1 10 52 95 20 10 51 73 74 66 68 42 33 11 88 71 46 80 95 23 26 7 18 9 65 26 1 60 37 56 68 70 90 75 65 98 0
