50

 0 42 98 71 4 79 85 21 69 10 15 16 23 63 46 17 37 36 19 38 13 73 95 6 81 97 61 27 12 34 42 77 71 43 52 40 98 54 9 35 71 73 35 84 38 76 51 71 91 77
 58 0 78 3 59 54 85 21 97 9 94 8 16 62 49 70 81 82 40 92 43 84 60 35 5 19 95 11 1 35 47 32 58 25 99 13 75 12 82 67 7 85 99 48 67 45 98 82 74 72
 2 22 0 97 69 64 54 62 20 24 55 20 97 36 61 20 26 27 93 29 15 11 43 93 83 3 38 94 63 99 9 21 30 65 26 74 57 44 51 98 50 64 25 35 35 78 16 65 47 2
 29 97 3 0 40 56 50 15 87 9 63 13 28 53 79 94 26 16 87 31 62 47 81 72 21 88 76 26 65 41 97 24 84 30 68 73 73 13 56 44 63 61 14 86 50 67 92 42 95 23
 96 41 31 60 0 12 58 21 69 95 48 85 82 6 37 86 52 35 91 73 68 88 9 94 16 4 31 1 6 10 97 77 63 71 1 87 99 38 51 5 71 29 17 72 43 95 81 14 36 79
 21 46 36 44 88 0 3 18 31 33 1 21 67 41 88 32 57 76 40 43 78 41 14 41 83 67 51 1 94 16 40 75 54 45 3 63 7 10 62 10 93 36 33 13 68 76 55 59 59 99
 15 15 46 50 42 97 0 2 90 57 82 67 24 62 6 61 73 46 39 67 1 96 30 82 92 59 57 6 20 26 83 7 36 29 95 21 1 53 52 52 47 66 4 90 2 25 73 15 73 85
 79 79 38 85 79 82 98 0 70 37 93 66 62 82 59 13 24 45 96 8 22 68 33 14 17 85 63 69 20 37 80 86 31 66 46 24 93 75 83 89 44 96 33 7 6 69 47 47 43 11
 31 3 80 13 31 69 10 30 0 69 60 88 88 84 41 82 7 75 92 67 3 90 47 0 27 69 6 83 61 81 20 26 86 79 37 95 14 5 14 71 83 64 67 74 89 70 47 76 70 58
 90 91 76 91 5 67 43 63 31 0 49 58 71 56 6 23 21 14 59 42 57 94 32 89 25 40 42 20 14 6 61 78 93 93 50 96 14 44 48 63 53 16 36 95 15 0 18 66 48 61
 85 6 45 37 52 99 18 7 40 51 0 5 12 77 79 80 24 43 10 93 76 29 17 48 2 64 11 90 46 89 45 68 68 86 12 41 31 71 15 60 33 10 39 81 53 43 97 65 71 17
 84 92 80 87 15 79 33 34 12 42 95 0 44 60 64 51 99 71 83 76 1 76 29 65 88 10 15 24 26 16 6 32 76 25 72 20 92 38 1 44 46 72 71 30 92 21 75 91 96 76
 77 84 3 72 18 33 76 38 12 29 88 56 0 2 14 85 20 9 40 19 1 70 24 44 44 29 43 62 57 93 99 28 76 8 2 22 53 93 60 18 37 47 72 71 42 95 89 28 79 48
 37 38 64 47 94 59 38 18 16 44 23 40 98 0 86 60 9 22 97 37 8 13 58 53 42 5 79 41 8 25 65 13 0 65 97 34 73 83 11 27 2 55 93 3 30 40 71 81 27 19
 54 51 39 21 63 12 94 41 59 94 21 36 86 14 0 2 46 88 42 39 20 86 45 40 16 88 37 22 10 55 95 75 89 10 54 91 20 93 68 0 53 3 31 24 52 56 37 4 41 14
 83 30 80 6 14 68 39 87 18 77 20 49 15 40 98 0 12 13 66 66 23 4 78 56 75 2 85 53 98 28 88 91 65 72 83 98 31 11 57 27 9 89 64 80 30 22 29 70 10 54
 63 19 74 74 48 43 27 76 93 79 76 1 80 91 54 88 0 89 27 66 87 30 86 71 63 6 94 7 59 57 0 74 67 55 87 42 88 28 97 59 94 4 86 62 96 3 23 16 33 65
 64 18 73 84 65 24 54 55 25 86 57 29 91 78 12 87 11 0 74 73 0 31 31 74 90 38 8 87 44 8 87 96 33 99 60 75 34 62 12 73 52 61 15 85 92 8 50 23 42 48
 81 60 7 13 9 60 61 4 8 41 90 17 60 3 58 34 73 26 0 10 87 40 68 0 96 52 66 35 10 2 65 99 37 10 41 68 9 46 64 78 42 46 67 93 28 16 10 47 60 62
 62 8 71 69 27 57 33 92 33 58 7 24 81 63 61 34 34 27 90 0 2 78 73 79 95 84 9 80 4 6 36 63 16 59 9 36 90 7 57 63 31 27 22 79 90 61 22 41 98 3
 87 57 85 38 32 22 99 78 97 43 24 99 99 92 80 77 13 100 13 98 0 80 48 67 4 25 98 84 48 8 24 65 39 33 93 27 60 23 51 84 96 40 20 3 22 56 29 14 89 26
 27 16 89 53 12 59 4 32 10 6 71 24 30 87 14 96 70 69 60 22 20 0 83 52 49 12 84 5 30 11 79 15 18 96 18 36 74 68 81 27 4 45 90 90 67 34 99 47 35 4
 5 40 57 19 91 86 70 67 53 68 83 71 76 42 55 22 14 69 32 27 52 17 0 71 81 66 90 18 10 90 60 40 84 62 46 93 63 39 16 1 59 84 62 74 18 6 84 86 87 80
 94 65 7 28 6 59 18 86 100 11 52 35 56 47 60 44 29 26 100 21 33 48 29 0 28 68 26 26 29 72 8 68 57 51 65 35 67 47 88 33 4 38 75 3 17 80 82 13 83 41
 19 95 17 79 84 17 8 83 73 75 98 12 56 58 84 25 37 10 4 5 96 51 19 72 0 75 79 87 57 57 50 3 88 63 9 50 45 3 51 75 0 35 18 7 49 17 79 96 52 45
 3 81 97 12 96 33 41 15 31 60 36 90 71 95 12 98 94 62 48 16 75 88 34 32 25 0 71 63 28 94 23 10 82 17 14 74 8 48 33 18 99 20 0 11 40 88 42 64 15 99
 39 5 62 24 69 49 43 37 94 58 89 85 57 21 63 15 6 92 34 91 2 16 10 74 21 29 0 38 41 41 14 99 6 64 45 50 87 11 48 81 33 31 65 15 71 44 31 31 18 82
 73 89 6 74 99 99 94 31 17 80 10 76 38 59 78 47 93 13 65 20 16 95 82 74 13 37 62 0 67 26 27 80 9 3 39 63 71 46 38 6 88 46 75 62 36 85 12 72 36 43
 88 99 37 35 94 6 80 80 39 86 54 74 43 92 90 2 41 56 90 96 52 70 90 71 43 72 59 33 0 63 82 11 60 86 80 21 65 19 37 2 91 39 50 21 86 61 50 9 27 47
 66 65 1 59 90 84 74 63 19 94 11 84 7 75 45 72 43 92 98 94 92 89 10 28 43 6 59 74 37 0 52 67 13 90 18 41 52 25 75 6 30 83 38 43 97 30 99 67 13 20
 58 53 91 3 3 60 17 20 80 39 55 94 1 35 5 12 100 13 35 64 76 21 40 92 50 77 86 73 18 48 0 10 87 62 53 77 60 52 56 62 82 44 5 6 69 5 77 34 22 99
 23 68 79 76 23 25 93 14 74 22 32 68 72 87 25 9 26 4 1 37 35 85 60 32 97 90 1 20 89 33 90 0 9 27 1 92 50 72 17 62 62 3 38 52 52 72 45 52 25 92
 29 42 70 16 37 46 64 69 14 7 32 24 24 100 11 35 33 67 63 84 61 82 16 43 12 18 94 91 40 87 13 91 0 12 85 1 3 99 20 42 4 26 71 56 85 2 30 19 1 38
 57 75 35 70 29 55 71 34 21 7 14 75 92 35 90 28 45 1 90 41 67 4 38 49 37 83 36 97 14 10 38 73 88 0 87 13 64 37 12 18 33 61 8 54 16 41 90 57 70 46
 48 1 74 32 99 97 5 54 63 50 88 28 98 3 46 17 13 40 59 91 7 82 54 35 91 86 55 61 20 82 47 99 15 13 0 37 58 9 57 82 75 17 41 23 75 89 46 1 23 97
 60 87 26 27 13 37 79 76 5 4 59 80 78 66 9 2 58 25 32 64 73 64 7 65 50 26 50 37 79 59 23 8 99 87 63 0 99 59 44 50 50 65 31 71 15 87 26 10 80 4
 2 25 43 27 1 93 99 7 86 86 69 8 47 27 80 69 12 66 91 10 40 26 37 33 55 92 13 29 35 48 40 50 97 36 42 1 0 76 13 80 93 44 94 42 95 76 12 22 23 90
 46 88 56 87 62 90 47 25 95 56 29 62 7 17 7 89 72 38 54 93 77 32 61 53 97 52 89 54 81 75 48 28 1 63 91 41 24 0 60 51 16 98 75 63 54 41 67 56 81 84
 91 18 49 44 49 38 48 17 86 52 85 99 40 89 32 43 3 88 36 43 49 19 84 12 49 67 52 62 63 25 44 83 80 88 43 56 87 40 0 20 39 50 34 23 30 15 72 19 40 68
 65 33 2 56 95 90 48 11 29 37 40 56 82 73 100 73 41 27 22 37 16 73 99 67 25 82 19 94 98 94 38 38 58 82 18 50 20 49 80 0 48 76 61 29 86 35 5 17 36 64
 29 93 50 37 29 7 53 56 17 47 67 54 63 98 47 91 6 48 58 69 4 96 41 96 100 1 67 12 9 70 18 38 96 67 25 50 7 84 61 52 0 59 80 21 86 69 39 36 64 60
 27 15 36 39 71 64 34 4 36 84 90 28 53 45 97 11 96 39 54 73 60 55 16 62 65 80 69 54 61 17 56 97 74 39 83 35 56 2 50 24 41 0 95 22 72 75 1 76 70 88
 65 1 75 86 83 67 96 67 33 64 61 29 28 7 69 36 14 85 33 78 80 10 38 25 82 100 35 25 50 62 95 62 29 92 59 69 6 25 66 39 20 5 0 87 61 28 1 1 98 32
 16 52 65 14 28 87 10 93 26 5 19 70 29 97 76 20 38 15 7 21 97 10 26 97 93 89 85 38 79 57 94 48 44 46 77 29 58 37 77 71 79 78 13 0 40 58 65 37 69 47
 62 33 65 50 57 32 98 94 11 85 47 8 58 70 48 70 4 8 72 10 78 33 82 83 51 60 29 64 14 3 31 48 15 84 25 85 5 46 70 14 14 28 39 60 0 10 59 54 80 37
 24 55 22 33 5 24 75 31 30 100 57 79 5 60 44 78 97 92 84 39 44 66 94 20 83 12 56 15 39 70 95 28 98 59 11 13 24 59 85 65 31 25 72 42 90 0 1 15 45 83
 49 2 84 8 19 45 27 53 53 82 3 25 11 29 63 71 77 50 90 78 71 1 16 18 21 58 69 88 50 1 23 55 70 10 54 74 88 33 28 95 61 99 99 35 41 99 0 6 62 36
 29 18 35 58 86 41 85 53 24 34 35 9 72 19 96 30 84 77 53 59 86 53 14 87 4 36 69 28 91 33 66 48 81 43 99 90 78 44 81 83 64 24 99 63 46 85 94 0 64 83
 9 26 53 5 64 41 27 57 30 52 29 4 21 73 59 90 67 58 40 2 11 65 13 17 48 85 82 64 73 87 78 75 99 30 77 20 77 19 60 64 36 30 2 31 20 55 38 36 0 9
 23 28 98 77 21 1 15 89 42 39 83 24 52 81 86 46 35 52 38 97 74 96 20 59 55 1 18 57 53 80 1 8 62 54 3 96 10 16 32 36 40 12 68 53 63 17 64 17 91 0
