50

 0 54 51 1 13 18 5 18 50 98 94 59 97 58 11 44 95 66 38 57 98 69 70 36 91 44 53 0 50 66 75 30 15 8 87 43 55 71 99 58 23 67 48 42 34 97 43 15 93 27
 46 0 75 83 73 60 73 79 30 8 86 50 70 49 35 58 51 27 68 8 37 57 70 33 88 15 39 12 36 79 80 96 96 12 65 57 68 46 63 20 27 36 1 87 99 34 36 72 89 33
 49 25 0 8 92 91 59 89 45 62 28 48 37 53 26 55 28 48 89 51 88 94 93 6 88 77 89 5 56 41 28 17 37 18 54 42 35 99 27 39 13 66 82 25 65 14 8 36 22 14
 99 17 92 0 41 24 38 64 44 90 23 99 98 35 25 51 9 62 85 35 52 32 20 3 31 8 84 64 81 20 33 17 1 86 32 78 86 15 26 27 19 40 6 10 44 84 96 57 54 50
 87 27 8 59 0 98 72 72 71 46 13 64 87 15 6 49 88 85 32 49 46 36 23 16 62 99 48 86 70 86 69 13 91 2 78 47 57 3 10 73 84 87 79 64 59 16 29 27 36 32
 82 40 9 76 2 0 94 72 41 22 67 97 55 40 1 92 94 42 61 57 33 61 56 57 17 12 30 55 52 58 67 16 45 98 27 71 8 13 35 42 21 99 91 34 71 39 79 14 28 96
 95 27 41 62 28 6 0 53 61 52 63 48 32 8 75 98 70 94 92 72 7 92 88 38 34 69 84 92 36 19 10 79 25 78 18 39 40 92 95 13 7 96 13 49 9 69 94 11 43 20
 82 21 11 36 28 28 47 0 15 94 60 99 77 59 89 59 92 35 22 25 75 96 92 86 1 75 78 87 89 96 49 67 63 1 43 47 72 9 62 91 11 26 81 86 37 41 52 2 57 97
 50 70 55 56 29 59 39 85 0 63 82 5 39 79 74 95 67 9 22 42 36 82 76 49 17 55 28 77 39 79 47 52 14 7 40 93 97 53 98 21 59 25 97 0 69 31 28 89 30 70
 2 92 38 10 54 78 48 6 37 0 91 53 80 17 90 14 13 63 7 84 74 62 79 85 84 39 36 61 35 32 32 91 68 86 15 94 86 44 17 96 56 62 29 1 19 85 70 0 35 73
 6 14 72 77 87 33 37 40 18 9 0 66 27 30 48 71 19 45 56 94 59 16 59 8 65 1 77 73 83 18 58 50 25 29 5 65 17 51 30 66 20 2 77 52 41 68 27 42 41 77
 41 50 52 1 36 3 52 1 95 47 34 0 49 54 24 49 80 58 30 28 34 95 19 31 24 65 9 73 53 48 73 38 88 56 28 0 74 7 54 34 47 26 89 23 68 85 70 66 97 40
 3 30 63 2 13 45 68 23 61 20 73 51 0 14 64 38 63 16 94 51 58 79 27 14 17 22 15 45 88 91 39 48 63 27 18 43 80 25 43 75 41 82 35 63 69 32 9 53 19 18
 42 51 47 65 85 60 92 41 21 83 70 46 86 0 42 73 35 50 21 22 37 83 65 27 42 56 30 38 33 91 74 4 67 72 43 50 13 18 34 87 2 61 52 51 93 74 5 50 85 61
 89 65 74 75 94 99 25 11 26 10 52 76 36 58 0 35 18 22 11 51 60 66 18 51 86 75 25 75 57 29 2 51 98 8 48 50 53 19 62 35 72 6 18 71 25 63 45 19 95 47
 56 42 45 49 51 8 2 41 5 86 29 51 62 27 65 0 27 13 54 76 83 63 29 47 26 83 34 10 49 29 80 78 94 33 93 86 49 90 92 2 1 46 13 14 93 27 42 56 63 26
 5 49 72 91 12 6 30 8 33 87 81 20 37 65 82 73 0 70 25 75 60 11 37 20 98 34 39 87 16 43 33 73 44 93 54 65 81 95 5 72 66 35 12 67 50 37 91 35 17 74
 34 73 52 38 15 58 6 65 91 37 55 42 84 50 78 87 30 0 65 28 79 29 11 57 97 20 12 38 29 34 29 95 64 45 20 59 52 89 70 47 83 58 12 90 95 58 36 75 61 18
 62 32 11 15 68 39 8 78 78 93 44 70 6 79 89 46 75 35 0 37 39 90 47 68 52 11 58 44 36 29 68 41 29 3 64 12 97 55 99 47 97 10 70 18 34 25 25 51 28 73
 43 92 49 65 51 43 28 75 58 16 6 72 49 78 49 24 25 72 63 0 80 18 99 78 71 37 30 90 9 12 56 63 49 76 41 17 74 41 57 94 96 66 20 15 47 83 58 46 36 26
 2 63 12 48 54 67 93 25 64 26 41 66 42 63 40 17 40 21 61 20 0 56 29 22 2 11 6 30 18 34 13 2 17 70 60 78 84 63 24 10 18 49 93 45 80 44 4 36 16 97
 31 43 6 68 64 39 8 4 18 38 84 5 21 17 34 37 89 71 10 82 44 0 52 75 17 26 58 63 5 51 17 48 65 28 75 25 19 57 19 57 78 35 8 9 74 29 9 65 47 64
 30 30 7 80 77 44 12 8 24 21 41 81 73 35 82 71 63 89 53 1 71 48 0 0 68 8 56 98 40 58 89 20 9 31 51 51 13 64 89 20 27 99 63 15 39 69 22 36 71 69
 64 67 94 97 84 43 62 14 51 15 92 69 86 73 49 53 80 43 32 22 78 25 100 0 73 6 88 29 85 90 1 32 18 91 18 40 6 52 45 73 43 35 88 0 28 66 84 54 33 10
 9 12 12 69 38 83 66 99 83 16 35 76 83 58 14 74 2 3 48 29 98 83 32 27 0 73 92 28 12 88 46 45 42 94 48 72 79 80 67 56 13 91 71 10 62 21 37 40 42 81
 56 85 23 92 1 88 31 25 45 61 99 35 78 44 25 17 66 80 89 63 89 74 92 94 27 0 54 2 4 28 53 56 26 17 78 58 88 79 11 86 70 84 48 63 51 61 21 20 27 39
 47 61 11 16 52 70 16 22 72 64 23 91 85 70 75 66 61 88 42 70 94 42 44 12 8 46 0 1 1 91 57 5 28 48 45 70 29 84 55 54 62 29 48 81 60 26 64 9 93 38
 100 88 95 36 14 45 8 13 23 39 27 27 55 62 25 90 13 62 56 10 70 37 2 71 72 98 99 0 91 6 3 58 13 62 59 16 69 23 68 49 48 77 53 90 95 58 38 48 57 87
 50 64 44 19 30 48 64 11 61 65 17 47 12 67 43 51 84 71 64 91 82 95 60 15 88 96 99 9 0 95 72 41 9 19 95 58 19 71 5 14 38 99 86 79 48 1 23 46 23 7
 34 21 59 80 14 42 81 4 21 68 82 52 9 9 71 71 57 66 71 88 66 49 42 10 12 72 9 94 5 0 18 9 67 93 82 25 58 16 43 88 71 96 80 94 6 5 64 37 17 55
 25 20 72 67 31 33 90 51 53 68 42 27 61 26 98 20 67 71 32 44 87 83 11 99 54 47 43 97 28 82 0 45 43 58 98 30 70 99 17 85 33 74 35 59 67 40 76 26 26 84
 70 4 83 83 87 84 21 33 48 9 50 62 52 96 49 22 27 5 59 37 98 52 80 68 55 44 95 42 59 91 55 0 73 75 13 78 2 68 23 86 35 99 51 66 46 10 57 47 99 80
 85 4 63 99 9 55 75 37 86 32 75 12 37 33 2 6 56 36 71 51 83 35 91 82 58 74 72 87 91 33 57 27 0 14 8 96 59 61 76 4 67 67 31 49 73 6 21 55 19 6
 92 88 82 14 98 2 22 99 93 14 71 44 73 28 92 67 7 55 97 24 30 72 69 9 6 83 52 38 81 7 42 25 86 0 22 40 87 31 58 54 98 8 6 2 2 61 8 96 35 40
 13 35 46 68 22 73 82 57 60 85 95 72 82 57 52 7 46 80 36 59 40 25 49 82 52 22 55 41 5 18 2 87 92 78 0 71 47 62 21 82 77 81 25 60 71 25 30 10 57 19
 57 43 58 22 53 29 61 53 7 6 35 100 57 50 50 14 35 41 88 83 22 75 49 60 28 42 30 84 42 75 70 22 4 60 29 0 0 89 80 12 53 27 83 76 46 25 64 9 21 66
 45 32 65 14 43 92 60 28 3 14 83 26 20 87 47 51 19 48 3 26 16 81 87 94 21 12 71 31 81 42 30 98 41 13 53 100 0 66 83 71 43 32 37 49 9 89 58 13 60 52
 29 54 1 85 97 87 8 91 47 56 49 93 75 82 81 10 5 11 45 59 37 43 36 48 20 21 16 77 29 84 1 32 39 69 38 11 34 0 50 86 0 74 2 38 19 28 17 72 49 4
 1 37 73 74 90 65 5 38 2 83 70 46 57 66 38 8 95 30 1 43 76 81 11 55 33 89 45 32 95 57 83 77 24 42 79 20 17 50 0 54 35 3 44 12 17 10 97 19 53 23
 42 80 61 73 27 58 87 9 79 4 34 66 25 13 65 98 28 53 53 6 90 43 80 27 44 14 46 51 86 12 15 14 96 46 18 88 29 14 46 0 72 68 71 43 37 76 43 83 13 6
 77 73 87 81 16 79 93 89 41 44 80 53 59 98 28 99 34 17 3 4 82 22 73 57 87 30 38 52 62 29 67 65 33 2 23 47 57 100 65 28 0 89 15 38 97 63 96 82 64 41
 33 64 34 60 13 1 4 74 75 38 98 74 18 39 94 54 65 42 90 34 51 65 1 65 9 16 71 23 1 4 26 1 33 92 19 73 68 26 97 32 11 0 21 36 85 80 47 73 24 30
 52 99 18 94 21 9 87 19 3 71 23 11 65 48 82 87 88 88 30 80 7 92 37 12 29 52 52 47 14 20 65 49 69 94 75 17 63 98 56 29 85 79 0 69 36 31 54 55 36 76
 58 13 75 90 36 66 51 14 100 99 48 77 37 49 29 86 33 10 82 85 55 91 85 100 90 37 19 10 21 6 41 34 51 98 40 24 51 62 88 57 62 64 31 0 17 94 10 54 22 85
 66 1 35 56 41 29 91 63 31 81 59 32 31 7 75 7 50 5 66 53 20 26 61 72 38 49 40 5 52 94 33 54 27 98 29 54 91 81 83 63 3 15 64 83 0 10 10 15 70 0
 3 66 86 16 84 61 31 59 69 15 32 15 68 26 37 73 63 42 75 17 56 71 31 34 79 39 74 42 99 95 60 90 94 39 75 75 11 72 90 24 37 20 69 6 90 0 95 89 92 88
 57 64 92 4 71 21 6 48 72 30 73 30 91 95 55 58 9 64 75 42 96 91 78 16 63 79 36 62 77 36 24 43 79 92 70 36 42 83 3 57 4 53 46 90 90 5 0 65 52 6
 85 28 64 43 73 86 89 98 11 100 58 34 47 50 81 44 65 25 49 54 64 35 64 46 60 80 91 52 54 63 74 53 45 4 90 91 87 28 81 17 18 27 45 46 85 11 35 0 7 20
 7 11 78 46 64 72 57 43 70 65 59 3 81 15 5 37 83 39 72 64 84 53 29 67 58 73 7 43 77 83 74 1 81 65 43 79 40 51 47 87 36 76 64 78 30 8 48 93 0 91
 73 67 86 50 68 4 80 3 30 27 23 60 82 39 53 74 26 82 27 74 3 36 31 90 19 61 62 13 93 45 16 20 94 60 81 34 48 96 77 94 59 70 24 15 100 12 94 80 9 0
