20

 0 71 36 72 71 8 41 41 59 27 5 3 84 66 77 93 73 10 51 6
 29 0 63 15 49 56 4 46 86 87 64 39 14 28 53 10 23 0 74 65
 64 37 0 95 36 64 19 44 88 44 3 78 5 23 92 99 67 61 48 15
 28 85 5 0 36 69 90 5 54 51 5 94 74 85 8 70 23 17 74 52
 29 51 64 64 0 76 48 88 45 58 93 12 79 67 72 5 51 91 38 68
 92 44 36 31 24 0 98 94 60 80 42 32 65 8 38 72 82 98 30 25
 59 96 81 10 52 2 0 77 96 70 90 38 38 60 58 55 98 0 90 69
 59 54 56 95 12 6 23 0 97 33 54 43 57 64 59 20 98 62 47 0
 41 14 12 46 55 40 4 3 0 48 89 80 64 91 14 3 53 14 81 61
 73 13 56 49 42 20 30 67 52 0 57 51 46 7 34 35 98 66 38 41
 95 36 97 95 7 58 10 46 11 43 0 2 50 44 78 36 44 84 66 46
 97 61 22 6 88 68 62 57 20 49 98 0 26 52 45 52 34 83 31 70
 16 86 95 26 21 35 62 43 36 54 50 74 0 4 82 19 0 30 21 48
 34 72 77 15 33 92 40 36 9 93 56 48 96 0 7 44 97 4 26 80
 23 47 8 92 28 62 42 41 86 66 22 55 18 93 0 62 40 37 37 76
 7 90 1 30 95 28 45 80 97 65 64 48 81 56 38 0 9 9 0 26
 27 77 33 77 49 18 2 2 47 2 56 66 100 3 60 91 0 6 14 75
 90 100 39 83 9 2 100 38 86 34 16 17 70 96 63 91 94 0 59 76
 49 26 52 26 62 70 10 53 19 62 34 69 79 74 63 100 86 41 0 25
 94 35 85 48 32 75 31 100 39 59 54 30 52 20 24 74 25 24 75 0
