40

 0 0 5 64 92 35 72 65 94 72 91 54 23 24 65 27 10 15 60 97 29 92 10 10 50 21 32 24 4 14 60 72 19 33 70 87 62 8 96 8
 26 0 17 66 0 54 85 55 2 93 97 89 90 24 12 54 30 76 53 87 85 77 36 34 43 36 54 71 91 7 6 56 5 62 33 96 62 4 47 92
 0 33 0 19 63 44 81 31 20 0 94 16 84 54 3 49 56 0 60 56 67 9 43 97 23 39 75 1 54 14 1 1 25 59 25 4 32 13 47 64
 18 67 38 0 24 4 35 9 14 78 11 49 39 40 54 57 74 6 93 39 94 67 18 22 48 39 2 98 59 43 31 96 54 88 31 3 49 5 97 46
 39 72 78 53 0 89 94 87 15 18 10 4 82 54 51 77 97 68 82 42 67 27 88 80 80 47 54 9 63 75 51 5 38 18 42 37 98 27 99 51
 46 59 59 66 2 0 87 42 98 99 33 78 27 89 70 53 56 64 55 24 95 87 71 51 77 25 68 81 63 43 18 86 43 99 63 22 66 18 74 93
 27 57 9 4 78 17 0 59 79 59 2 51 34 31 55 97 55 80 32 23 60 59 94 34 25 71 23 3 96 62 2 81 29 79 48 49 83 24 87 18
 12 45 33 7 1 42 71 0 75 83 56 56 64 64 63 83 93 58 11 16 45 22 72 97 25 68 3 49 88 22 78 55 77 65 86 82 89 63 93 85
 51 25 76 51 52 99 90 37 0 39 57 62 48 46 9 26 59 0 15 60 19 1 0 22 68 82 36 69 99 43 70 56 9 79 55 93 29 54 61 61
 10 50 8 48 96 43 64 66 64 0 85 67 99 71 88 66 23 41 49 75 70 50 85 63 10 48 15 56 94 75 83 64 29 42 31 0 44 4 28 28
 96 74 22 80 46 85 58 42 74 26 0 41 38 65 3 91 93 94 29 95 66 40 59 46 10 47 29 72 3 57 96 82 41 15 31 45 36 85 32 40
 93 34 85 44 26 77 29 98 97 69 64 0 25 15 56 54 66 78 20 87 75 19 88 79 41 33 89 57 44 39 98 34 96 71 38 88 96 75 52 73
 16 81 39 36 25 24 10 12 21 13 9 74 0 63 58 68 55 46 69 94 69 85 47 66 27 2 58 78 3 76 31 62 50 63 49 95 7 32 45 29
 46 17 15 98 77 19 92 76 43 21 32 59 70 0 82 32 37 46 17 39 14 47 87 24 99 41 73 17 68 71 92 4 89 2 56 71 36 44 90 10
 54 69 10 7 43 57 85 54 15 71 60 8 52 93 0 23 8 40 13 12 12 31 16 98 31 88 67 99 27 16 42 0 25 74 26 2 58 6 85 94
 99 40 79 32 55 63 78 85 52 82 46 74 69 56 19 0 8 47 93 18 30 93 31 52 85 7 89 80 57 8 37 91 13 11 7 36 6 5 39 58
 80 44 80 80 95 62 27 88 34 27 44 58 48 68 19 21 0 92 37 81 80 15 50 80 11 84 10 8 33 86 22 41 28 45 2 77 24 28 15 29
 26 77 47 12 0 72 57 31 77 7 48 75 36 73 85 75 31 0 65 21 66 70 97 30 97 50 53 2 63 34 22 33 38 42 71 84 33 61 57 5
 58 91 16 71 93 85 37 85 89 78 95 9 41 91 90 24 63 86 0 79 5 62 28 12 49 30 70 62 59 22 93 36 27 40 94 72 47 8 52 86
 91 32 10 56 85 29 90 21 8 7 66 98 94 66 84 81 17 95 19 0 94 27 74 2 4 94 25 81 41 29 83 72 33 92 4 11 25 41 29 93
 6 73 95 11 69 26 61 57 5 28 88 59 0 46 11 46 47 84 33 66 0 81 53 12 39 24 4 95 89 21 87 1 90 63 1 71 4 14 17 78
 72 6 16 82 13 52 38 44 9 44 42 77 92 1 51 68 3 19 48 20 59 0 73 73 86 34 61 7 51 93 67 31 44 21 24 75 6 6 90 90
 67 82 35 21 60 70 78 17 57 95 18 19 45 24 1 79 83 43 7 19 99 63 0 11 70 60 42 82 21 18 22 87 40 29 9 19 64 71 10 0
 39 98 98 95 90 81 82 2 50 12 96 88 72 15 38 3 1 18 94 19 32 98 98 0 69 93 22 46 49 64 43 19 74 98 48 60 15 88 45 33
 49 66 92 66 35 61 13 84 0 74 49 31 64 97 11 57 85 21 14 58 71 33 74 20 0 33 53 83 69 1 96 91 17 10 66 49 19 92 50 18
 12 71 77 21 44 79 74 50 1 70 10 72 52 53 91 41 15 95 37 7 90 19 71 23 71 0 41 45 57 61 12 44 8 52 68 74 23 99 78 50
 27 87 77 98 52 19 97 82 74 47 23 59 25 98 31 7 37 60 83 21 15 71 6 34 21 12 0 57 29 24 95 64 92 89 14 29 62 63 63 76
 19 43 64 40 3 98 21 34 86 56 7 84 82 8 83 94 91 47 75 56 34 71 68 76 11 61 55 0 41 87 2 42 15 55 90 17 44 38 32 10
 29 68 0 38 28 33 11 20 82 28 89 71 40 48 2 12 5 25 23 8 0 54 32 95 44 22 97 54 0 32 22 3 13 79 78 82 31 22 0 87
 15 97 92 32 72 13 7 7 35 32 95 91 39 99 62 67 19 67 20 38 14 39 57 56 67 17 86 26 31 0 75 17 89 91 8 40 0 31 78 14
 81 94 59 1 69 57 83 66 83 93 13 40 42 20 52 8 92 6 7 87 82 27 52 68 40 87 48 60 46 49 0 44 40 96 96 54 65 30 69 23
 52 68 59 92 10 46 59 47 88 1 79 90 56 32 68 4 3 10 38 97 52 76 67 35 51 1 14 42 42 80 13 0 28 23 55 13 26 23 46 44
 45 43 57 67 65 34 60 38 21 24 46 80 13 15 30 64 84 21 99 60 64 6 54 84 81 87 78 2 74 82 23 68 0 95 87 30 15 61 62 82
 22 79 59 88 10 67 99 5 76 50 4 10 21 20 25 96 88 2 58 0 25 79 41 3 61 30 98 63 71 53 50 54 69 0 49 38 49 98 8 82
 73 48 42 61 76 77 41 84 87 62 59 5 85 41 73 56 82 68 72 90 4 65 29 28 5 1 29 26 94 77 88 77 16 50 0 92 3 20 70 74
 49 4 12 85 0 19 86 43 55 60 1 92 69 19 63 31 18 74 75 66 84 24 90 59 79 88 67 25 54 22 20 94 40 75 38 0 64 80 1 99
 95 45 48 21 54 47 61 57 81 16 84 12 53 1 50 54 14 57 59 75 10 89 38 67 84 72 36 1 54 73 57 1 7 3 76 66 0 27 95 62
 84 66 2 16 55 6 19 96 11 3 33 39 60 94 89 82 64 33 12 42 55 32 49 16 67 13 36 79 50 58 80 42 1 3 71 90 47 0 69 27
 58 61 32 76 0 77 61 71 66 94 78 75 53 2 78 28 20 32 7 10 8 19 39 93 49 33 83 28 54 77 96 35 97 58 5 30 12 42 0 2
 28 5 40 58 69 47 93 66 44 59 52 52 87 74 72 69 26 62 36 13 20 23 17 42 90 22 21 33 93 72 61 37 76 96 96 48 67 47 24 0
