50

 0 46 9 7 24 2 35 51 36 39 19 13 96 28 98 94 61 43 60 36 80 68 9 50 8 82 28 3 3 68 8 34 23 3 40 9 17 99 13 66 51 79 85 33 54 16 8 60 3 11
 54 0 50 42 65 34 17 0 63 88 15 14 94 52 31 55 44 84 65 87 14 39 72 18 1 86 99 13 62 68 92 86 80 17 13 71 39 25 64 53 74 1 67 31 20 97 20 18 72 12
 91 50 0 46 30 96 26 73 32 94 51 67 31 58 81 45 46 65 97 27 28 65 24 27 39 94 57 59 29 58 29 17 93 82 0 19 64 40 23 71 61 16 77 8 26 18 2 62 82 17
 93 58 54 0 40 83 42 17 52 22 86 6 97 38 5 68 54 42 27 58 7 41 35 73 60 71 51 36 6 0 14 2 39 17 22 33 2 60 34 68 42 76 17 77 0 64 34 51 24 66
 76 35 70 60 0 27 4 14 3 86 39 10 77 92 61 33 54 71 91 22 65 54 54 55 72 15 12 86 41 16 11 93 24 76 31 91 73 98 7 45 48 84 98 25 43 37 4 0 44 89
 98 66 4 17 73 0 15 53 55 8 91 47 39 23 98 49 53 16 20 60 59 58 14 39 45 30 37 9 67 21 1 28 8 95 60 57 8 17 47 22 64 88 77 51 12 50 40 41 69 11
 65 83 74 58 96 85 0 12 1 89 45 48 52 45 74 88 28 49 37 90 80 37 2 78 7 99 3 10 47 26 75 60 72 18 27 46 40 98 73 64 22 61 87 5 70 55 7 34 52 17
 49 100 27 83 86 47 88 0 89 17 20 52 14 91 81 64 34 31 35 0 13 99 53 80 19 7 87 65 27 72 94 75 11 26 16 69 33 36 56 19 22 93 89 4 86 40 80 66 97 77
 64 37 68 48 97 45 99 11 0 29 93 58 35 18 22 18 41 94 33 90 19 78 27 83 3 60 23 27 69 58 91 30 46 24 74 11 66 6 87 26 91 9 60 53 55 54 73 93 31 5
 61 12 6 78 14 92 11 83 71 0 86 33 11 30 51 92 17 68 18 8 22 54 16 74 12 21 13 75 7 59 79 52 57 8 8 22 63 36 79 45 36 91 86 24 28 87 92 92 4 39
 81 85 49 14 61 9 55 80 7 14 0 55 96 11 48 67 1 7 35 52 23 65 93 94 92 36 46 18 99 81 88 74 75 37 45 95 36 68 8 50 49 84 77 86 39 62 80 96 83 4
 87 86 33 94 90 53 52 48 42 67 45 0 19 51 56 75 84 3 10 20 72 51 88 96 0 75 21 73 65 7 49 99 1 63 47 63 56 37 34 58 66 26 17 89 12 58 63 35 4 19
 4 6 69 3 23 61 48 86 65 89 4 81 0 71 53 67 62 51 81 24 39 13 8 66 6 49 88 81 83 6 7 36 94 87 39 44 76 44 79 26 12 94 58 45 75 43 39 45 66 38
 72 48 42 62 8 77 55 9 82 70 89 49 29 0 48 39 10 80 95 95 81 94 57 9 48 59 38 1 94 38 50 2 31 32 11 84 12 77 40 50 17 69 1 70 29 83 83 45 31 69
 2 69 19 95 39 2 26 19 78 49 52 44 47 52 0 43 37 46 10 83 62 76 60 3 66 11 74 65 84 31 33 80 1 26 54 54 0 74 67 24 63 9 55 76 99 16 38 38 51 37
 6 45 55 32 67 51 12 36 82 8 33 25 33 61 57 0 44 94 75 20 65 13 94 63 60 95 19 46 11 98 73 34 84 45 41 28 65 43 32 62 26 79 15 15 38 68 39 6 17 63
 39 56 54 46 46 47 72 66 59 83 99 16 38 90 63 56 0 6 29 18 16 90 42 80 74 44 14 77 65 14 44 67 17 58 16 57 56 87 43 29 92 72 30 23 48 68 46 57 76 90
 57 16 35 58 29 84 51 69 6 32 93 97 49 20 54 6 94 0 0 11 59 21 79 86 43 84 4 88 59 7 79 57 20 91 26 28 37 34 64 45 40 15 65 73 33 88 46 72 11 31
 40 35 3 73 9 80 63 65 67 82 65 90 19 5 90 25 71 100 0 41 33 33 32 19 5 30 94 53 34 25 48 22 7 83 68 91 21 69 91 93 28 83 65 85 25 92 19 28 10 18
 64 13 73 42 78 40 10 100 10 92 48 80 76 5 17 80 82 89 59 0 28 77 67 92 97 5 28 91 40 11 25 6 35 62 86 84 24 56 80 30 21 29 10 87 78 54 16 31 37 15
 20 86 72 93 35 41 20 87 81 78 77 28 61 19 38 35 84 41 67 72 0 70 30 2 12 81 22 37 84 30 39 75 92 43 40 6 73 92 50 76 87 83 70 24 38 18 63 38 0 78
 32 61 35 59 46 42 63 1 22 46 35 49 87 6 24 87 10 79 67 23 30 0 39 8 72 10 14 44 92 25 10 32 20 12 84 42 58 33 0 6 77 96 67 85 73 59 21 57 80 53
 91 28 76 65 46 86 98 47 73 84 7 12 92 43 40 6 58 21 68 33 70 61 0 68 76 7 94 24 32 59 57 51 72 65 58 42 63 59 10 8 0 92 8 56 57 94 14 54 44 66
 50 82 73 27 45 61 22 20 17 26 6 4 34 91 97 37 20 14 81 8 98 92 32 0 86 18 24 47 12 18 25 71 25 72 17 90 93 32 41 21 2 70 23 50 66 65 84 32 39 19
 92 99 61 40 28 55 93 81 97 88 8 100 94 52 34 40 26 57 95 3 88 28 24 14 0 50 20 49 54 45 75 37 98 0 70 35 56 49 10 70 56 46 45 37 89 78 98 24 72 41
 18 14 6 29 85 70 1 93 40 79 64 25 51 41 89 5 56 16 70 95 19 90 93 82 50 0 11 66 58 57 35 82 4 14 72 62 53 86 43 42 1 3 48 23 62 12 92 75 72 59
 72 1 43 49 88 63 97 13 77 87 54 79 12 62 26 81 86 96 6 72 78 86 6 76 80 89 0 81 50 16 39 29 13 64 43 42 65 68 64 64 57 32 73 90 55 65 13 76 61 75
 97 87 41 64 14 91 90 35 73 25 82 27 19 99 35 54 23 12 47 9 63 56 76 53 51 34 19 0 74 6 49 88 29 36 78 15 0 87 41 87 29 58 63 8 76 83 75 20 77 76
 97 38 71 94 59 33 53 73 31 93 1 35 17 6 16 89 35 41 66 60 16 8 68 88 46 42 50 26 0 60 61 73 10 39 85 72 47 82 55 6 31 88 29 48 36 27 25 39 54 33
 32 32 42 100 84 79 74 28 42 41 19 93 94 62 69 2 86 93 75 89 70 75 41 82 55 43 84 94 40 0 67 94 9 96 38 45 21 42 37 87 46 16 82 78 64 12 34 74 1 32
 92 8 71 86 89 99 25 6 9 21 12 51 93 50 67 27 56 21 52 75 61 90 43 75 25 65 61 51 39 33 0 71 98 97 68 91 67 32 68 75 30 93 83 34 20 88 65 33 85 29
 66 14 83 98 7 72 40 25 70 48 26 1 64 98 20 66 33 43 78 94 25 68 49 29 63 18 71 12 27 6 29 0 35 97 85 82 36 16 39 78 70 59 41 32 48 40 42 36 27 67
 77 20 7 61 76 92 28 89 54 43 25 99 6 69 99 16 83 80 93 65 8 80 28 75 2 96 87 71 90 91 2 65 0 77 36 84 58 82 37 76 99 66 45 45 71 87 31 34 23 25
 97 83 18 83 24 5 82 74 76 92 63 37 13 68 74 55 42 9 17 38 57 88 35 28 100 86 36 64 61 4 3 3 23 0 78 24 25 37 90 68 29 83 75 31 72 94 76 80 11 56
 60 87 100 78 69 40 73 84 26 92 55 53 61 89 46 59 84 74 32 14 60 16 42 83 30 28 57 22 15 62 32 15 64 22 0 26 76 74 70 71 32 18 47 57 36 63 15 91 60 64
 91 29 81 67 9 43 54 31 89 78 5 37 56 16 46 72 43 72 9 16 94 58 58 10 65 38 58 85 28 55 9 18 16 76 74 0 49 46 34 54 8 79 79 59 70 82 23 27 34 9
 83 61 36 98 27 92 60 67 34 37 64 44 24 88 100 35 44 63 79 76 27 42 37 7 44 47 35 100 53 79 33 64 42 75 24 51 0 29 46 82 49 87 35 85 30 89 16 5 57 70
 1 75 60 40 2 83 2 64 94 64 32 63 56 23 26 57 13 66 31 44 8 67 41 68 51 14 32 13 18 58 68 84 18 63 26 54 71 0 83 31 3 6 15 96 46 50 95 18 6 18
 87 36 77 66 93 53 27 44 13 21 92 66 21 60 33 68 57 36 9 20 50 100 90 59 90 57 36 59 45 63 32 61 63 10 30 66 54 17 0 97 67 61 15 96 44 22 97 33 32 51
 34 47 29 32 55 78 36 81 74 55 50 42 74 50 76 38 71 55 7 70 24 94 92 79 30 58 36 13 94 13 25 22 24 32 29 46 18 69 3 0 83 4 19 58 34 12 87 8 94 17
 49 26 39 58 52 36 78 78 9 64 51 34 88 83 37 74 8 60 72 79 13 23 100 98 44 99 43 71 69 54 70 30 1 71 68 92 51 97 33 17 0 79 57 43 17 88 68 84 62 23
 21 99 84 24 16 12 39 7 91 9 16 74 6 31 91 21 28 85 17 71 17 4 8 30 54 97 68 42 12 84 7 41 34 17 82 21 13 94 39 96 21 0 82 43 46 83 99 40 73 38
 15 33 23 83 2 23 13 11 40 14 23 83 42 99 45 85 70 35 35 90 30 33 92 77 55 52 27 37 71 18 17 59 55 25 53 21 65 85 85 81 43 18 0 85 4 77 70 12 79 9
 67 69 92 23 75 49 95 96 47 76 14 11 55 30 24 85 77 27 15 13 76 15 44 50 63 77 10 92 52 22 66 68 55 69 43 41 15 4 4 42 57 57 15 0 37 49 22 18 80 50
 46 80 74 100 57 88 30 14 45 72 61 88 25 71 1 62 52 67 75 22 62 27 43 34 11 38 45 24 64 36 80 52 29 28 64 30 70 54 56 66 83 54 96 63 0 53 84 95 81 50
 84 3 82 36 63 50 45 60 46 13 38 42 57 17 84 32 32 12 8 46 82 41 6 35 22 88 35 17 73 88 12 60 13 6 37 18 11 50 78 88 12 17 23 51 47 0 49 21 11 58
 92 80 98 66 96 60 93 20 27 8 20 37 61 17 62 61 54 54 81 84 37 79 86 16 2 8 87 25 75 66 35 58 69 24 85 77 84 5 3 13 32 1 30 78 16 51 0 64 39 25
 40 82 38 49 100 59 66 34 7 8 4 65 55 55 62 94 43 28 72 69 62 43 46 68 76 25 24 80 61 26 67 64 66 20 9 73 95 82 67 92 16 60 88 82 5 79 36 0 58 57
 97 28 18 76 56 31 48 3 69 96 17 96 34 69 49 83 24 89 90 63 100 20 56 61 28 28 39 23 46 99 15 73 77 89 40 66 43 94 68 6 38 27 21 20 19 89 61 42 0 52
 89 88 83 34 11 89 83 23 95 61 96 81 62 31 63 37 10 69 82 85 22 47 34 81 59 41 25 24 67 68 71 33 75 44 36 91 30 82 49 83 77 62 91 50 50 42 75 43 48 0
