30

 0 83 56 65 73 97 44 17 44 34 89 66 43 38 55 59 47 63 12 0 27 43 54 76 35 46 44 79 53 56
 1 0 8 87 44 38 45 29 1 77 78 69 0 27 35 63 88 72 38 26 56 34 22 54 78 76 66 94 14 18
 8 59 0 69 57 79 13 35 48 67 69 36 22 38 84 73 55 99 58 27 61 16 4 77 3 32 76 69 34 72
 97 74 86 0 65 1 63 95 31 42 83 97 66 95 72 74 46 17 63 95 31 31 74 3 45 25 0 66 20 75
 26 6 78 90 0 47 96 75 40 50 28 18 68 77 27 84 58 4 74 85 75 39 31 30 56 30 4 55 13 2
 7 45 45 47 77 0 92 96 8 45 34 36 52 41 26 2 66 90 40 58 75 25 24 95 9 29 57 37 88 46
 29 55 64 83 76 2 0 19 79 9 21 18 3 93 17 99 91 38 69 56 85 67 17 71 81 3 24 32 26 2
 87 39 29 98 76 38 38 0 70 35 0 56 37 29 11 56 65 94 65 26 75 92 47 85 62 45 35 23 54 21
 36 76 44 7 19 47 64 54 0 96 48 23 75 82 53 22 32 86 87 61 46 20 94 68 12 35 77 54 26 75
 19 51 18 77 93 53 83 81 72 0 45 67 98 58 52 86 16 96 13 34 11 4 89 22 50 59 72 88 87 27
 96 92 80 87 39 23 2 82 55 86 0 60 2 37 26 2 58 52 2 64 39 71 53 2 80 93 84 30 80 54
 78 77 78 96 81 69 80 63 35 10 10 0 86 42 10 35 17 35 80 2 44 0 37 64 39 64 66 81 92 41
 23 74 13 91 53 79 88 95 94 84 99 61 0 15 24 28 8 58 77 79 90 28 56 75 11 45 82 19 8 71
 5 77 24 76 86 83 0 53 63 75 94 54 69 0 87 68 49 77 23 81 69 96 96 68 66 72 20 31 69 33
 69 68 24 13 0 91 56 59 49 83 26 33 23 49 0 55 52 56 86 49 45 53 1 51 98 89 37 5 41 71
 99 60 49 6 64 51 54 31 22 33 94 42 60 78 34 0 59 85 90 88 86 36 23 43 22 27 8 38 77 27
 50 89 18 23 67 60 99 84 60 17 60 20 47 49 17 8 0 85 41 61 54 5 48 63 68 1 60 25 16 25
 87 53 38 26 59 44 43 40 6 58 15 49 65 39 60 41 53 0 98 31 32 86 71 52 96 1 98 32 43 70
 18 94 45 72 75 23 87 57 12 66 42 35 27 12 67 25 96 24 0 98 5 89 56 21 50 87 14 90 34 55
 30 16 34 60 45 77 49 18 2 68 16 13 9 72 44 87 84 75 25 0 10 86 69 54 6 4 16 35 95 27
 49 35 21 35 19 68 90 73 50 11 36 54 56 70 61 80 59 56 73 94 0 10 16 82 0 77 6 39 74 75
 53 43 32 20 22 71 99 53 48 62 62 81 15 32 64 92 94 52 88 25 67 0 84 11 71 61 93 4 48 92
 23 68 13 25 76 88 3 22 29 80 87 87 32 31 84 47 65 86 16 88 73 10 0 45 43 58 32 87 71 44
 61 27 78 79 87 33 91 47 57 65 87 1 91 78 54 67 37 61 87 62 22 0 18 0 15 64 5 15 49 66
 82 87 20 62 17 19 11 32 96 1 22 80 63 1 12 9 4 84 21 37 89 16 98 7 0 35 41 50 67 5
 70 15 93 5 41 32 26 75 96 33 4 42 82 48 17 31 13 53 11 42 63 10 71 84 90 0 78 54 31 27
 96 48 4 92 86 71 58 62 3 21 3 33 34 57 58 96 79 46 6 10 63 32 19 53 42 24 0 27 38 45
 85 42 21 97 55 13 71 10 99 27 49 48 43 5 38 41 98 65 63 82 44 37 8 96 63 89 26 0 87 8
 5 23 21 17 77 87 48 2 31 41 33 63 97 96 93 21 22 94 36 78 81 33 51 79 16 56 94 51 0 21
 4 42 29 51 22 18 55 7 21 72 92 70 73 22 46 50 1 47 89 49 69 99 18 33 29 50 93 18 36 0
