30

 0 2 26 71 74 63 92 68 98 99 0 86 13 53 0 69 58 33 79 3 25 85 34 89 81 47 32 1 57 17
 23 0 36 84 46 36 97 37 10 49 8 8 86 93 70 17 44 20 33 87 9 67 94 7 69 75 24 24 15 4
 53 97 0 18 8 49 47 11 36 3 21 97 9 89 87 24 73 83 49 67 71 65 48 59 77 46 26 70 92 96
 75 58 53 0 69 64 59 19 36 22 74 81 97 13 31 46 2 29 96 15 6 70 79 59 73 29 44 99 44 9
 87 51 95 14 0 66 6 34 98 58 18 85 91 0 57 63 46 49 82 19 3 12 39 80 30 13 72 50 57 56
 92 94 35 77 39 0 58 99 8 1 23 21 35 56 1 71 12 88 19 46 93 94 19 48 80 70 2 24 36 24
 32 98 71 93 42 58 0 16 73 26 27 57 62 80 84 19 26 93 26 64 48 65 41 57 62 7 93 49 21 40
 81 25 9 1 34 32 26 0 34 73 40 27 85 72 86 79 0 3 39 35 37 16 30 56 94 34 33 25 47 93
 29 38 56 98 90 92 98 89 0 39 99 60 26 85 56 98 95 13 5 55 6 42 45 33 30 43 19 33 93 86
 4 89 93 83 4 15 67 48 87 0 13 1 50 85 27 35 0 90 92 69 68 38 22 62 77 20 65 36 37 91
 79 24 32 17 78 74 87 89 28 44 0 46 75 48 82 48 68 15 89 41 86 81 53 30 57 38 58 66 67 42
 77 2 55 92 99 19 62 74 44 38 89 0 41 85 69 55 45 63 92 79 4 24 29 91 55 50 9 91 13 24
 52 70 9 92 23 63 23 52 75 26 66 80 0 60 69 57 20 57 74 76 86 51 76 56 45 21 20 58 17 61
 3 19 60 43 58 77 80 93 89 88 64 61 56 0 4 73 37 88 55 0 89 6 83 79 6 10 77 33 97 94
 96 82 80 30 75 48 88 99 78 2 73 99 79 35 0 0 34 40 39 10 54 37 11 85 40 51 92 38 27 50
 97 48 21 51 0 70 19 13 77 13 95 45 48 49 16 0 74 92 45 51 59 95 6 53 56 58 45 17 74 85
 0 46 54 50 59 10 72 27 31 79 67 47 4 96 61 1 0 92 55 84 96 62 61 26 80 10 14 11 23 93
 38 65 87 22 67 41 12 55 97 18 29 36 85 61 69 15 69 0 92 65 20 12 18 32 17 90 90 74 20 89
 79 25 71 76 61 87 90 81 30 0 96 5 24 2 73 54 48 59 0 75 29 66 37 97 29 25 25 82 81 15
 12 19 97 4 6 38 68 68 15 98 96 23 7 78 73 6 21 34 85 0 28 82 64 59 17 26 3 59 95 58
 62 61 3 53 5 29 83 11 18 95 43 69 97 89 92 38 28 65 47 9 0 68 44 71 39 71 93 76 69 70
 45 9 15 23 10 80 66 9 27 63 92 25 68 30 95 88 76 46 8 41 73 0 33 83 48 16 13 13 5 53
 15 65 64 89 31 72 70 77 80 69 95 5 65 57 57 12 44 5 75 99 42 41 0 13 64 55 4 41 47 14
 20 89 52 69 72 99 16 35 84 38 31 44 3 5 50 39 32 2 45 32 60 67 28 0 23 31 2 45 10 20
 96 38 99 8 26 77 25 52 93 6 98 16 90 13 0 32 28 64 85 93 85 71 62 63 0 71 94 42 38 13
 65 21 83 58 54 84 26 30 60 0 88 3 87 11 2 59 12 19 89 91 85 19 46 96 91 0 85 75 63 62
 49 53 61 17 0 56 71 90 82 24 86 86 91 75 43 70 23 6 94 1 51 56 73 46 94 63 0 75 16 86
 34 62 40 75 87 91 92 57 5 32 93 20 82 96 19 35 56 7 45 17 70 42 25 95 71 57 39 0 37 88
 7 98 93 2 11 74 73 16 66 9 91 17 99 73 16 96 18 14 5 61 19 76 0 51 11 91 8 63 0 47
 33 63 92 72 80 52 63 49 67 65 6 87 71 63 80 87 6 66 67 16 36 0 39 73 13 55 46 42 12 0
