40

 0 48 78 53 8 47 99 91 5 7 90 72 50 75 88 25 3 35 59 12 83 66 28 3 53 93 36 25 56 0 49 11 75 16 26 64 85 54 20 38
 52 0 44 3 39 20 39 60 47 35 69 51 94 41 0 15 58 96 87 98 78 12 15 96 85 25 73 78 38 2 89 46 16 59 15 67 8 78 68 57
 22 56 0 78 29 4 92 13 74 82 49 41 55 29 56 76 75 67 74 21 27 82 50 79 98 68 65 28 25 1 91 93 47 64 86 63 82 52 96 78
 47 97 22 0 97 79 18 66 38 20 3 27 85 45 89 72 37 43 25 99 48 93 6 39 20 88 71 19 24 41 73 68 77 66 31 76 90 86 9 4
 92 61 71 3 0 69 84 66 6 85 1 54 54 70 52 90 68 35 11 31 17 80 59 57 56 72 58 9 82 93 65 75 43 25 79 39 28 53 93 38
 53 80 96 21 31 0 50 94 83 62 99 39 68 6 79 19 11 23 14 44 53 99 4 67 82 64 37 72 16 94 5 67 39 16 3 53 50 48 90 56
 1 61 8 82 16 50 0 5 21 83 32 47 72 27 61 81 49 35 79 52 95 20 39 46 32 31 11 12 86 77 24 7 76 84 35 98 90 17 21 74
 9 40 87 34 34 6 95 0 97 81 6 64 44 91 18 65 20 99 59 48 78 91 20 66 93 11 38 9 51 14 66 45 15 70 46 70 35 90 96 94
 95 53 26 62 94 17 79 3 0 33 28 64 28 34 58 98 14 83 55 13 29 24 46 75 38 91 73 92 12 16 19 1 38 23 36 74 28 83 29 99
 93 65 18 80 15 38 17 19 67 0 47 11 10 70 26 21 85 36 54 54 32 57 58 53 79 46 65 61 7 16 21 10 2 69 99 0 71 84 96 58
 10 31 51 97 99 1 68 94 72 53 0 69 52 53 31 28 40 61 93 21 50 86 74 75 59 93 74 42 46 71 24 11 32 11 4 56 75 22 60 87
 28 49 59 73 46 61 53 36 36 89 31 0 2 17 29 54 84 1 94 84 1 0 21 67 43 26 51 68 15 33 88 83 64 90 46 86 6 88 71 66
 50 6 45 15 46 32 28 56 72 90 48 98 0 67 70 7 0 71 45 31 48 0 13 21 6 96 93 50 7 36 92 72 15 87 18 61 8 12 89 15
 25 59 71 55 30 94 73 9 66 30 47 83 33 0 66 88 29 90 52 27 86 65 75 1 2 46 46 21 19 11 38 38 26 82 26 19 3 56 66 41
 12 100 44 11 48 21 39 82 42 74 69 71 30 34 0 68 10 1 94 71 37 2 11 4 2 55 94 69 87 41 10 38 89 40 43 7 65 7 29 81
 75 85 24 28 10 81 19 35 2 79 72 46 93 12 32 0 90 98 76 36 41 67 59 23 63 76 42 18 5 94 95 74 35 80 57 18 62 66 57 12
 97 42 25 63 32 89 51 80 86 15 60 16 100 71 90 10 0 8 68 61 36 93 22 76 1 79 78 47 65 88 36 68 94 21 45 88 15 48 55 33
 65 4 33 57 65 77 65 1 17 64 39 99 29 10 99 2 92 0 30 57 15 38 57 27 59 82 66 12 92 76 54 7 29 7 80 98 35 65 53 86
 41 13 26 75 89 86 21 41 45 46 7 6 55 48 6 24 32 70 0 45 49 73 97 68 19 94 47 82 50 43 7 73 3 49 0 12 15 90 97 95
 88 2 79 1 69 56 48 52 87 46 79 16 69 73 29 64 39 43 55 0 43 89 91 37 60 12 96 74 50 11 51 8 43 3 19 98 15 77 26 1
 17 22 73 52 83 47 5 22 71 68 50 99 52 14 63 59 64 85 51 57 0 96 49 59 90 28 3 90 43 87 81 17 25 6 12 93 15 80 48 33
 34 88 18 7 20 1 80 9 76 43 14 100 100 35 98 33 7 62 27 11 4 0 20 69 92 72 44 21 56 19 42 20 15 54 62 48 23 23 20 77
 72 85 50 94 41 96 61 80 54 42 26 79 87 25 89 41 78 43 3 9 51 80 0 7 47 88 57 96 71 82 78 91 59 17 79 27 86 17 19 68
 97 4 21 61 43 33 54 34 25 47 25 33 79 99 96 77 24 73 32 63 41 31 93 0 86 72 90 55 19 59 68 79 19 81 9 86 77 77 2 91
 47 15 2 80 44 18 68 7 62 21 41 57 94 98 98 37 99 41 81 40 10 8 53 14 0 63 96 38 57 99 74 52 96 13 47 39 24 67 81 85
 7 75 32 12 28 36 69 89 9 54 7 74 4 54 45 24 21 18 6 88 72 28 12 28 37 0 12 39 7 10 68 92 94 46 73 60 0 80 39 42
 64 27 35 29 42 63 89 62 27 35 26 49 7 54 6 58 22 34 53 4 97 56 43 10 4 88 0 66 20 64 39 94 60 46 67 48 53 55 14 94
 75 22 72 81 91 28 88 91 8 39 58 32 50 79 31 82 53 88 18 26 10 79 4 45 62 61 34 0 76 87 81 54 77 74 86 38 4 66 2 83
 44 62 75 76 18 84 14 49 88 93 54 85 93 81 13 95 35 8 50 50 57 44 29 81 43 93 80 24 0 91 91 42 63 62 78 31 66 94 40 52
 100 98 99 59 7 6 23 86 84 84 29 67 64 89 59 6 12 24 57 89 13 81 18 41 1 90 36 13 9 0 72 44 14 21 27 27 57 3 65 95
 51 11 9 27 35 95 76 34 81 79 76 12 8 62 90 5 64 46 93 49 19 58 22 32 26 32 61 19 9 28 0 92 98 59 49 7 3 88 64 0
 89 54 7 32 25 33 93 55 99 90 89 17 28 62 62 26 32 93 27 92 83 80 9 21 48 8 6 46 58 56 8 0 20 73 59 65 85 10 97 25
 25 84 53 23 57 61 24 85 62 98 68 36 85 74 11 65 6 71 97 57 75 85 41 81 4 6 40 23 37 86 2 80 0 95 65 52 13 80 88 52
 84 41 36 34 75 84 16 30 77 31 89 10 13 18 60 20 79 93 51 97 94 46 83 19 87 54 54 26 38 79 41 27 5 0 56 42 56 23 58 79
 74 85 14 69 21 97 65 54 64 1 96 54 82 74 57 43 55 20 100 81 88 38 21 91 53 27 33 14 22 73 51 41 35 44 0 11 5 58 9 35
 36 33 37 24 61 47 2 30 26 100 44 14 39 81 93 82 12 2 88 2 7 52 73 14 61 40 52 62 69 73 93 35 48 58 89 0 1 38 8 68
 15 92 18 10 72 50 10 65 72 29 25 94 92 97 35 38 85 65 85 85 85 77 14 23 76 100 47 96 34 43 97 15 87 44 95 99 0 96 74 49
 46 22 48 14 47 52 83 10 17 16 78 12 88 44 93 34 52 35 10 23 20 77 83 23 33 20 45 34 6 97 12 90 20 77 42 62 4 0 37 39
 80 32 4 91 7 10 79 4 71 4 40 29 11 34 71 43 45 47 3 74 52 80 81 98 19 61 86 98 60 35 36 3 12 42 91 92 26 63 0 67
 62 43 22 96 62 44 26 6 1 42 13 34 85 59 19 88 67 14 5 99 67 23 32 9 15 58 6 17 48 5 100 75 48 21 65 32 51 61 33 0
