40

 0 49 15 59 30 37 62 60 20 39 23 48 56 85 44 99 80 18 68 38 35 72 82 23 87 69 34 20 86 8 90 65 34 98 94 41 22 32 29 59
 51 0 16 82 25 74 70 26 61 70 68 46 95 62 3 90 28 21 45 17 83 59 76 37 12 79 50 87 45 73 18 47 40 86 11 15 22 45 64 68
 85 84 0 18 81 80 49 30 90 79 98 80 78 39 46 92 46 59 18 70 78 32 28 53 10 75 21 34 6 47 14 69 45 77 31 25 74 14 25 34
 41 18 82 0 18 61 19 93 28 72 47 85 46 96 17 29 17 87 65 19 90 80 40 17 68 61 26 63 12 27 94 61 11 28 72 53 29 19 3 84
 70 75 19 82 0 95 99 55 0 58 84 39 19 78 40 64 86 84 96 44 84 51 76 14 66 27 36 18 50 70 78 43 23 83 78 46 16 97 55 12
 63 26 20 39 5 0 19 51 17 68 7 99 97 76 72 35 79 95 77 9 39 91 32 74 42 60 76 23 86 94 10 18 69 39 96 53 27 86 10 31
 38 30 51 81 1 81 0 45 78 96 80 97 66 59 52 42 65 99 51 91 87 35 85 94 27 77 22 5 73 60 45 18 42 59 89 72 75 51 17 81
 40 74 70 7 45 49 55 0 15 19 68 5 37 2 43 7 95 89 94 0 95 53 75 20 55 41 4 87 62 91 40 61 13 41 92 39 32 3 47 84
 80 39 10 72 100 83 22 85 0 56 23 21 1 61 44 86 90 63 7 42 61 2 72 2 95 62 7 10 10 14 99 15 61 88 15 22 42 41 1 71
 61 30 21 28 42 32 4 81 44 0 49 16 23 6 70 85 15 37 39 84 53 28 50 26 31 91 26 50 79 32 91 68 99 36 62 24 2 83 30 30
 77 32 2 53 16 93 20 32 77 51 0 63 3 54 61 34 29 70 63 92 59 1 37 65 7 68 8 42 97 13 7 59 72 18 34 13 20 92 48 10
 52 54 20 15 61 1 3 95 79 84 37 0 91 97 81 60 16 65 46 36 32 98 23 72 81 13 54 6 29 79 81 30 24 64 48 82 8 52 97 9
 44 5 22 54 81 3 34 63 99 77 97 9 0 56 97 6 8 83 43 58 53 61 29 56 95 38 47 30 59 2 73 19 47 90 53 46 12 94 64 65
 15 38 61 4 22 24 41 98 39 94 46 3 44 0 81 48 80 21 80 16 25 27 25 17 24 4 17 62 95 20 51 7 16 42 28 61 20 8 55 42
 56 97 54 83 60 28 48 57 56 30 39 19 3 19 0 82 31 89 76 64 19 54 26 90 30 36 26 44 73 69 73 83 11 7 66 68 80 67 41 21
 1 10 8 71 36 65 58 93 14 15 66 40 94 52 18 0 1 94 63 72 54 8 27 87 41 90 24 91 86 14 64 91 42 58 96 93 47 39 50 55
 20 72 54 83 14 21 35 5 10 85 71 84 92 20 69 99 0 47 46 16 25 78 3 99 12 39 71 34 36 34 51 30 3 39 57 8 12 28 29 47
 82 79 41 13 16 5 1 11 37 63 30 35 17 79 11 6 53 0 47 71 9 7 50 43 88 20 72 98 53 29 96 37 76 58 17 92 0 4 35 56
 32 55 82 35 4 23 49 6 93 61 37 54 57 20 24 37 54 53 0 67 6 35 85 93 27 67 43 29 72 54 32 1 38 80 96 84 31 27 85 21
 62 83 30 81 56 91 9 100 58 16 8 64 42 84 36 28 84 29 33 0 53 68 0 69 45 29 68 15 15 89 68 80 6 21 13 65 31 6 19 0
 65 17 22 10 16 61 13 5 39 47 41 68 47 75 81 46 75 91 94 47 0 97 9 41 41 34 60 31 97 28 98 29 55 39 39 77 72 44 21 88
 28 41 68 20 49 9 65 47 98 72 99 2 39 73 46 92 22 93 65 32 3 0 33 7 77 80 20 38 30 64 60 35 28 80 2 40 96 40 44 32
 18 24 72 60 24 68 15 25 28 50 63 77 71 75 74 73 97 50 15 100 91 67 0 3 43 79 43 96 56 90 70 87 93 89 30 68 5 7 10 8
 77 63 47 83 86 26 6 80 98 74 35 28 44 83 10 13 1 57 7 31 59 93 97 0 48 14 6 81 85 67 57 93 50 96 96 96 13 63 71 7
 13 88 90 32 34 58 73 45 5 69 93 19 5 76 70 59 88 12 73 55 59 23 57 52 0 71 23 96 19 98 13 40 4 89 8 28 93 4 75 90
 31 21 25 39 73 40 23 59 38 9 32 87 62 96 64 10 61 80 33 71 66 20 21 86 29 0 79 68 52 78 8 99 67 61 10 34 12 72 46 28
 66 50 79 74 64 24 78 96 93 74 92 46 53 83 74 76 29 28 57 32 40 80 57 94 77 21 0 79 20 52 70 9 17 2 7 43 32 40 56 17
 80 13 66 37 82 77 95 13 90 50 58 94 70 38 56 9 66 2 71 85 69 62 4 19 4 32 21 0 86 22 50 15 71 11 92 86 92 79 31 46
 14 55 94 88 50 14 27 38 90 21 3 71 41 5 27 14 64 47 28 85 3 70 44 15 81 48 80 14 0 41 31 33 49 65 99 12 92 61 43 56
 92 27 53 73 30 6 40 9 86 68 87 21 98 80 31 86 66 71 46 11 72 36 10 33 2 22 48 78 59 0 31 69 80 1 5 20 69 81 72 36
 10 82 86 6 22 90 55 60 1 9 93 19 27 49 27 36 49 4 68 32 2 40 30 43 87 92 30 50 69 69 0 57 40 7 49 50 40 84 18 86
 35 53 31 39 57 82 82 39 85 32 41 70 81 93 17 9 70 63 99 20 71 65 13 7 60 1 91 85 67 31 43 0 35 78 90 84 93 94 1 61
 66 60 55 89 77 31 58 87 39 1 28 76 53 84 89 58 97 24 62 94 45 72 7 50 96 33 83 29 51 20 60 65 0 83 38 93 40 21 34 5
 2 14 23 72 17 61 41 59 12 64 82 36 10 58 93 42 61 42 20 79 61 20 11 4 11 39 98 89 35 99 93 22 17 0 84 15 47 0 67 64
 6 89 69 28 22 4 11 8 85 38 66 52 47 72 34 4 43 83 4 87 61 98 70 4 92 90 93 8 1 95 51 10 62 16 0 13 16 68 64 34
 59 85 75 47 54 47 28 61 78 76 87 18 54 39 32 7 92 8 16 35 23 60 32 4 72 66 57 14 88 80 50 16 7 85 87 0 82 89 44 73
 78 78 26 71 84 73 25 68 58 98 80 92 88 80 20 53 88 100 69 69 28 4 95 87 7 88 68 8 8 31 60 7 60 53 84 18 0 53 78 67
 68 55 86 81 3 14 49 97 59 17 8 48 6 92 33 61 72 96 73 94 56 60 93 37 96 28 60 21 39 19 16 6 79 100 32 11 47 0 29 22
 71 36 75 97 45 90 83 53 99 70 52 3 36 45 59 50 71 65 15 81 79 56 90 29 25 54 44 69 57 28 82 99 66 33 36 56 22 71 0 0
 41 32 66 16 88 69 19 16 29 70 90 91 35 58 79 45 53 44 79 100 12 68 92 93 10 72 83 54 44 64 14 39 95 36 66 27 33 78 100 0
