40

 0 7 86 54 11 93 50 27 52 3 58 68 69 10 60 93 72 51 88 14 59 75 57 39 93 64 82 5 89 53 11 48 65 6 85 98 13 81 7 52
 93 0 57 51 18 70 89 69 5 50 34 53 26 35 65 64 93 37 17 73 59 64 54 0 82 95 41 48 32 76 47 8 1 81 64 52 69 15 72 62
 14 43 0 79 93 81 74 92 57 44 6 34 30 64 39 68 91 19 64 8 46 68 67 88 94 65 58 61 81 24 24 93 2 76 98 47 68 24 80 38
 46 49 21 0 21 75 62 69 40 9 28 19 19 27 22 4 60 52 66 89 13 50 33 26 6 41 56 12 99 91 42 59 87 36 81 34 75 5 78 32
 89 82 7 79 0 11 27 34 54 73 35 87 83 34 76 23 85 65 28 63 63 74 51 72 37 48 84 38 21 11 95 73 83 75 75 62 18 38 76 67
 7 30 19 25 89 0 67 10 38 5 20 52 82 31 7 46 5 63 61 36 13 59 87 47 65 66 75 3 91 25 52 25 40 98 28 23 53 65 27 70
 50 11 26 38 73 33 0 61 60 47 33 25 80 20 95 67 15 97 0 37 23 65 95 76 26 15 17 53 50 91 94 84 86 9 84 3 85 73 21 98
 73 31 8 31 66 90 39 0 41 50 16 49 2 61 37 2 19 93 93 61 34 45 52 41 37 67 53 76 79 7 19 67 29 85 1 88 4 87 28 44
 48 95 43 60 46 62 40 59 0 97 4 48 19 29 29 23 99 51 19 70 37 48 71 16 45 47 49 44 32 54 57 19 1 32 64 73 85 63 61 89
 97 50 56 91 27 95 53 50 3 0 74 44 4 27 46 93 47 87 36 38 50 87 95 92 72 39 87 24 12 18 7 44 49 18 26 83 30 54 98 73
 42 66 94 72 65 80 67 84 96 26 0 68 91 53 53 35 52 90 67 17 50 25 78 41 54 44 1 85 97 69 39 14 71 6 55 85 53 63 47 15
 32 47 66 81 13 48 75 51 52 56 32 0 40 22 36 94 30 95 22 65 56 69 87 93 33 53 8 67 58 33 20 38 7 72 37 1 20 31 90 29
 31 74 70 81 17 18 20 98 81 96 9 60 0 6 74 97 50 60 6 48 32 51 10 39 29 17 42 47 53 58 74 98 26 91 72 79 9 16 64 76
 90 65 36 73 66 69 80 39 71 73 47 78 94 0 20 36 12 98 46 89 14 40 14 67 29 30 52 27 37 46 63 35 13 61 26 11 95 35 49 93
 40 35 61 78 24 93 5 63 71 54 47 64 26 80 0 95 4 30 65 96 4 99 89 23 73 66 9 64 21 0 82 62 23 92 3 54 68 58 8 82
 7 36 32 96 77 54 33 98 77 7 65 6 3 64 5 0 50 71 89 41 65 2 21 35 95 80 93 37 17 10 69 57 37 63 63 86 34 98 45 0
 28 7 9 40 15 95 85 81 1 53 48 70 50 88 96 50 0 26 16 54 19 41 62 78 23 0 72 44 79 46 0 81 29 53 88 38 21 91 25 36
 49 63 81 48 35 37 3 7 49 13 10 5 40 2 70 29 74 0 60 97 99 60 22 23 56 68 57 54 50 3 36 64 56 84 83 22 67 50 82 52
 12 83 36 34 72 39 100 7 81 64 33 78 94 54 35 11 84 40 0 34 80 90 52 89 78 90 3 32 77 78 57 59 93 90 40 95 12 4 21 13
 86 27 92 11 37 64 63 39 30 62 83 35 52 11 4 59 46 3 66 0 1 36 19 22 19 23 17 8 27 29 65 17 84 40 82 45 58 8 9 70
 41 41 54 87 37 87 77 66 63 50 50 44 68 86 96 35 81 1 20 99 0 79 67 24 36 74 36 34 94 48 70 8 87 44 54 64 31 36 27 84
 25 36 32 50 26 41 35 55 52 13 75 31 49 60 1 98 59 40 10 64 21 0 59 96 32 12 0 2 28 37 50 39 45 90 46 76 64 46 92 3
 43 46 33 67 49 13 5 48 29 5 22 13 90 86 11 79 38 78 48 81 33 41 0 75 56 30 19 43 44 36 85 68 78 17 62 82 49 94 60 60
 61 100 12 74 28 53 24 59 84 8 59 7 61 33 77 65 22 77 11 78 76 4 25 0 64 47 84 54 40 85 18 38 40 21 46 92 68 5 69 41
 7 18 6 94 63 35 74 63 55 28 46 67 71 71 27 5 77 44 22 81 64 68 44 36 0 19 34 74 61 67 33 21 79 90 3 60 43 13 77 39
 36 5 35 59 52 34 85 33 53 61 56 47 83 70 34 20 100 32 10 77 26 88 70 53 81 0 74 45 57 99 88 26 18 81 93 47 5 48 59 45
 18 59 42 44 16 25 83 47 51 13 99 92 58 48 91 7 28 43 97 83 64 100 81 16 66 26 0 80 41 63 78 12 89 46 4 77 1 58 61 98
 95 52 39 88 62 97 47 24 56 76 15 33 53 73 36 63 56 46 68 92 66 98 57 46 26 55 20 0 78 53 90 48 93 90 5 32 5 13 71 33
 11 68 19 1 79 9 50 21 68 88 3 42 47 63 79 83 21 50 23 73 6 72 56 60 39 43 59 22 0 87 77 35 78 28 48 31 48 59 4 31
 47 24 76 9 89 75 9 93 46 82 31 67 42 54 100 90 54 97 22 71 52 63 64 15 33 1 37 47 13 0 91 74 10 38 10 65 1 71 42 34
 89 53 76 58 5 48 6 81 43 93 61 80 26 37 18 31 100 64 43 35 30 50 15 82 67 12 22 10 23 9 0 51 70 0 46 69 41 82 80 63
 52 92 7 41 27 75 16 33 81 56 86 62 2 65 38 43 19 36 41 83 92 61 32 62 79 74 88 52 65 26 49 0 5 48 71 34 36 77 37 54
 35 99 98 13 17 60 14 71 99 51 29 93 74 87 77 63 71 44 7 16 13 55 22 60 21 82 11 7 22 90 30 95 0 38 6 9 67 67 80 1
 94 19 24 64 25 2 91 15 68 82 94 28 9 39 8 37 47 16 10 60 56 10 83 79 10 19 54 10 72 62 100 52 62 0 54 47 69 26 43 77
 15 36 2 19 25 72 16 99 36 74 45 63 28 74 97 37 12 17 60 18 46 54 38 54 97 7 96 95 52 90 54 29 94 46 0 38 39 9 43 13
 2 48 53 66 38 77 97 12 27 17 15 99 21 89 46 14 62 78 5 55 36 24 18 8 40 53 23 68 69 35 31 66 91 53 62 0 48 67 20 81
 87 31 32 25 82 47 15 96 15 70 47 80 91 5 32 66 79 33 88 42 69 36 51 32 57 95 99 95 52 99 59 64 33 31 61 52 0 57 11 2
 19 85 76 95 62 35 27 13 37 46 37 69 84 65 42 2 9 50 96 92 64 54 6 95 87 52 42 87 41 29 18 23 33 74 91 33 43 0 16 43
 93 28 20 22 24 73 79 72 39 2 53 10 36 51 92 55 75 18 79 91 73 8 40 31 23 41 39 29 96 58 20 63 20 57 57 80 89 84 0 83
 48 38 62 68 33 30 2 56 11 27 85 71 24 7 18 100 64 48 87 30 16 97 40 59 61 55 2 67 69 66 37 46 99 23 87 19 98 57 17 0
