50

 0 23 82 91 88 32 15 5 34 59 40 48 12 89 61 45 21 46 89 16 31 96 56 0 44 77 41 67 85 61 28 22 19 97 71 84 92 21 1 14 45 71 38 18 26 93 8 52 21 90
 77 0 49 93 39 87 81 8 47 36 90 53 3 71 14 51 60 99 66 44 28 2 16 59 85 43 73 24 66 79 18 51 45 35 20 97 24 47 47 6 50 41 71 64 20 76 57 89 64 79
 18 51 0 42 77 62 30 85 51 16 11 66 10 40 0 68 94 30 90 41 72 69 27 23 14 53 22 42 0 55 43 97 58 51 13 70 77 30 68 60 94 42 72 4 99 64 3 45 86 47
 9 7 58 0 67 22 49 4 55 59 8 3 93 11 66 80 86 4 95 63 97 93 13 34 24 39 94 54 61 7 23 76 42 37 56 12 32 33 92 48 59 6 47 47 54 26 72 54 58 6
 12 61 23 33 0 84 59 76 67 53 65 53 39 70 7 89 28 3 46 73 85 23 69 19 38 49 91 70 3 69 90 12 30 92 83 47 46 30 61 51 33 10 78 24 71 23 30 31 30 91
 68 13 38 78 16 0 88 33 48 92 92 94 9 12 30 53 32 63 55 84 91 61 91 93 35 80 59 53 13 17 13 68 65 15 86 66 35 40 12 69 19 37 59 31 98 56 85 0 76 49
 85 19 70 51 41 12 0 28 96 9 67 99 51 6 83 28 34 74 39 10 75 97 76 59 47 20 26 96 39 61 3 40 12 87 15 41 41 84 27 36 26 39 41 62 88 82 15 63 74 99
 95 92 15 96 24 67 72 0 51 37 11 29 81 92 35 78 29 72 47 23 36 51 70 33 29 84 0 32 48 1 6 63 35 27 74 97 41 55 97 6 40 26 88 47 68 45 62 41 40 73
 66 53 49 45 33 52 4 49 0 60 14 68 21 18 51 20 66 93 58 70 39 84 17 98 21 9 31 65 25 22 74 46 40 32 55 68 96 95 92 63 60 25 56 65 83 2 89 18 69 12
 41 64 84 41 47 8 91 63 40 0 37 9 24 71 58 95 78 55 45 3 41 90 97 34 57 57 95 67 16 82 24 40 41 80 1 82 68 59 71 78 36 95 21 44 61 55 5 31 88 13
 60 10 89 92 35 8 33 89 86 63 0 33 68 74 31 90 47 80 46 72 93 7 39 5 42 6 71 19 91 0 17 53 77 97 16 57 70 10 54 69 38 31 91 43 35 94 57 53 43 4
 52 47 34 97 47 6 1 71 32 91 67 0 74 26 20 20 60 80 37 33 48 66 4 2 24 96 63 42 46 12 13 60 61 81 75 0 12 81 82 92 29 34 33 25 86 22 81 46 60 28
 88 97 90 7 61 91 49 19 79 76 32 26 0 53 65 17 29 96 97 78 62 85 12 92 34 74 57 64 0 57 14 40 34 48 20 79 28 25 74 1 50 11 43 70 14 81 91 71 11 15
 11 29 60 89 30 88 94 8 82 29 26 74 47 0 88 53 11 9 78 52 52 76 58 91 2 2 10 29 83 16 46 71 74 67 44 85 39 51 55 37 98 61 3 0 42 28 68 53 53 12
 39 86 100 34 93 70 17 65 49 42 69 80 35 12 0 80 23 48 77 20 77 18 76 58 98 14 84 99 73 56 83 71 18 7 18 66 12 84 67 72 34 64 61 74 13 2 4 91 76 21
 55 49 32 20 11 47 72 22 80 5 10 80 83 47 20 0 84 45 22 29 79 47 97 32 85 50 2 51 27 62 89 89 27 10 83 56 35 3 48 84 1 23 10 70 24 36 73 23 30 63
 79 40 6 14 72 68 66 71 34 22 53 40 71 89 77 16 0 57 63 12 18 44 11 15 50 82 2 42 28 94 6 85 34 26 42 70 94 16 42 90 67 35 43 29 49 21 38 72 52 4
 54 1 70 96 97 37 26 28 7 45 20 20 4 91 52 55 43 0 80 10 5 55 98 17 12 5 28 59 82 66 19 18 67 15 87 87 8 60 56 43 87 17 17 98 63 93 92 15 15 95
 11 34 10 5 54 45 61 53 42 55 54 63 3 22 23 78 37 20 0 59 12 22 5 90 10 69 32 19 75 82 21 82 47 79 24 8 27 40 69 52 79 48 90 3 99 35 33 16 52 52
 84 56 59 37 27 16 90 77 30 97 28 67 22 48 80 71 88 90 41 0 83 75 70 65 43 91 96 91 71 91 79 90 32 27 35 69 62 61 95 48 8 10 66 69 17 43 33 40 81 63
 69 72 28 3 15 9 25 64 61 59 7 52 38 48 23 21 82 95 88 17 0 11 2 47 34 47 81 99 50 36 5 16 33 81 34 91 12 48 60 8 66 37 32 48 58 88 25 54 29 69
 4 98 31 7 77 39 3 49 16 10 93 34 15 24 82 53 56 45 78 25 89 0 4 70 80 10 6 93 76 66 25 66 18 72 41 42 87 1 20 88 92 18 6 3 17 68 73 25 13 8
 44 84 73 87 31 9 24 30 83 3 61 96 88 42 24 3 89 2 95 30 98 96 0 30 84 39 28 38 25 32 53 46 5 41 1 36 35 65 48 46 84 26 3 39 62 20 1 0 34 49
 100 41 77 66 81 7 41 67 2 66 95 98 8 9 42 68 85 83 10 35 53 30 70 0 37 25 53 62 71 68 70 52 58 34 12 50 75 99 99 33 65 76 1 64 80 5 22 26 94 76
 56 15 86 76 62 65 53 71 79 43 58 76 66 98 2 15 50 88 90 57 66 20 16 63 0 99 48 83 71 39 24 88 40 36 45 72 28 60 21 79 0 31 51 15 58 49 83 59 53 45
 23 57 47 61 51 20 80 16 91 43 94 4 26 98 86 50 18 95 31 9 53 90 61 75 1 0 53 31 57 98 3 57 96 91 51 5 9 55 70 54 86 1 21 93 54 59 29 66 89 88
 59 27 78 6 9 41 74 100 69 5 29 37 43 90 16 98 98 72 68 4 19 94 72 47 52 47 0 99 95 21 37 77 84 29 88 44 74 51 99 5 0 83 21 76 1 59 77 56 45 52
 33 76 58 46 30 47 4 68 35 33 81 58 36 71 1 49 58 41 81 9 1 7 62 38 17 69 1 0 48 85 57 41 74 44 75 11 55 44 7 77 37 60 52 65 66 32 84 65 80 93
 15 34 100 39 97 87 61 52 75 84 9 54 100 17 27 73 72 18 25 29 50 24 75 29 29 43 5 52 0 24 53 11 29 24 76 25 78 25 75 88 89 58 71 99 20 97 78 44 51 98
 39 21 45 93 31 83 39 99 78 18 100 88 43 84 44 38 6 34 18 9 64 34 68 32 61 2 79 15 76 0 47 31 70 61 81 24 82 99 52 39 71 0 13 94 68 81 0 91 14 27
 72 82 57 77 10 87 97 94 26 76 83 87 86 54 17 11 94 81 79 21 95 75 47 30 76 97 63 43 47 53 0 71 47 56 39 55 12 61 33 7 17 54 43 93 52 45 32 49 76 80
 78 49 3 24 88 32 60 37 54 60 47 40 60 29 29 11 15 82 18 10 84 34 54 48 12 43 23 59 89 69 29 0 77 4 74 43 87 2 13 65 4 82 35 76 90 14 34 16 68 1
 81 55 42 58 70 35 88 65 60 59 23 39 66 26 82 73 66 33 53 68 67 82 95 42 60 4 16 26 71 30 53 23 0 29 83 95 1 66 48 84 80 38 15 89 75 28 46 29 89 20
 3 65 49 63 8 85 13 73 68 20 3 19 52 33 93 90 74 85 21 73 19 28 59 66 64 9 71 56 76 39 44 96 71 0 1 49 37 79 24 96 89 23 0 41 75 36 6 83 27 55
 29 80 87 44 17 14 85 26 45 99 84 25 80 56 82 17 58 13 76 65 66 59 99 88 55 49 12 25 24 19 61 26 17 99 0 61 2 70 60 74 13 89 50 47 11 58 18 5 4 76
 16 3 30 88 53 34 59 3 32 18 43 100 21 15 34 44 30 13 92 31 9 58 64 50 28 95 56 89 75 76 45 57 5 51 39 0 64 73 55 4 91 43 88 5 58 75 24 80 69 37
 8 76 23 68 54 65 59 59 4 32 30 88 72 61 88 65 6 92 73 38 88 13 65 25 72 91 26 45 22 18 88 13 99 63 98 36 0 21 34 61 85 73 55 22 53 59 86 88 25 50
 79 53 70 67 70 60 16 45 5 41 90 19 75 49 16 97 84 40 60 39 52 99 35 1 40 45 49 56 75 1 39 98 34 21 30 27 79 0 90 16 6 17 21 61 11 46 41 59 6 64
 99 53 32 8 39 88 73 3 8 29 46 18 26 45 33 52 58 44 31 5 40 80 52 1 79 30 1 93 25 48 67 87 52 76 40 45 66 10 0 8 30 93 63 12 81 3 1 65 41 80
 86 94 40 52 49 31 64 94 37 22 31 8 99 63 28 16 10 57 48 52 92 12 54 67 21 46 95 23 12 61 93 35 16 4 26 96 39 84 92 0 95 21 87 88 29 82 6 93 20 1
 55 50 6 41 67 81 74 60 40 64 62 71 50 2 66 99 33 13 21 92 34 8 16 35 100 14 100 63 11 29 83 96 20 11 87 9 15 94 70 5 0 32 86 48 63 71 12 45 96 4
 29 59 58 94 90 63 61 74 75 5 69 66 89 39 36 77 65 83 52 90 63 82 74 24 69 99 17 40 42 100 46 18 62 77 11 57 27 83 7 79 68 0 98 40 85 90 60 32 73 27
 62 29 28 53 22 41 59 12 44 79 9 67 57 97 39 90 57 83 10 34 68 94 97 99 49 79 79 48 29 87 57 65 85 100 50 12 45 79 37 13 14 2 0 99 38 45 45 53 83 36
 82 36 96 53 76 69 38 53 35 56 57 75 30 100 26 30 71 2 97 31 52 97 61 36 85 7 24 35 1 6 7 24 11 59 53 95 78 39 88 12 52 60 1 0 46 15 49 65 9 94
 74 80 1 46 29 2 12 32 17 39 65 14 86 58 87 76 51 37 1 83 42 83 38 20 42 46 99 34 80 32 48 10 25 25 89 42 47 89 19 71 37 15 62 54 0 58 86 43 68 74
 7 24 36 74 77 44 18 55 98 45 6 78 19 72 98 64 79 7 65 57 12 32 80 95 51 41 41 68 3 19 55 86 72 64 42 25 41 54 97 18 29 10 55 85 42 0 28 46 23 60
 92 43 97 28 70 15 85 38 11 95 43 19 9 32 96 27 62 8 67 67 75 27 99 78 17 71 23 16 22 100 68 66 54 94 82 76 14 59 99 94 88 40 55 51 14 72 0 56 26 87
 48 11 55 46 69 100 37 59 82 69 47 54 29 47 9 77 28 85 84 60 46 75 100 74 41 34 44 35 56 9 51 84 71 17 95 20 12 41 35 7 55 68 47 35 57 54 44 0 25 58
 79 36 14 42 70 24 26 60 31 12 57 40 89 47 24 70 48 85 48 19 71 87 66 6 47 11 55 20 49 86 24 32 11 73 96 31 75 94 59 80 4 27 17 91 32 77 74 75 0 82
 10 21 53 94 9 51 1 27 88 87 96 72 85 88 79 37 96 5 48 37 31 92 51 24 55 12 48 7 2 73 20 99 80 45 24 63 50 36 20 99 96 73 64 6 26 40 13 42 18 0
