20

 0 51 62 71 77 31 3 95 12 55 14 90 63 50 99 46 65 3 78 31
 49 0 8 5 50 32 25 93 61 19 71 19 74 58 76 96 0 34 87 89
 38 92 0 74 17 69 11 4 47 96 69 86 80 96 96 70 23 5 35 17
 29 95 26 0 68 5 29 52 79 12 59 80 78 89 70 15 76 6 60 98
 23 50 83 32 0 60 93 25 76 7 43 3 74 27 87 14 24 94 60 76
 69 68 31 95 40 0 16 82 84 91 57 24 42 64 68 20 44 93 2 74
 97 75 89 71 7 84 0 89 32 4 63 15 17 30 70 57 74 50 1 2
 5 7 96 48 75 18 11 0 21 42 89 93 1 58 32 56 19 37 34 14
 88 39 53 21 24 16 68 79 0 0 97 62 7 41 29 13 7 15 12 57
 45 81 4 88 93 9 96 58 100 0 32 15 45 57 24 3 73 94 22 58
 86 29 31 41 57 43 37 11 3 68 0 11 3 58 64 19 92 76 34 60
 10 81 14 20 97 76 85 7 38 85 89 0 59 25 88 74 79 87 14 5
 37 26 20 22 26 58 83 99 93 55 97 41 0 11 21 84 75 45 16 97
 50 42 4 11 73 36 70 42 59 43 42 75 89 0 15 74 2 36 95 63
 1 24 4 30 13 32 30 68 71 76 36 12 79 85 0 76 14 10 85 34
 54 4 30 85 86 80 43 44 87 97 81 26 16 26 24 0 36 54 44 76
 35 100 77 24 76 56 26 81 93 27 8 21 25 98 86 64 0 16 6 18
 97 66 95 94 6 7 50 63 85 6 24 13 55 64 90 46 84 0 89 17
 22 13 65 40 40 98 99 66 88 78 66 86 84 5 15 56 94 11 0 25
 69 11 83 2 24 26 98 86 43 42 40 95 3 37 66 24 82 83 75 0
