20

 0 43 21 99 27 75 20 94 29 8 67 20 49 87 67 0 21 4 96 67
 85 0 63 85 54 80 12 40 47 0 70 14 74 30 65 72 90 42 10 61
 9 91 0 26 16 12 61 71 74 6 17 88 40 99 58 95 92 85 41 43
 58 78 79 0 95 57 0 94 29 25 32 60 94 41 86 26 73 41 9 51
 46 28 37 60 0 25 1 26 41 53 65 20 34 33 26 74 83 5 95 70
 71 29 51 80 62 0 11 27 28 72 59 68 46 31 32 2 14 82 7 54
 59 22 48 32 81 96 0 58 37 42 35 54 91 32 75 27 34 30 8 61
 47 78 40 36 46 43 95 0 5 89 45 94 14 89 89 2 60 74 10 69
 16 34 14 58 60 32 63 82 0 2 70 36 77 70 64 94 27 14 28 45
 48 12 42 16 40 73 59 47 62 0 69 34 94 4 82 66 95 55 70 39
 6 51 24 86 69 58 26 76 74 60 0 90 18 37 38 43 52 14 32 96
 4 87 44 87 66 55 96 45 76 36 38 0 37 60 21 4 8 28 64 33
 63 50 83 73 21 82 38 40 50 96 63 52 0 15 54 99 18 66 5 78
 30 95 91 3 45 46 86 95 57 71 65 43 5 0 69 34 64 95 20 94
 53 7 96 69 21 92 77 0 83 10 46 3 57 65 0 41 97 38 44 21
 66 0 76 11 49 11 65 46 92 91 2 28 64 61 21 0 46 32 29 51
 17 11 81 51 27 51 66 22 66 21 91 18 92 46 33 4 0 37 85 85
 15 83 20 72 81 10 31 67 4 0 58 63 47 19 35 11 92 0 13 69
 67 11 87 64 39 95 80 65 75 75 23 65 49 30 16 69 52 37 0 76
 1 47 52 27 72 81 18 76 21 56 41 79 21 2 28 89 60 51 98 0
