100

 0 56 83 39 46 10 99 74 39 10 96 89 99 71 23 6 41 22 87 73 83 57 5 24 9 23 5 62 54 96 61 10 44 31 38 17 34 47 96 45 64 6 58 28 74 87 15 80 96 33 59 37 31 94 90 6 17 41 92 22 64 85 74 81 4 59 12 60 40 48 0 49 40 27 40 94 30 39 61 21 3 79 53 60 56 26 78 64 13 90 65 99 97 76 77 39 5 39 28 84
 65 0 1 63 28 34 84 38 86 4 2 93 68 97 41 44 9 45 0 21 4 35 46 12 76 23 27 87 62 75 66 13 94 34 4 95 3 15 6 61 48 91 45 86 90 23 2 30 16 8 20 6 85 91 2 70 31 48 92 67 6 92 83 6 90 61 91 0 66 64 1 6 41 88 17 61 67 51 71 48 82 47 72 18 85 88 79 80 39 46 16 52 19 50 48 97 71 79 73 81
 49 87 0 48 29 11 76 37 72 3 83 27 96 17 88 95 98 80 55 38 10 42 92 82 92 50 49 71 59 77 18 88 73 19 9 4 93 63 10 47 86 36 91 66 63 65 23 99 62 28 56 1 86 39 90 22 72 22 40 93 79 49 98 71 90 17 53 23 26 62 96 36 45 84 91 52 18 87 73 32 43 99 61 2 27 77 68 90 8 68 49 56 19 69 24 27 10 38 75 83
 45 78 5 0 41 86 15 89 62 29 73 92 74 52 60 53 14 56 0 66 90 28 18 82 12 35 45 41 63 75 45 77 83 40 96 70 63 28 21 91 53 24 21 90 96 52 29 70 23 56 44 66 13 5 44 59 77 25 20 48 79 33 20 99 44 50 71 6 44 89 94 75 54 71 46 63 91 44 60 71 10 52 64 71 22 88 53 15 41 67 69 18 28 20 11 71 56 6 3 7
 88 84 72 53 0 40 72 4 66 66 8 78 62 34 62 76 83 66 15 61 50 40 7 57 33 22 39 17 84 85 74 91 5 0 9 48 50 75 61 15 29 8 63 81 80 58 65 16 89 88 59 21 27 3 38 17 97 3 0 46 94 62 75 68 15 11 21 91 74 80 16 92 60 26 54 26 2 11 65 21 0 50 28 47 30 18 31 42 43 78 28 1 25 73 30 11 79 42 3 64
 58 55 0 28 11 0 6 66 44 70 98 49 67 57 81 13 84 19 86 76 45 19 59 86 47 75 46 56 57 23 27 1 7 72 89 12 88 90 49 8 65 95 52 95 27 46 51 0 87 58 55 94 50 58 68 34 74 49 45 91 18 14 26 46 83 55 50 53 90 42 47 33 66 95 1 7 36 54 86 77 25 78 91 91 75 88 99 2 54 92 39 37 41 66 50 12 78 44 23 36
 78 93 92 52 27 96 0 80 56 60 4 91 39 65 17 64 99 89 42 39 81 21 83 98 29 15 21 66 23 43 80 75 22 84 94 79 63 52 77 45 1 80 11 86 30 3 59 29 89 80 56 27 42 57 3 88 97 26 78 84 99 15 38 95 19 72 95 55 84 59 54 2 34 32 58 28 2 71 64 9 12 81 98 17 12 68 83 74 35 15 68 82 81 42 57 79 69 71 19 91
 51 21 82 94 59 35 54 0 33 71 21 0 5 50 86 27 84 6 61 45 98 42 56 18 32 48 10 90 82 79 64 88 50 46 28 61 9 58 44 29 38 79 85 42 66 17 36 21 16 35 33 80 72 32 54 7 44 6 91 45 96 51 97 52 34 12 85 57 42 58 80 8 24 76 69 49 60 88 82 24 38 96 47 56 86 49 0 84 97 9 41 35 51 45 54 26 76 79 73 62
 21 91 88 47 57 33 64 28 0 66 5 6 9 35 70 41 79 98 33 31 94 41 17 9 85 88 44 94 39 15 21 63 79 76 19 99 89 70 33 19 44 22 61 25 6 4 33 71 84 18 87 84 18 78 41 38 82 27 7 31 35 37 9 9 29 73 91 86 24 65 15 64 38 21 73 3 97 34 48 85 83 95 48 23 82 81 12 34 97 22 62 22 96 35 63 49 4 5 62 68
 44 57 33 12 36 75 26 74 35 0 33 6 85 16 12 15 79 34 85 79 38 21 6 92 61 58 82 83 10 76 97 26 78 47 76 70 82 39 6 15 94 37 59 27 61 44 51 93 64 5 71 71 86 0 78 41 7 43 50 16 6 17 27 41 7 54 5 99 46 58 47 47 4 29 15 5 74 74 36 61 66 79 40 39 10 68 6 30 84 54 24 93 24 24 14 90 31 40 36 56
 27 64 79 54 5 42 71 12 88 30 0 3 47 65 22 23 59 0 15 38 85 46 78 57 66 93 25 84 87 69 13 17 85 29 49 36 44 8 89 81 75 55 5 55 38 83 28 75 44 19 11 64 81 14 64 4 70 19 98 41 11 39 58 85 40 79 58 52 35 97 89 45 20 46 83 47 64 54 77 54 66 18 60 74 44 13 30 8 42 12 93 5 11 88 33 26 65 86 22 63
 53 54 31 83 12 8 31 10 89 53 23 0 69 55 84 68 4 38 23 39 26 56 75 92 1 23 51 32 28 73 88 9 69 79 53 57 62 31 52 30 40 9 82 47 93 84 5 66 58 62 57 32 18 91 61 4 32 84 74 93 81 37 17 73 63 18 94 92 31 80 8 77 26 61 82 6 8 40 36 43 83 31 54 93 49 47 47 86 38 45 96 88 29 54 58 90 24 57 95 78
 89 88 76 8 90 19 40 60 36 10 94 43 0 11 83 53 25 5 78 16 48 57 68 62 85 96 89 59 39 63 48 85 68 14 28 40 80 80 7 81 64 80 5 7 86 58 50 57 71 30 54 33 90 6 1 72 2 85 44 90 45 80 38 89 63 23 85 78 48 83 90 98 16 39 75 51 50 2 37 39 43 7 66 47 66 96 30 4 32 50 98 39 26 93 38 3 58 84 36 91
 82 75 22 32 0 98 11 87 83 36 25 76 91 0 24 74 72 73 23 14 65 86 71 46 78 15 3 73 30 22 98 0 67 33 85 52 99 89 86 16 27 92 13 41 60 74 27 93 55 73 17 5 84 77 81 84 23 86 6 81 73 21 91 33 83 94 8 45 59 72 25 70 48 62 90 16 87 81 3 72 68 10 32 89 4 70 54 98 99 50 16 29 26 18 46 14 52 15 66 53
 42 45 63 90 0 52 73 52 78 40 45 41 67 62 0 74 49 59 51 34 89 86 96 0 79 62 70 30 43 40 91 74 73 85 20 90 50 68 68 80 85 46 15 81 30 52 99 85 5 51 10 84 77 46 53 54 52 20 75 41 88 34 12 19 66 82 92 1 3 26 75 98 22 26 4 23 4 66 57 10 17 76 18 35 92 60 55 14 70 1 7 98 66 20 76 91 87 37 60 64
 85 24 56 53 62 26 70 42 31 2 72 49 13 5 86 0 61 53 97 40 42 15 51 68 19 39 91 69 70 16 90 4 97 40 52 18 91 27 47 72 84 46 50 79 3 35 88 71 91 35 74 20 67 93 82 38 94 25 59 24 27 48 84 68 39 54 57 0 7 48 15 11 53 34 87 61 34 64 26 78 9 87 41 39 86 30 30 58 34 58 71 85 60 88 89 45 89 16 30 21
 78 15 57 16 42 48 84 44 67 92 15 97 53 81 53 51 0 95 44 66 4 87 81 84 25 85 92 92 75 85 29 98 7 0 38 66 50 68 38 16 90 29 83 80 1 94 95 82 90 90 94 58 16 76 50 7 53 74 70 5 68 76 43 87 0 85 68 82 42 60 63 97 52 72 12 12 46 22 19 17 86 76 35 35 4 46 95 35 12 39 99 42 70 84 98 99 38 73 65 62
 51 88 19 95 17 66 37 87 88 18 78 50 60 45 53 23 86 0 83 85 6 7 46 20 91 15 90 71 46 2 45 73 67 66 60 7 14 90 6 82 71 66 78 78 21 55 17 3 24 65 87 68 21 30 8 9 73 62 78 60 79 46 79 94 59 93 90 40 97 85 83 2 20 45 91 55 17 90 38 0 29 38 12 45 80 34 20 46 61 70 55 5 17 65 62 5 51 62 49 47
 0 98 92 50 8 80 89 3 5 79 19 14 5 77 51 51 32 47 0 51 4 92 29 53 74 97 5 6 65 82 9 88 49 23 59 98 38 86 15 11 56 10 20 57 12 21 8 84 68 11 70 20 29 43 52 61 13 48 32 66 46 89 1 94 80 77 61 53 80 6 59 19 72 52 20 81 24 71 94 2 44 57 56 83 56 48 55 73 56 61 93 47 44 42 74 8 41 59 30 33
 8 82 55 56 58 48 85 67 36 15 94 50 20 85 85 81 8 8 1 0 59 86 91 56 79 90 62 6 2 94 26 96 60 82 94 94 58 45 61 54 67 27 49 21 96 23 60 8 43 54 91 55 99 9 10 73 61 72 2 10 44 81 34 19 93 44 21 28 80 61 33 21 22 98 48 71 52 78 57 62 7 8 60 31 5 77 78 8 81 66 21 20 59 51 11 52 34 34 31 86
 32 63 95 98 81 52 99 30 74 26 84 19 31 26 63 51 95 0 87 66 0 4 8 84 31 49 31 46 31 75 86 37 63 11 2 16 27 86 27 45 83 75 85 22 89 53 64 56 6 6 40 87 34 5 4 54 24 9 36 80 31 67 67 39 96 39 95 46 95 26 28 24 75 93 54 60 61 2 13 38 18 24 39 93 80 68 80 38 29 21 46 37 97 91 20 71 90 77 43 88
 26 30 38 81 94 61 41 62 85 23 35 35 62 19 81 68 44 70 10 31 65 0 79 58 74 49 55 30 58 73 59 40 86 1 99 34 77 33 5 71 17 44 86 68 13 4 26 5 3 96 31 69 82 66 20 49 44 13 66 76 64 1 87 42 56 12 43 75 17 28 84 10 78 1 36 56 21 18 93 5 87 11 77 76 21 39 44 57 30 45 77 43 40 47 58 39 68 18 71 17
 90 5 9 98 34 70 80 46 31 68 89 0 60 83 23 7 12 43 79 79 92 86 0 9 24 6 59 77 52 15 27 13 7 60 81 86 79 4 25 89 9 79 56 74 56 38 17 93 74 69 34 88 28 73 42 88 97 63 60 5 42 20 58 36 42 56 83 94 99 20 12 9 40 46 44 29 56 46 16 43 85 10 59 28 83 91 3 1 33 84 37 89 2 14 68 0 32 79 91 20
 47 3 87 90 14 19 66 51 66 16 55 54 64 58 72 6 54 68 72 58 74 71 73 0 56 93 44 82 79 36 18 94 18 6 72 48 4 50 66 31 56 24 32 75 30 76 36 36 94 81 96 81 9 96 59 75 15 16 85 40 46 57 22 95 73 31 59 31 33 60 20 25 62 82 69 67 39 48 80 3 10 16 90 60 93 83 78 50 90 99 58 29 55 12 25 40 24 38 41 64
 86 12 11 69 70 64 37 82 99 63 78 61 83 80 14 7 36 10 8 84 45 22 30 53 0 97 76 90 33 26 20 60 87 31 73 49 19 97 91 54 23 64 58 63 44 27 90 69 74 65 95 48 51 66 0 71 5 93 16 85 45 39 79 77 67 82 36 88 86 73 29 78 33 16 91 20 44 18 7 41 68 94 20 45 36 89 48 4 46 81 23 87 15 38 2 86 70 23 27 46
 35 13 43 8 6 66 96 64 62 54 33 99 8 58 26 6 71 57 15 48 66 44 8 25 90 0 60 18 95 43 35 90 93 91 25 74 93 90 84 49 6 71 48 47 74 89 17 44 55 12 53 74 82 68 28 23 42 2 86 61 91 97 57 38 57 39 90 64 92 45 51 25 2 37 89 67 57 70 28 28 27 45 48 51 96 34 14 25 39 69 12 85 52 44 0 13 73 37 76 73
 88 62 87 98 6 44 38 41 87 90 93 52 36 61 93 71 81 28 95 37 50 50 77 31 95 2 0 31 9 92 19 76 64 27 55 91 50 95 77 17 23 88 12 48 8 86 17 63 21 70 74 34 86 9 92 14 63 82 65 60 94 93 25 82 15 34 26 71 17 83 10 30 71 13 13 44 87 22 61 59 0 17 69 10 34 3 30 0 46 5 36 88 76 37 26 44 14 39 30 45
 24 27 72 55 13 63 0 34 8 36 95 91 61 53 99 76 72 2 29 60 63 94 58 96 25 14 59 0 82 95 81 67 16 38 85 86 42 62 86 23 80 36 85 86 1 30 14 5 27 42 92 80 10 29 77 8 15 5 56 75 24 31 31 6 53 62 32 49 25 26 85 92 76 31 69 42 87 39 12 9 49 31 22 8 75 86 7 15 84 62 6 29 77 67 26 64 0 62 31 33
 26 68 67 59 0 44 21 4 68 71 49 98 97 9 77 90 35 70 54 26 26 71 83 26 26 68 89 7 0 92 95 45 49 2 71 78 13 34 15 37 22 69 82 52 79 22 95 92 67 87 86 28 53 40 93 92 12 91 44 94 20 49 85 67 98 99 50 65 90 66 22 41 19 73 44 55 59 32 8 73 17 60 69 86 52 11 27 74 39 97 91 16 4 62 38 6 83 3 92 98
 39 90 27 38 71 70 60 78 95 92 83 51 39 85 13 91 77 38 58 36 95 62 72 17 45 45 39 46 47 0 80 11 4 46 96 8 44 2 57 70 68 9 22 27 51 18 35 10 91 98 43 44 45 53 83 91 80 80 35 42 14 7 93 91 46 19 79 14 33 20 27 92 94 68 65 5 64 5 79 85 41 20 66 49 67 2 43 48 89 72 2 21 20 56 32 91 96 14 36 94
 6 29 26 33 2 95 7 69 45 9 51 39 81 47 87 36 20 86 15 62 93 9 0 29 86 48 98 33 2 23 0 84 49 14 65 70 22 87 51 96 34 11 68 22 49 20 50 55 82 49 72 96 96 56 76 24 90 16 88 77 52 1 62 34 80 90 44 51 88 58 59 79 49 93 65 94 72 28 76 11 12 99 89 5 86 35 63 72 47 22 84 68 4 4 72 65 82 34 85 5
 93 96 44 78 0 79 34 74 72 83 46 4 80 53 72 83 48 18 84 87 64 64 0 11 79 32 10 71 96 73 9 0 75 85 71 15 17 3 69 44 12 9 9 22 93 1 59 89 79 58 99 4 5 58 67 79 17 33 12 77 2 38 73 3 51 21 45 26 71 31 70 21 64 94 92 65 66 11 21 53 58 57 34 74 48 71 4 69 57 8 83 0 70 21 9 55 25 18 23 99
 40 77 16 58 57 20 57 28 77 82 37 8 33 20 65 64 22 48 52 25 30 93 70 16 26 37 8 60 46 11 41 10 0 25 25 52 26 92 51 70 50 69 24 98 1 13 17 31 46 43 64 44 33 61 89 21 88 76 13 80 89 65 9 90 95 59 63 77 3 56 10 93 69 61 57 88 61 57 14 18 64 97 84 12 66 32 74 95 22 2 29 91 68 63 45 2 92 70 57 61
 5 72 22 76 21 47 63 38 54 85 26 5 54 44 80 52 38 16 87 90 5 86 13 19 58 16 37 22 32 17 27 52 21 0 15 79 89 87 55 50 23 71 46 34 38 5 8 7 89 4 12 2 5 33 20 73 45 95 97 62 94 85 61 17 28 24 37 71 23 84 74 89 35 78 10 30 34 88 5 2 16 52 91 83 8 5 89 38 81 40 94 37 28 42 2 46 51 59 42 18
 99 37 14 26 93 71 75 23 83 76 62 76 36 89 47 7 93 78 96 42 5 27 39 88 56 19 56 9 47 72 5 31 11 30 0 5 9 93 75 82 28 64 26 79 29 82 5 50 65 13 19 46 9 15 92 45 41 40 16 49 75 20 72 35 57 6 68 64 35 62 49 46 74 43 22 4 40 0 7 21 39 86 63 27 3 56 58 93 21 2 35 72 15 96 47 88 41 11 29 9
 9 38 27 28 4 20 95 98 98 28 39 95 31 16 27 62 77 4 50 36 16 71 14 0 14 66 10 2 36 72 92 29 67 17 82 0 97 82 89 90 99 84 31 31 83 41 89 54 48 37 80 36 29 76 3 52 96 31 91 85 72 90 36 24 52 65 55 37 57 61 95 51 10 22 10 14 12 11 97 65 51 32 22 73 23 60 32 8 67 68 18 52 85 24 18 29 91 5 51 93
 91 94 69 86 48 60 90 67 87 59 8 37 61 51 9 66 50 32 55 89 18 3 45 90 63 16 84 88 16 51 10 59 8 58 10 11 0 66 39 37 83 76 11 62 32 84 69 14 16 68 5 58 42 30 17 1 12 9 54 9 10 91 81 36 22 29 53 66 73 40 27 19 93 52 50 23 16 74 26 28 19 46 29 73 62 59 23 83 29 50 78 8 20 88 78 95 63 21 90 15
 18 49 73 6 91 7 87 63 73 64 49 7 19 71 71 96 32 8 99 32 61 71 7 16 85 43 41 23 30 34 1 79 76 91 69 89 53 0 23 13 54 21 80 14 62 73 29 57 97 17 3 61 57 61 11 37 45 33 44 38 98 62 77 10 95 75 6 90 18 15 53 28 63 90 4 47 81 91 19 45 88 61 81 2 40 35 66 83 43 32 78 62 88 97 91 52 2 1 53 64
 94 71 99 75 30 73 48 79 10 41 31 53 55 25 24 8 17 0 66 94 81 52 57 54 20 46 72 34 25 67 83 71 84 47 2 55 68 72 0 68 15 76 82 70 76 12 64 42 8 21 6 88 7 54 8 27 45 61 78 1 18 46 23 85 42 17 68 34 73 85 69 12 77 39 86 98 51 28 6 7 86 11 93 74 47 62 97 1 34 94 82 71 62 93 59 69 46 95 42 48
 77 57 49 30 25 20 95 59 9 77 51 39 78 7 63 35 35 60 65 71 60 31 86 10 50 80 63 50 73 16 59 93 95 66 26 45 38 86 20 0 94 32 95 2 32 48 39 36 82 63 92 16 5 35 88 18 58 31 41 26 34 81 79 28 45 7 86 80 9 88 93 27 72 61 55 14 88 27 89 87 80 26 10 24 50 40 35 33 33 65 3 9 29 22 75 84 73 76 86 62
 24 88 64 76 94 69 96 71 79 73 1 63 40 10 42 39 40 85 22 63 50 89 27 30 6 1 51 95 98 71 80 31 39 86 88 35 91 42 78 38 0 64 91 27 51 58 31 51 43 97 63 57 55 1 67 85 10 98 13 72 54 41 73 62 54 87 24 18 98 2 87 48 17 16 34 37 47 19 89 66 23 29 21 86 28 51 80 71 64 57 6 54 18 88 82 89 32 42 22 73
 70 11 38 86 99 79 14 15 95 76 62 24 44 76 72 40 11 73 94 1 81 20 61 62 63 15 10 1 26 60 31 52 97 36 7 24 18 73 65 62 81 0 3 98 74 90 40 24 21 89 75 13 35 66 15 40 89 92 28 78 4 67 79 96 83 61 63 75 86 40 13 38 76 20 37 15 36 21 1 24 58 48 49 0 8 88 47 90 37 56 35 66 66 56 35 13 62 83 56 32
 51 37 81 12 9 48 82 95 96 41 4 79 67 34 57 52 79 85 69 43 40 69 7 67 3 11 97 75 12 60 92 77 37 54 42 60 6 45 3 10 63 73 0 19 86 53 75 85 8 98 44 14 20 31 47 54 17 2 11 8 49 38 70 7 74 79 88 45 76 69 27 17 68 28 52 72 55 94 76 74 32 15 4 99 80 7 40 96 90 14 63 34 63 63 69 12 94 70 83 30
 63 0 52 33 34 65 79 44 29 53 64 56 62 92 44 99 51 89 24 52 66 6 66 1 99 82 68 26 68 53 57 96 16 80 60 94 28 11 56 79 4 98 89 0 78 17 57 95 85 16 46 4 31 38 68 32 1 38 34 8 20 80 97 81 69 44 54 13 61 91 32 45 99 35 92 66 48 79 61 81 46 45 20 73 78 16 20 41 56 61 38 48 8 89 36 28 64 73 17 83
 67 73 56 7 0 8 25 72 0 88 31 74 93 20 59 95 26 71 28 46 23 67 21 46 26 26 82 56 46 83 66 43 47 49 82 65 25 24 18 4 38 77 60 6 0 88 75 68 63 26 33 37 22 49 46 23 26 66 76 81 3 81 32 83 51 22 89 44 72 60 46 59 37 12 6 72 51 42 4 1 35 58 48 11 93 25 0 46 32 18 36 34 2 24 85 66 0 46 34 12
 0 25 36 42 47 88 20 72 52 2 3 66 79 88 18 84 8 18 81 32 31 2 26 28 20 61 31 56 26 20 25 72 5 62 41 84 80 49 35 36 4 86 10 26 18 0 66 77 87 74 80 39 36 58 99 41 30 97 61 15 23 41 3 29 70 66 83 6 3 41 63 14 36 80 36 66 96 6 1 77 28 89 34 78 91 32 56 94 17 83 78 12 72 39 81 57 74 20 60 0
 61 39 54 6 17 56 20 75 7 86 7 76 50 75 21 75 41 48 13 37 29 81 32 66 56 62 27 93 18 24 96 61 2 92 96 29 39 90 3 59 73 57 95 94 33 40 0 60 27 17 87 78 10 61 51 44 47 67 45 57 43 49 48 48 97 70 27 89 57 14 56 78 46 48 37 20 21 87 49 80 6 0 66 12 28 23 34 61 47 12 54 10 58 46 96 15 47 73 37 14
 13 97 42 22 67 91 88 74 86 91 74 54 85 37 33 57 32 13 33 31 23 68 60 25 52 11 77 88 12 58 4 79 29 50 28 46 26 41 26 68 59 22 18 35 24 72 91 0 46 77 65 89 55 95 18 49 28 66 60 98 6 59 80 90 2 50 37 91 82 95 90 97 56 67 31 67 77 40 40 92 6 40 40 36 94 65 86 12 91 87 71 45 17 95 22 86 6 17 24 73
 48 90 50 67 8 42 76 18 82 8 46 16 82 58 78 75 11 44 79 14 88 40 63 1 12 88 19 88 40 62 74 91 78 38 31 57 79 32 10 96 2 11 93 32 61 24 91 13 0 38 37 33 6 5 12 50 97 85 8 66 30 0 80 63 75 47 17 37 27 48 71 47 36 78 63 36 94 74 61 0 41 43 86 25 0 21 56 33 4 47 93 61 95 78 39 4 21 76 90 58
 12 63 55 14 20 87 51 35 78 21 91 11 78 48 21 73 49 83 56 43 40 32 74 25 4 23 54 46 56 65 45 96 67 51 49 2 41 13 36 9 26 58 20 72 55 72 25 37 41 0 22 79 63 17 83 19 8 43 27 85 37 36 79 40 61 12 34 39 84 4 66 97 12 65 46 81 94 37 79 68 20 33 79 16 83 45 42 0 56 10 43 13 26 37 27 62 50 32 13 90
 92 40 48 52 83 85 24 96 80 84 42 26 50 39 16 5 26 86 51 60 87 5 43 43 49 72 0 15 52 83 51 17 38 11 71 87 48 41 81 6 82 55 2 2 5 70 23 49 71 96 0 39 10 18 73 76 29 21 50 96 83 93 64 9 25 84 85 68 61 13 59 5 29 55 73 55 87 28 24 57 57 55 48 94 0 44 59 73 89 55 55 7 79 47 90 44 10 44 17 93
 66 99 28 10 53 74 48 24 12 80 61 12 17 30 98 19 53 34 50 69 38 70 65 68 55 54 22 97 71 13 35 56 93 51 43 21 99 77 86 41 40 28 3 34 10 20 81 74 6 27 24 0 65 22 34 62 9 17 57 80 33 21 16 66 61 39 59 89 90 70 36 99 83 29 83 18 59 15 57 74 8 98 69 37 80 81 43 8 52 2 18 78 97 77 73 0 60 94 9 39
 91 60 84 45 8 52 26 70 34 31 92 78 83 64 2 41 15 49 6 53 92 39 5 62 79 35 22 66 33 64 47 73 78 21 76 41 4 29 82 34 6 12 62 19 45 77 68 5 28 35 16 37 0 6 15 72 98 14 2 35 39 27 7 80 96 56 64 88 76 43 33 15 87 83 40 35 94 29 27 54 4 20 7 83 53 1 70 36 35 88 54 11 13 28 21 35 32 9 39 25
 81 61 80 85 3 42 87 10 57 76 87 62 28 69 27 49 60 78 27 19 91 41 71 99 4 86 11 84 1 52 66 20 21 37 63 81 99 26 63 36 65 93 17 71 14 11 23 24 93 31 16 82 40 0 75 17 90 51 28 89 54 69 40 27 45 63 49 96 15 16 22 78 57 2 15 84 92 87 7 48 16 21 45 54 12 42 59 62 34 79 84 35 25 56 18 99 23 60 42 63
 32 66 84 23 15 98 45 55 5 40 71 1 80 71 4 27 99 25 42 98 86 99 34 88 14 83 52 30 14 67 8 39 51 16 29 36 45 25 12 70 10 49 64 59 12 13 84 20 68 74 64 2 19 46 0 27 25 44 28 79 48 46 25 17 28 25 72 15 23 8 71 82 49 45 30 83 60 46 9 99 45 69 99 17 1 71 28 1 13 77 11 64 16 71 27 57 27 71 75 55
 55 37 57 87 32 76 5 3 63 65 78 74 16 39 42 55 44 17 64 78 88 94 90 99 84 81 76 29 42 2 47 33 56 98 20 0 22 27 88 7 36 48 8 93 97 87 98 82 47 41 15 75 5 36 66 0 51 16 56 89 20 93 85 71 5 10 16 66 4 39 51 77 72 34 76 74 73 32 32 25 75 11 10 40 37 82 59 71 70 91 59 45 76 96 58 30 42 98 29 89
 45 87 14 89 55 43 89 29 20 75 81 10 84 93 14 38 22 25 30 94 62 91 27 4 40 95 92 4 66 90 63 43 77 61 74 94 63 16 53 5 13 37 55 80 41 22 16 20 29 38 72 18 80 96 78 75 0 31 37 10 92 26 11 32 16 42 69 53 79 17 52 59 78 57 92 73 17 55 51 77 53 48 44 19 46 82 84 31 23 77 82 17 78 41 85 49 54 50 28 30
 18 64 59 69 36 56 72 17 53 49 53 86 55 19 36 34 71 15 13 74 44 58 44 68 75 30 34 23 23 38 31 19 80 41 26 84 56 1 8 26 82 79 61 76 67 94 11 37 31 41 91 32 22 5 16 9 80 0 64 59 46 94 13 47 20 24 84 12 64 57 2 80 4 64 83 96 3 55 88 94 29 91 96 16 1 75 77 99 24 45 95 13 38 38 50 54 38 55 71 51
 74 65 95 57 67 24 39 27 48 4 4 92 14 53 91 80 14 82 31 83 16 91 17 61 48 92 30 33 46 4 42 49 96 91 10 52 88 2 39 37 58 14 49 24 54 60 46 75 71 40 62 27 3 89 41 73 71 83 0 68 70 56 9 35 24 61 92 25 79 41 63 39 46 81 29 74 21 0 39 1 27 18 40 87 26 66 22 10 57 63 98 55 66 33 81 1 94 48 94 95
 67 43 77 8 28 8 40 80 24 86 79 17 90 12 67 73 75 9 38 67 14 43 75 2 36 0 72 76 30 73 5 39 47 77 94 70 20 29 86 60 21 7 94 83 83 49 95 30 87 28 52 29 93 75 29 82 99 33 42 0 40 93 33 55 62 94 40 19 58 42 59 7 14 95 0 61 88 43 23 90 6 17 78 3 64 49 48 83 64 0 96 71 44 80 3 26 6 56 47 67
 45 95 2 33 32 4 21 12 81 60 51 5 88 60 29 28 74 86 48 32 68 99 59 68 57 81 68 93 0 75 56 57 71 72 15 88 45 43 92 54 90 29 26 38 26 9 53 9 12 21 80 87 15 76 57 97 65 51 52 81 0 57 33 37 26 26 4 89 2 65 86 62 54 96 51 61 75 24 22 83 23 79 15 8 77 13 32 5 85 84 8 41 56 23 62 50 73 47 63 15
 53 75 80 80 58 45 17 39 59 60 79 65 11 33 28 32 38 12 23 74 99 20 93 94 13 69 37 35 22 94 91 22 91 89 94 2 14 56 94 47 48 78 22 81 65 7 89 77 15 30 39 88 12 19 31 90 53 67 31 30 45 0 13 13 7 34 84 45 37 87 54 76 37 35 85 77 65 76 69 3 6 37 49 68 63 72 4 77 72 21 85 34 48 53 4 11 60 39 54 95
 1 73 42 50 91 18 21 18 92 71 44 88 80 25 46 65 71 48 16 16 48 63 96 87 46 5 18 53 67 93 46 13 79 1 0 7 86 72 84 84 56 82 98 15 21 93 14 6 36 81 17 74 11 3 40 42 16 50 55 85 78 91 0 69 66 58 88 89 61 46 56 96 80 3 17 67 81 2 63 79 75 10 42 78 84 94 97 39 75 50 13 5 2 47 20 87 45 85 36 63
 62 74 11 65 24 7 87 28 28 90 38 26 62 29 77 43 64 45 97 13 36 1 4 34 23 23 48 80 75 92 34 36 47 89 48 48 80 21 30 87 76 17 3 23 76 55 29 76 97 79 59 94 95 56 28 31 94 86 54 33 82 32 59 0 62 99 38 28 94 24 76 55 41 16 37 43 92 77 17 89 51 12 22 4 62 86 83 81 83 37 8 99 94 53 42 42 38 28 99 17
 26 66 51 95 2 85 92 0 1 78 98 75 5 71 30 31 65 73 40 24 2 93 98 14 73 25 70 60 46 27 91 45 98 71 96 27 21 72 94 99 81 31 93 2 76 93 68 57 15 67 81 75 86 22 57 32 51 55 95 58 99 88 85 58 0 87 99 96 33 56 88 45 46 66 49 26 88 62 51 77 16 44 31 75 63 59 56 2 32 44 29 27 14 23 30 36 58 20 97 64
 8 13 39 53 92 78 23 80 68 98 53 75 43 22 68 17 34 47 51 8 44 51 59 71 17 49 29 59 39 98 5 74 30 89 37 1 62 10 34 20 36 35 97 9 45 4 81 76 91 78 44 75 30 11 2 74 42 5 45 97 48 49 28 31 32 0 57 82 64 58 71 31 25 19 40 30 34 16 63 55 29 40 2 25 49 3 40 75 13 61 45 14 75 91 91 14 87 74 31 0
 65 63 9 22 36 77 31 8 12 67 48 77 61 91 66 16 26 58 10 25 31 52 42 39 63 89 48 51 3 73 94 10 9 72 21 26 36 37 93 20 87 87 12 29 78 9 52 71 83 1 78 41 44 38 40 94 85 97 14 24 6 35 53 59 5 26 0 62 42 59 68 81 6 99 40 79 10 57 60 25 99 51 57 20 46 9 76 27 47 15 23 45 19 73 85 74 59 49 68 99
 93 64 93 28 56 66 44 29 42 62 24 52 55 16 27 1 3 21 53 77 91 68 7 54 1 77 25 3 81 20 76 77 67 10 64 72 82 26 3 85 41 47 93 70 71 7 10 25 34 80 91 8 89 65 77 59 74 12 68 54 43 15 12 20 57 66 37 0 63 84 69 2 64 96 36 15 76 75 77 16 23 47 21 76 3 44 88 49 90 28 96 19 69 85 83 76 66 20 42 18
 71 26 3 85 25 46 60 24 53 50 44 48 92 52 10 23 36 15 92 48 31 8 60 6 73 75 50 25 51 52 71 72 52 42 11 27 35 76 20 18 43 87 5 5 56 27 40 63 91 59 69 26 99 59 31 93 38 63 96 86 36 15 38 31 45 85 29 62 0 83 34 67 62 92 82 5 25 1 75 95 24 68 17 38 6 30 60 95 26 28 11 5 53 13 75 37 93 85 54 89
 27 20 45 42 52 44 10 75 12 83 68 10 50 24 13 30 74 70 18 87 62 39 75 6 57 88 74 76 81 70 51 43 61 35 20 37 92 83 93 69 49 25 35 20 17 67 42 0 32 61 78 19 22 54 77 4 91 40 35 94 56 60 88 54 22 56 97 84 64 0 15 41 8 35 60 78 9 56 67 97 44 32 51 47 58 86 64 85 21 96 94 16 34 63 41 52 95 77 78 64
 84 51 76 61 82 65 45 73 86 86 64 75 25 68 32 58 56 45 66 29 24 31 25 55 95 20 1 36 64 35 99 27 27 58 68 43 51 45 36 26 62 23 99 24 36 65 21 2 24 97 1 11 0 38 17 9 70 69 58 42 79 95 93 70 57 72 94 90 65 80 0 60 0 14 19 64 31 16 15 17 36 10 80 18 34 45 13 21 79 11 6 85 99 62 32 79 36 46 96 43
 77 88 83 80 9 2 2 90 66 88 43 61 32 33 49 2 39 75 21 54 13 57 17 55 30 21 13 69 88 61 18 54 29 97 66 27 96 38 56 82 13 85 27 14 8 69 38 63 36 88 76 45 92 21 70 81 37 13 92 47 72 92 88 23 33 79 98 74 49 12 17 0 49 59 29 49 42 94 18 25 20 77 77 13 96 39 48 35 54 93 75 95 32 18 75 51 13 25 92 40
 80 7 33 29 95 37 65 41 16 45 56 54 82 66 57 75 13 40 58 36 21 95 11 0 97 50 81 9 59 50 8 74 55 71 25 26 31 21 4 58 14 5 56 86 72 79 46 44 49 70 94 87 61 95 78 3 85 98 63 57 86 17 47 72 21 1 5 72 69 13 6 55 0 18 62 50 65 14 58 69 22 27 90 26 2 91 79 40 82 19 7 49 5 28 20 41 61 0 74 51
 6 57 81 77 7 86 77 63 58 9 64 52 77 58 44 64 18 52 83 41 83 40 90 46 79 79 29 29 25 92 54 25 21 84 35 19 84 10 3 81 88 24 82 42 24 39 53 59 37 16 50 30 84 40 64 13 41 67 83 27 77 40 13 98 9 83 33 0 80 47 81 76 66 0 39 45 94 84 65 2 30 88 83 13 58 16 4 73 3 82 2 61 93 65 85 80 95 97 53 63
 97 91 28 92 53 80 84 69 86 7 43 5 26 79 58 83 0 54 67 23 66 43 28 76 9 18 25 31 5 45 54 91 51 39 3 40 85 51 56 2 56 84 50 26 7 26 55 60 52 46 94 93 44 21 12 23 68 3 46 51 56 95 43 86 36 90 44 25 1 90 71 65 63 62 0 33 0 30 55 14 39 14 89 78 80 88 40 9 98 77 79 52 25 38 29 49 18 50 73 14
 86 66 74 20 23 78 47 48 62 56 65 83 72 47 19 0 90 19 39 15 30 30 44 8 26 12 43 23 1 13 45 6 22 70 6 56 96 67 40 58 85 82 71 28 42 18 87 28 61 27 2 91 3 34 92 84 48 81 9 10 61 64 99 16 1 56 96 12 50 58 69 64 14 98 66 0 49 16 96 96 0 48 79 85 18 58 80 47 43 93 59 91 11 60 5 23 16 20 24 95
 16 51 89 39 71 76 80 65 51 41 27 48 80 85 91 5 73 23 70 47 56 41 80 25 72 23 2 41 75 62 48 35 0 16 45 2 75 88 84 11 29 34 38 3 47 96 77 13 92 60 71 54 1 84 39 58 22 8 18 9 54 90 27 86 6 86 48 47 9 78 47 27 16 47 79 59 0 96 35 80 12 2 67 76 43 9 37 9 97 77 51 62 31 18 71 17 16 4 6 8
 57 58 86 19 74 69 85 11 72 23 27 78 7 16 3 24 84 60 27 19 8 67 8 11 50 0 44 86 10 1 34 38 84 97 13 37 61 32 64 8 34 98 6 1 54 31 43 51 50 20 80 21 18 47 63 69 54 66 80 26 70 70 33 51 68 45 12 28 3 69 97 8 91 86 0 46 69 0 56 35 66 28 24 67 69 51 42 14 56 94 71 8 31 13 67 65 42 69 88 86
 49 45 46 25 47 58 9 0 47 12 69 2 23 81 91 60 11 89 62 70 18 47 84 26 89 19 1 36 60 38 87 23 99 79 28 18 60 85 32 93 16 28 70 78 96 41 3 45 34 50 43 73 20 22 48 66 80 91 54 55 35 30 61 24 75 20 89 14 88 91 74 44 39 16 71 30 7 35 0 79 32 54 80 10 23 70 25 95 27 42 29 34 72 18 35 25 3 64 74 85
 40 19 78 98 7 5 79 60 70 91 65 13 87 83 43 46 62 40 99 74 52 86 77 43 15 95 64 29 1 21 0 35 7 19 49 72 78 13 5 58 40 2 61 30 34 42 53 81 2 45 86 28 47 7 55 1 7 94 7 38 76 80 21 10 56 0 28 29 0 4 85 34 27 28 96 15 65 39 28 0 2 37 49 18 12 17 43 86 64 39 23 7 43 5 37 4 95 50 88 94
 92 5 45 66 38 38 85 45 40 42 16 66 79 50 86 39 14 38 16 51 26 27 16 8 43 69 72 93 4 25 8 73 19 79 66 15 79 86 15 57 73 31 25 66 82 53 36 47 75 6 21 23 83 50 86 76 63 19 80 81 31 85 24 18 66 2 19 24 11 92 51 39 37 9 48 66 1 41 74 15 0 35 39 38 74 58 18 3 96 22 61 22 15 91 71 63 99 93 46 9
 46 95 48 7 96 1 11 32 12 59 12 43 11 48 42 14 22 81 13 29 70 60 0 47 0 8 60 99 51 90 67 56 62 66 14 34 24 36 27 71 88 0 4 36 55 22 62 3 3 16 78 23 42 45 90 30 42 99 62 8 38 69 28 22 50 76 95 5 54 83 90 22 69 51 98 77 82 2 25 2 52 0 85 0 0 99 4 83 93 62 46 21 92 1 82 88 33 92 38 46
 34 91 50 79 18 56 36 73 46 63 68 21 41 69 27 88 42 95 18 9 43 46 38 2 73 63 27 37 27 91 2 96 10 31 94 35 87 90 89 90 39 45 88 54 64 94 32 68 66 55 53 60 96 99 91 6 7 31 48 63 75 17 70 99 9 23 72 10 34 5 76 60 16 61 17 63 46 56 60 47 34 13 0 71 92 10 1 26 6 13 41 74 1 45 46 6 99 42 50 69
 49 68 85 3 36 82 22 61 2 80 28 14 85 10 92 47 30 80 43 40 41 84 78 14 26 57 64 25 48 89 69 4 80 73 36 80 33 24 61 11 63 69 84 30 34 86 32 55 96 3 29 56 80 37 21 72 2 73 0 22 52 4 61 72 74 87 68 22 76 62 46 39 64 35 38 90 11 47 8 38 10 98 77 0 5 3 96 65 4 1 63 59 65 63 37 66 42 39 70 84
 30 53 28 14 82 12 95 3 81 34 78 94 12 68 98 89 63 95 44 82 4 96 21 20 47 75 33 72 67 3 22 61 40 87 53 43 11 9 69 14 79 58 44 26 39 5 91 17 36 64 64 75 28 66 90 49 18 99 10 21 37 46 97 95 29 11 93 89 13 65 53 33 87 2 97 62 40 58 96 62 62 98 22 39 0 25 28 56 34 16 2 59 67 78 73 57 93 1 15 60
 39 0 18 45 94 17 21 27 26 3 18 24 43 38 19 27 19 74 11 46 13 67 50 55 71 91 37 95 29 18 42 31 46 86 80 29 16 88 94 27 8 39 83 79 31 43 86 70 64 79 36 44 77 12 42 14 66 85 27 85 95 86 3 27 80 23 91 49 57 60 66 51 52 3 96 85 41 7 14 39 42 43 1 37 38 0 34 96 36 30 68 94 63 65 46 80 77 6 36 17
 14 32 61 77 12 79 53 13 35 27 45 70 63 72 52 24 50 25 7 94 10 74 29 39 94 81 29 99 58 1 77 8 60 61 55 4 9 28 33 28 23 58 69 32 51 44 70 9 84 69 40 48 85 51 84 89 61 13 12 75 32 61 23 48 77 65 23 67 66 44 99 3 6 7 32 64 74 84 23 76 73 51 70 61 60 1 0 37 44 45 80 33 1 7 3 12 21 11 57 77
 51 4 52 6 69 89 10 8 24 17 2 37 59 32 65 53 33 6 25 97 21 63 44 84 77 62 90 52 10 8 15 22 50 75 50 41 92 11 77 73 6 41 54 19 29 81 50 35 25 54 0 19 35 66 20 78 80 36 1 18 20 26 53 70 93 2 37 44 19 2 12 18 66 29 24 49 78 99 91 95 96 11 70 57 41 18 19 0 42 32 89 21 66 68 7 50 19 69 86 10
 4 52 5 48 2 69 99 3 91 55 13 19 48 74 11 69 6 85 4 94 8 6 41 2 8 74 91 68 89 73 65 67 19 49 35 81 86 45 55 16 67 29 75 35 94 57 33 24 61 22 37 14 40 62 48 39 82 55 73 38 5 3 75 55 39 70 46 6 66 74 75 67 53 59 73 21 89 55 34 43 91 52 82 9 89 25 70 20 0 8 25 84 46 92 9 77 46 91 92 43
 91 3 1 61 81 94 37 82 9 28 76 44 12 53 6 18 93 71 7 73 91 42 20 70 52 69 51 1 46 26 32 89 93 29 69 67 32 29 38 99 28 80 59 24 72 16 7 39 38 27 6 44 41 90 58 80 30 28 21 14 6 57 78 85 19 32 84 69 41 45 1 49 21 80 10 51 19 96 64 53 13 39 86 0 99 39 93 51 78 0 52 21 24 78 86 31 43 24 12 40
 14 29 39 88 65 63 39 89 34 81 45 42 81 13 14 38 85 30 22 11 47 24 94 66 15 63 99 11 78 64 7 5 35 83 75 32 56 72 3 51 23 84 89 15 60 91 48 40 38 85 34 75 30 99 89 67 70 13 31 39 97 86 63 25 7 39 44 11 29 29 56 81 93 44 61 9 41 79 47 53 28 3 11 10 45 74 66 74 32 38 0 71 68 13 8 93 16 94 82 56
 2 80 46 69 64 19 61 23 79 64 74 35 62 32 94 52 9 73 3 71 15 41 57 56 97 94 73 83 80 92 5 96 42 58 73 80 66 58 79 10 66 34 0 18 87 93 13 80 44 5 95 83 28 59 95 80 93 2 97 76 6 74 97 0 7 65 92 84 10 96 63 47 39 68 63 7 38 83 91 79 23 56 12 48 86 86 52 58 99 29 69 0 49 24 16 73 14 80 68 13
 27 78 60 24 15 58 6 77 26 0 54 91 24 2 40 23 33 72 18 42 95 93 50 40 61 89 77 50 53 74 49 7 96 86 28 53 88 44 85 8 95 26 78 81 17 38 50 51 66 41 41 0 66 53 7 28 28 93 72 85 67 97 15 12 33 17 3 62 86 59 51 50 91 53 67 11 36 72 75 14 81 69 94 65 28 35 20 48 52 41 90 38 0 8 38 15 16 25 0 40
 26 79 40 36 36 29 75 33 22 89 26 89 28 80 88 32 80 17 31 12 9 21 69 82 54 0 22 68 10 54 4 46 79 71 49 20 9 95 13 46 52 77 76 22 66 13 30 58 26 36 38 14 65 37 10 6 34 14 22 75 75 27 98 10 56 41 84 88 43 32 41 74 89 86 13 81 36 68 17 19 69 67 83 27 36 59 42 88 6 21 31 74 29 0 26 15 64 13 81 53
 91 42 34 51 85 80 41 59 71 1 42 91 54 0 3 39 19 21 81 73 72 79 94 39 2 69 23 43 88 86 79 84 91 49 59 51 86 87 66 23 48 74 47 29 78 82 46 61 55 39 98 5 12 93 85 58 38 73 3 90 33 67 0 13 39 79 40 80 59 38 81 69 81 68 59 24 44 83 40 82 6 99 54 54 15 63 34 55 19 22 96 85 37 95 0 12 98 85 2 11
 29 30 7 58 89 67 82 38 52 19 50 44 39 70 71 1 76 57 21 68 93 12 9 70 37 18 34 70 53 67 43 50 72 48 66 22 81 23 43 61 21 49 94 71 28 50 76 79 34 34 5 61 2 77 25 87 98 95 27 79 16 96 21 41 31 19 81 40 76 71 77 61 46 26 96 93 42 50 38 88 50 58 71 43 54 52 83 34 9 4 36 11 3 89 64 0 2 71 39 69
 38 3 11 70 40 31 47 57 16 22 96 76 36 7 20 55 59 56 42 31 16 50 12 89 80 43 80 42 28 22 11 78 23 42 26 15 44 70 84 97 37 22 64 55 96 39 17 2 82 3 18 77 33 17 64 8 65 7 37 92 86 96 59 90 3 47 83 70 22 26 78 91 1 79 9 54 11 29 62 40 31 67 94 20 17 72 3 9 57 81 29 34 88 77 28 64 0 45 1 78
 17 96 71 68 67 67 29 19 8 42 26 51 50 29 30 20 40 19 30 35 15 54 13 85 23 18 65 91 73 61 48 80 97 23 36 20 25 56 17 41 30 46 1 34 5 67 7 78 73 6 98 36 84 56 69 91 83 0 5 94 63 26 95 66 47 16 64 28 67 3 51 87 66 87 40 29 27 60 9 74 63 1 12 46 88 10 50 8 82 38 19 42 2 14 42 11 17 0 28 72
 38 62 34 81 70 34 46 87 65 57 68 10 9 99 0 77 56 48 9 40 59 75 63 44 72 6 4 71 49 54 75 70 52 32 39 46 9 73 37 26 94 11 39 23 71 34 39 0 72 20 74 4 73 31 47 76 40 80 88 88 89 61 76 95 14 47 93 98 87 70 81 98 82 67 99 60 99 88 69 61 32 93 32 17 27 91 68 85 75 67 18 41 26 84 2 99 65 33 0 77
 73 62 59 96 6 69 79 32 93 44 30 72 92 39 78 15 76 81 18 23 35 43 44 7 91 79 93 41 96 98 55 67 41 8 39 9 61 75 26 94 79 81 36 81 80 10 72 75 7 60 55 94 74 20 2 87 21 80 15 15 88 76 88 94 82 31 66 67 56 45 3 45 63 56 56 71 64 83 77 98 53 82 73 18 2 59 55 13 3 56 55 33 71 60 23 23 22 35 56 0
