100

 0 56 33 87 37 4 24 0 83 98 27 12 6 53 68 19 61 21 82 26 82 14 37 42 86 80 89 28 48 37 74 98 37 37 8 54 63 19 30 6 30 8 27 28 66 37 94 76 35 14 28 11 40 63 10 18 31 74 36 57 83 11 27 23 83 17 63 1 85 56 59 91 92 1 59 17 37 23 21 19 11 30 78 19 57 27 27 3 32 71 17 13 19 35 44 91 53 82 61 53
 44 0 84 8 2 80 81 82 98 97 2 19 33 62 70 64 21 21 58 2 37 43 84 55 70 93 95 22 36 40 70 46 2 22 2 19 71 98 42 97 98 49 29 33 32 16 31 74 97 1 46 64 48 50 86 75 1 39 12 56 0 1 25 43 11 16 83 12 90 72 34 50 74 17 29 72 15 25 24 25 57 81 61 34 62 62 99 6 42 45 94 98 40 85 6 7 23 83 8 6
 67 16 0 22 71 20 60 22 71 75 94 7 44 33 72 8 83 69 40 99 79 79 64 73 75 16 41 10 85 55 58 18 81 50 84 12 94 56 40 51 47 12 30 73 48 36 80 70 9 62 38 62 13 7 63 14 36 10 18 70 31 28 52 22 10 68 8 50 78 34 19 15 41 63 76 74 80 65 47 43 54 15 84 67 55 33 93 5 78 56 38 13 30 45 61 41 85 64 50 96
 13 92 78 0 66 66 0 17 27 20 93 35 35 70 52 71 78 36 75 12 23 89 18 83 23 65 24 18 42 74 27 36 64 22 44 99 34 48 83 53 21 67 73 38 72 59 70 63 89 31 7 64 8 95 86 88 19 80 45 47 69 50 88 14 64 75 5 62 47 41 12 37 22 84 81 36 57 0 68 54 89 37 45 50 69 65 33 55 88 78 73 42 0 85 80 17 85 91 31 55
 63 98 29 34 0 56 48 14 35 15 41 99 16 99 8 43 68 18 14 59 84 82 97 96 4 11 4 93 25 86 23 95 31 12 67 58 99 70 18 84 53 10 65 10 37 93 10 9 91 8 52 37 19 55 92 31 12 0 91 17 59 2 8 39 86 5 96 27 80 20 2 82 60 95 90 76 6 52 81 42 75 93 28 52 31 0 59 60 90 51 8 66 15 79 74 20 30 63 62 95
 96 20 80 34 44 0 78 36 93 16 52 31 79 17 93 49 53 74 0 62 11 69 63 11 98 44 63 1 53 53 10 76 40 99 85 60 47 27 90 94 85 56 83 28 57 98 39 52 54 51 76 97 36 75 19 18 28 3 25 5 61 78 37 14 5 83 6 58 9 54 79 35 17 21 57 8 9 34 50 48 87 75 38 62 59 70 25 53 31 55 37 13 5 88 16 33 77 28 69 67
 76 19 40 100 52 22 0 33 64 70 22 88 25 70 86 8 40 89 79 38 21 36 10 78 3 78 72 77 64 99 3 14 56 33 99 1 56 86 78 88 81 59 69 21 20 74 90 55 86 69 90 29 29 78 39 83 16 5 2 87 19 47 2 61 37 67 15 94 48 80 16 87 43 52 9 97 35 53 41 14 72 18 70 69 0 60 13 92 30 48 0 20 50 67 60 54 3 22 34 60
 100 18 78 83 86 64 67 0 6 11 12 91 85 32 16 68 8 30 35 78 4 0 62 71 17 13 83 92 40 99 6 88 85 94 13 23 84 37 23 5 71 95 73 41 23 76 80 78 68 85 82 62 23 52 20 33 57 75 88 31 74 21 27 72 38 39 40 54 19 85 18 87 71 43 24 61 88 65 78 58 2 62 63 15 16 48 66 96 73 39 59 45 69 66 69 49 98 92 18 8
 17 2 29 73 65 7 36 94 0 62 40 68 61 0 67 59 36 78 42 63 23 59 40 5 85 90 41 58 18 36 94 54 30 12 32 17 85 87 61 56 55 70 22 81 67 51 22 43 66 29 96 4 28 6 27 69 1 52 98 46 78 22 72 54 3 35 68 95 77 99 48 44 51 45 60 26 49 4 83 13 25 44 31 41 1 2 65 29 99 67 52 49 34 85 59 88 54 89 74 56
 2 3 25 80 85 84 30 89 38 0 30 46 0 53 16 24 12 23 21 98 94 60 71 78 32 88 24 86 28 43 80 6 68 30 90 72 67 47 41 99 22 41 50 52 14 42 92 79 30 42 42 47 89 59 35 61 71 21 5 11 72 86 18 94 37 7 36 59 10 16 33 22 62 14 81 82 35 75 57 73 48 75 94 37 81 87 53 35 24 40 2 52 19 2 71 9 26 70 35 71
 73 98 6 7 59 48 78 88 60 70 0 42 60 85 29 18 96 49 83 75 21 54 57 19 83 0 49 35 59 60 0 5 49 26 86 12 70 66 59 7 18 85 78 35 39 14 36 94 30 32 66 52 98 76 48 66 24 82 12 45 89 20 89 46 21 14 78 89 15 39 78 31 85 66 43 22 72 89 38 17 94 90 20 93 15 13 69 75 22 69 11 43 96 41 26 50 45 26 89 47
 88 81 93 65 1 69 12 9 32 54 58 0 95 66 94 94 92 81 43 51 38 28 82 35 67 43 97 88 38 89 65 62 1 20 91 51 78 91 76 23 61 26 78 39 91 97 35 58 11 90 93 2 89 62 35 75 28 96 39 62 11 69 7 60 84 98 56 82 30 64 73 40 18 8 39 33 34 25 17 33 27 74 3 64 70 80 94 89 60 25 48 42 10 39 95 56 52 99 0 34
 94 67 56 65 84 21 75 15 39 100 40 5 0 45 89 86 75 52 34 12 45 15 41 93 84 90 97 96 5 44 79 55 84 54 33 89 31 43 92 1 13 63 3 94 90 36 2 40 29 14 24 45 47 12 61 25 4 26 65 63 14 95 57 88 45 16 97 83 91 57 66 44 44 10 80 6 23 80 86 58 49 26 31 76 81 9 19 42 29 96 24 9 48 11 65 95 54 88 13 23
 47 38 67 30 1 83 30 68 100 47 15 34 55 0 46 17 35 76 45 72 38 20 6 43 89 20 32 26 3 86 53 34 30 88 59 35 9 93 77 30 58 6 93 42 57 78 69 75 25 90 58 41 59 61 78 92 33 45 72 32 24 40 72 96 3 61 98 77 88 13 76 41 17 6 96 66 81 70 11 96 19 91 32 42 47 54 65 21 61 98 77 49 62 83 13 93 71 43 20 74
 32 30 28 48 92 7 14 84 33 84 71 6 11 54 0 51 34 11 53 40 61 92 83 38 17 16 95 68 36 36 30 34 43 33 79 65 50 79 80 12 84 73 79 10 71 27 36 69 45 50 57 89 4 35 11 52 51 65 1 40 67 27 37 51 12 69 55 91 76 97 18 19 17 78 18 82 72 19 39 17 19 54 16 25 59 81 73 74 18 12 72 43 74 39 22 24 77 1 13 85
 81 36 92 29 57 51 92 32 41 76 82 6 14 83 49 0 2 70 76 74 4 66 96 68 4 3 17 21 66 94 24 34 49 2 28 51 69 3 22 58 8 32 56 86 47 77 84 44 77 79 35 87 52 49 35 86 9 59 18 49 85 7 37 51 16 76 56 24 79 85 3 3 25 35 79 49 22 59 9 62 46 83 32 77 5 42 47 14 19 3 93 39 53 94 18 71 14 28 18 94
 39 79 17 22 32 47 60 92 64 88 4 8 25 65 66 98 0 3 3 27 1 14 63 35 70 28 18 87 82 9 41 18 80 76 94 26 70 4 14 70 4 68 77 76 40 28 95 82 37 90 47 69 22 23 61 96 90 45 15 49 65 90 84 65 76 81 45 79 68 59 85 1 27 42 91 98 96 11 94 48 75 57 69 38 83 64 73 97 67 38 64 8 15 33 72 76 77 10 41 16
 79 79 31 64 82 26 11 70 22 77 51 19 48 24 89 30 97 0 86 89 69 11 49 9 0 65 36 83 54 26 47 2 59 73 52 24 37 51 46 66 99 24 94 25 14 20 98 59 12 74 11 92 97 59 77 63 9 59 59 74 69 48 52 90 35 65 56 64 5 38 26 73 31 35 3 31 70 56 79 3 60 93 19 31 94 64 20 91 4 94 47 56 6 10 88 17 71 30 55 80
 18 42 60 25 86 100 21 65 58 79 17 57 66 55 47 24 97 14 0 97 40 9 20 16 79 84 19 55 68 27 98 15 82 82 54 38 5 12 36 65 59 74 39 37 16 24 89 89 95 29 23 63 4 74 12 99 90 75 29 30 30 53 59 62 76 21 82 50 66 25 11 53 62 12 84 32 10 64 79 69 4 92 44 19 51 27 62 63 85 97 16 18 75 46 94 99 62 28 23 32
 74 98 1 88 41 38 62 22 37 2 25 49 88 28 60 26 73 11 3 0 82 50 66 51 63 15 64 98 1 84 18 84 87 46 51 19 12 79 22 29 40 68 13 52 19 38 8 70 58 15 63 36 98 58 23 9 41 6 80 38 80 95 46 3 37 40 34 85 3 86 23 22 68 75 69 59 33 70 37 77 28 55 19 10 19 84 30 86 5 41 95 87 33 11 64 78 75 37 67 33
 18 63 21 77 16 89 79 96 77 6 79 62 55 62 39 96 99 31 60 18 0 73 9 90 70 77 69 4 46 58 68 97 97 75 76 51 56 40 45 75 52 30 13 92 29 72 85 51 72 4 75 18 91 22 36 84 58 22 73 16 22 72 83 18 40 17 39 38 28 75 8 45 60 95 17 70 84 93 16 61 79 87 7 19 69 72 58 67 93 7 15 18 37 46 22 81 40 57 43 17
 86 57 21 11 18 31 64 100 41 40 46 72 85 80 8 34 86 89 91 50 27 0 14 67 77 22 98 17 70 4 87 14 67 79 22 0 71 63 61 41 56 74 14 21 87 96 80 63 64 9 52 90 70 74 43 7 81 17 95 3 67 89 7 77 50 20 5 0 25 38 2 59 37 38 13 56 86 84 58 6 47 44 43 82 46 15 22 44 22 24 19 17 95 77 25 83 7 38 72 48
 63 16 36 82 3 37 90 38 60 29 43 18 59 94 17 4 37 51 80 34 91 86 0 77 1 94 24 24 29 40 38 13 1 25 70 46 7 99 29 44 55 24 81 45 26 0 0 85 75 3 32 19 70 65 93 32 57 24 53 97 81 28 30 98 71 46 83 93 30 72 63 28 89 95 29 29 63 16 72 9 9 84 79 95 53 54 48 33 18 45 79 82 42 97 65 29 43 58 87 78
 58 45 27 17 4 89 22 29 95 22 81 65 7 57 62 32 65 91 84 49 10 33 23 0 17 89 88 18 62 37 58 50 6 79 79 11 87 40 50 82 45 4 21 46 7 18 57 71 26 74 1 66 8 10 31 5 9 93 86 90 97 53 4 6 83 86 90 18 55 5 34 67 66 32 78 71 89 79 93 41 91 21 46 78 12 24 50 51 39 68 98 71 7 99 90 10 14 54 76 30
 14 30 25 77 96 2 97 83 15 68 17 33 16 11 83 96 30 100 21 37 30 23 99 83 0 42 28 67 78 47 81 22 25 84 93 95 56 48 95 14 65 3 17 1 52 63 8 99 75 24 73 38 3 25 25 70 71 91 66 10 18 97 94 18 71 14 97 17 76 63 96 15 42 46 37 99 91 91 91 18 90 96 39 66 97 87 40 14 3 79 99 0 25 89 12 57 30 9 17 8
 20 7 84 35 89 56 22 87 10 12 100 57 10 80 84 97 72 35 16 85 23 78 6 11 58 0 99 43 39 78 45 7 9 63 69 79 13 46 96 36 78 14 83 28 2 93 30 27 49 43 75 6 31 41 1 44 45 28 1 13 30 34 35 58 70 17 79 45 58 57 1 57 21 42 95 70 15 87 17 43 80 9 92 17 10 54 53 47 10 99 32 42 43 96 34 71 90 80 22 87
 11 5 59 76 96 37 28 17 59 76 51 3 3 68 5 83 82 64 81 36 31 2 76 12 72 1 0 61 15 65 89 8 85 13 40 56 23 48 4 1 59 48 12 81 7 82 51 20 67 22 3 53 4 72 57 98 25 18 24 92 87 84 98 52 19 95 91 93 79 93 19 52 24 21 82 97 13 9 52 79 83 84 98 36 49 23 90 26 1 35 53 53 9 57 6 9 1 85 71 39
 72 78 90 82 7 99 23 8 42 14 65 12 4 74 32 79 13 17 45 2 96 83 76 82 33 57 39 0 37 33 5 64 93 50 19 54 22 1 9 94 53 24 36 15 57 75 67 23 69 52 68 72 59 69 38 90 14 95 1 12 91 59 76 35 64 59 84 78 8 7 36 51 58 83 29 76 40 37 58 35 81 65 22 53 49 14 92 60 50 4 12 78 12 62 22 77 86 53 20 31
 52 64 15 58 75 47 36 60 82 72 41 62 95 97 64 34 18 46 32 99 54 30 71 38 22 61 85 63 0 95 65 9 80 31 39 93 99 34 75 70 45 87 52 78 63 57 66 27 15 58 40 23 89 50 93 6 54 32 37 73 82 14 86 56 62 87 0 11 28 84 42 28 27 37 77 39 46 55 70 41 32 0 75 56 42 89 71 76 21 75 60 58 18 73 27 40 29 58 94 81
 63 60 45 26 14 47 1 1 64 57 40 11 56 14 64 6 91 74 73 16 42 96 60 63 53 22 35 67 5 0 72 72 91 73 4 22 76 96 59 57 84 16 39 26 62 26 85 61 49 59 81 18 51 36 51 88 86 53 91 3 53 23 69 94 40 3 4 99 66 74 13 42 96 0 63 92 77 4 12 44 15 35 73 95 84 89 49 18 27 77 55 77 59 57 52 20 87 11 63 44
 26 30 42 73 77 90 97 94 6 20 100 35 21 47 70 76 59 53 2 82 32 13 62 42 19 55 11 95 35 28 0 31 64 76 9 96 87 84 46 2 90 27 69 43 17 25 12 20 35 10 36 82 66 42 3 85 76 58 92 11 79 23 31 49 37 92 32 91 1 17 21 4 55 67 44 76 6 99 88 1 43 18 57 59 82 85 84 72 21 67 16 20 16 97 3 48 71 80 84 31
 2 54 82 64 5 24 86 12 46 94 95 38 45 66 66 66 82 98 85 16 3 86 87 50 78 93 92 36 91 28 69 0 97 84 56 77 4 18 53 34 26 66 24 42 13 82 93 18 5 98 33 26 40 46 68 11 23 16 45 5 94 74 78 26 89 85 2 82 83 21 1 18 25 3 4 28 63 20 57 42 77 9 57 33 57 51 62 74 52 60 16 62 63 18 11 73 28 8 44 41
 63 98 19 36 69 60 44 15 70 32 51 99 16 70 57 51 20 41 18 13 3 33 99 94 75 91 15 7 20 9 36 3 0 44 8 78 3 52 2 3 37 87 92 5 45 10 55 65 22 0 72 9 66 58 92 82 11 41 31 62 40 71 32 91 12 64 7 11 3 79 87 97 67 29 80 37 66 79 67 37 26 84 34 83 6 92 82 7 47 74 91 93 87 70 75 22 17 3 78 21
 63 78 50 78 88 1 67 6 88 70 74 80 46 12 67 98 24 27 18 54 25 21 75 21 16 37 87 50 69 27 24 16 56 0 9 73 60 90 31 84 73 38 67 64 82 75 73 52 57 77 30 27 7 36 38 50 78 94 45 34 69 9 31 38 25 33 2 17 25 33 13 24 90 55 83 69 73 82 23 16 13 21 95 4 25 63 1 80 80 98 19 26 90 46 89 57 5 8 54 33
 92 98 16 56 33 15 1 87 68 10 14 9 67 41 21 72 6 48 46 49 24 78 30 21 7 31 60 81 61 96 91 44 92 91 0 39 93 56 48 14 80 67 73 46 38 0 22 33 27 21 13 2 82 13 20 24 54 95 5 77 86 57 11 48 51 98 60 41 88 35 75 27 64 41 68 43 22 2 51 65 27 0 15 15 9 57 25 15 40 58 93 90 51 27 20 20 53 62 6 43
 46 81 88 1 42 40 99 77 83 28 88 49 11 65 35 49 74 76 62 81 49 100 54 89 5 21 44 46 7 78 4 23 22 27 61 0 4 99 86 1 9 89 10 61 30 99 87 92 35 35 67 29 50 54 28 58 29 59 98 0 85 71 36 44 77 16 75 16 14 62 71 98 22 63 14 19 9 0 93 8 97 95 20 17 8 36 57 30 17 29 38 21 49 62 61 97 81 94 81 68
 37 29 6 66 1 53 44 16 15 33 30 22 69 91 50 31 30 63 95 88 44 29 93 13 44 87 77 78 1 24 13 96 97 40 7 96 0 53 60 29 82 28 16 26 75 1 84 73 13 42 91 15 13 58 95 12 87 17 77 93 69 8 62 54 95 5 87 43 59 20 59 70 64 73 77 2 61 67 4 20 96 66 54 33 60 76 97 6 59 63 73 30 18 10 89 92 58 47 1 55
 81 2 44 52 30 73 14 63 13 53 34 9 57 7 21 97 96 49 88 21 60 37 1 60 52 54 52 99 66 4 16 82 48 10 44 1 47 0 54 8 13 70 5 6 91 56 17 6 18 25 9 88 42 27 16 91 3 8 80 36 32 30 47 77 86 23 61 54 56 23 71 26 72 41 81 56 95 68 39 80 3 7 8 55 13 75 5 44 17 58 34 9 65 89 76 76 24 18 82 70
 70 58 60 17 82 10 22 77 39 59 41 24 8 23 20 78 86 54 64 78 55 39 71 50 5 4 96 91 25 41 54 47 98 69 52 14 40 46 0 36 18 25 87 77 90 46 3 1 78 83 15 40 45 25 72 27 28 85 0 24 99 81 31 41 17 83 10 27 34 85 9 86 13 65 75 55 68 58 80 81 45 35 63 16 75 53 53 87 94 74 55 68 86 59 65 53 3 10 64 61
 94 3 49 47 16 6 12 95 44 1 93 77 99 70 88 42 30 34 35 71 25 59 56 18 86 64 99 6 30 43 98 66 97 16 86 99 71 92 64 0 81 35 67 11 88 71 9 39 43 40 49 55 64 53 17 86 48 90 70 50 94 91 40 15 83 89 71 42 46 44 48 42 96 19 23 16 74 57 86 40 11 53 90 12 34 15 67 18 7 92 92 23 57 95 57 81 85 91 42 14
 70 2 53 79 47 15 19 29 45 78 82 39 87 42 16 92 96 1 41 60 48 44 45 55 35 22 41 47 55 16 10 74 63 27 20 91 18 87 82 19 0 32 73 92 7 8 56 26 85 16 9 78 82 86 3 68 66 22 85 65 58 75 75 76 75 0 79 98 56 10 89 53 79 90 91 60 35 52 31 70 49 33 92 85 78 87 28 36 23 6 34 68 43 80 33 69 7 87 55 99
 92 51 88 33 90 44 41 5 30 59 15 74 37 94 27 68 32 76 26 32 70 26 76 96 97 86 52 76 13 84 73 34 13 62 33 11 72 30 75 65 68 0 82 56 6 82 45 45 64 59 75 52 31 17 56 14 32 54 84 53 34 24 38 16 28 76 0 40 86 27 7 72 61 63 15 68 18 83 15 1 27 19 5 72 90 64 11 47 57 85 14 60 63 79 7 67 30 75 94 14
 73 71 70 27 35 17 31 27 78 50 22 22 97 7 21 44 23 6 61 87 87 86 19 79 83 17 88 64 48 61 31 76 8 33 27 90 84 95 13 33 27 18 0 7 78 25 5 65 94 31 24 79 95 0 73 78 8 5 74 89 67 14 68 29 75 81 7 63 6 91 65 62 83 24 34 30 95 64 58 95 14 84 35 60 89 47 73 17 16 59 94 20 24 65 63 56 20 51 24 66
 72 67 27 62 90 72 79 59 19 48 65 61 6 58 90 14 24 75 63 48 8 79 55 54 99 72 19 85 22 74 57 58 95 36 54 39 74 94 23 89 8 44 93 0 40 82 79 7 33 17 24 43 51 88 9 44 5 67 85 15 84 98 8 33 98 32 31 36 45 47 66 85 83 52 5 67 1 44 91 64 83 35 71 58 49 31 25 21 8 1 97 90 17 66 53 45 47 78 73 19
 34 68 52 28 63 43 80 77 33 86 61 9 10 43 29 53 60 86 84 81 71 13 74 93 48 98 93 43 37 38 83 87 55 18 62 70 25 9 10 12 93 94 22 60 0 66 85 34 29 43 85 21 4 24 78 20 31 14 85 85 53 80 3 10 9 44 54 35 6 44 75 1 74 36 5 12 21 96 11 15 53 25 70 49 86 10 55 75 63 53 35 46 17 94 32 98 66 45 83 31
 63 84 64 41 7 2 26 24 49 58 86 3 64 22 73 23 72 80 76 62 28 4 100 82 37 7 18 25 43 74 75 18 90 25 100 1 99 44 54 29 92 18 75 18 34 0 86 99 50 50 73 95 41 5 57 85 7 29 59 12 47 16 84 94 10 48 27 46 53 63 65 26 88 7 57 63 92 41 74 7 16 64 43 23 93 91 22 23 55 46 12 42 52 28 26 6 82 1 35 71
 6 69 20 30 90 61 10 20 78 8 64 65 98 31 64 16 5 2 11 92 15 20 100 43 92 70 49 33 34 15 88 7 45 27 78 13 16 83 97 91 44 55 95 21 15 14 0 37 7 46 82 76 63 9 47 14 29 49 1 1 55 26 39 65 88 38 42 76 49 60 25 13 40 40 56 95 23 38 94 50 13 68 84 16 0 93 54 67 13 80 27 21 89 90 36 30 43 38 48 83
 24 26 30 37 91 48 45 22 57 21 6 42 60 25 31 56 18 41 11 30 49 37 15 29 1 73 80 77 73 39 80 82 35 48 67 8 27 94 99 61 74 55 35 93 66 1 63 0 26 91 73 32 59 81 59 96 22 44 89 39 92 69 0 35 56 71 2 8 60 80 55 95 22 55 81 33 6 60 66 73 34 32 36 92 41 31 21 12 49 82 34 70 56 2 44 81 20 43 40 14
 65 3 91 11 9 46 14 32 34 70 70 89 71 75 55 23 63 88 5 42 28 36 25 74 25 51 33 31 85 51 65 95 78 43 73 65 87 82 22 57 15 36 6 67 71 50 93 74 0 11 88 27 7 53 87 58 38 45 43 17 96 96 46 98 34 70 77 2 73 16 31 19 0 37 5 86 78 43 59 43 98 61 49 49 74 87 56 69 68 92 36 86 81 24 22 6 77 86 17 46
 86 99 38 69 92 49 31 15 71 58 68 10 86 10 50 21 10 26 71 85 96 91 97 26 76 57 78 48 42 41 90 2 100 23 79 65 58 75 17 60 84 41 69 83 57 50 54 9 89 0 27 73 45 1 60 48 27 27 32 95 90 37 75 45 64 88 72 65 71 15 94 62 2 18 24 46 40 15 54 40 48 14 58 70 54 45 8 96 89 65 56 33 71 35 81 54 24 37 19 76
 72 54 62 93 48 24 10 18 4 58 34 7 76 42 43 65 53 89 77 37 25 48 68 99 27 25 97 32 60 19 64 67 28 70 87 33 9 91 85 51 91 25 76 76 15 27 18 27 12 73 0 47 67 45 23 97 45 41 62 28 54 25 28 63 60 6 8 13 82 75 4 0 84 47 48 33 37 74 68 50 79 21 3 44 79 25 6 88 37 93 77 24 32 29 74 74 2 0 87 54
 89 36 38 36 63 3 71 38 96 53 48 98 55 59 11 13 31 8 37 64 82 10 81 34 62 94 47 28 77 82 18 74 91 73 98 71 85 12 60 45 22 48 21 57 79 5 24 68 73 27 53 0 63 6 39 30 12 19 28 86 58 50 20 95 10 45 50 72 30 34 5 12 36 5 86 6 20 71 84 71 53 55 95 51 21 47 14 56 24 49 82 89 12 22 7 19 92 37 98 44
 60 52 87 92 81 64 71 77 72 11 2 11 53 41 96 48 78 3 96 2 9 30 30 92 97 69 96 41 11 49 34 60 34 93 18 50 87 58 55 36 18 69 5 49 96 59 37 41 93 55 33 37 0 85 26 65 67 50 41 43 63 4 92 32 62 20 84 74 5 55 17 31 20 52 66 85 22 17 57 34 20 20 83 21 73 8 40 23 77 82 64 70 9 11 2 92 58 59 86 78
 37 50 93 5 45 25 22 48 94 41 24 38 88 39 65 51 77 41 26 42 78 26 35 90 75 59 28 31 50 64 58 54 42 64 87 46 42 73 75 47 14 83 100 12 76 95 91 19 47 99 55 94 15 0 53 2 56 55 21 43 38 65 40 68 24 67 97 63 92 44 54 75 77 1 2 37 47 95 58 47 72 27 12 48 11 76 99 77 19 54 6 64 14 90 98 34 25 6 55 46
 90 14 37 14 8 81 61 80 73 65 52 65 39 22 89 65 39 23 88 77 64 57 7 69 75 99 43 62 7 49 97 32 8 62 80 72 5 84 28 83 97 44 27 91 22 43 53 41 13 40 77 61 74 47 0 45 10 4 23 10 72 18 54 56 83 0 9 17 6 95 98 19 58 83 36 89 79 10 82 89 94 37 3 43 77 4 99 65 50 94 38 25 22 18 4 82 57 44 36 62
 82 25 86 12 69 82 17 67 31 39 34 25 75 8 48 14 4 37 1 91 16 93 68 95 30 56 2 10 94 12 15 89 18 50 76 42 88 9 73 14 32 86 22 56 80 15 86 4 42 52 3 70 35 98 55 0 90 85 55 97 94 79 90 70 82 74 25 65 19 59 67 16 71 10 11 13 57 73 7 42 37 0 37 86 11 9 9 54 82 6 33 84 3 61 83 58 64 52 92 37
 69 99 64 81 88 72 84 43 99 29 76 72 96 67 49 91 10 91 10 59 42 19 43 91 29 55 75 86 46 14 24 77 89 22 46 71 13 97 72 52 34 68 92 95 69 93 71 78 62 73 55 88 33 44 90 10 0 89 91 92 3 51 50 36 49 78 60 73 95 20 31 82 96 9 30 45 30 45 81 26 21 27 46 7 23 24 92 37 94 4 13 44 0 68 83 76 59 41 80 44
 26 61 90 20 100 97 95 25 48 79 18 4 74 55 35 41 55 41 25 94 78 83 76 7 9 72 82 5 68 47 42 84 59 6 5 41 83 92 15 10 78 46 95 33 86 71 51 56 55 73 59 81 50 45 96 15 11 0 27 57 17 32 80 4 90 98 71 76 52 18 60 32 52 79 16 46 69 36 63 53 28 11 61 43 86 83 3 70 72 99 19 51 30 61 64 69 10 81 9 98
 64 88 82 55 9 75 98 12 2 95 88 61 35 28 99 82 85 41 71 20 27 5 47 14 34 99 76 99 63 9 8 55 69 55 95 2 23 20 100 30 15 16 26 15 15 41 99 11 57 68 38 72 59 79 77 45 9 73 0 96 19 42 20 63 59 68 77 79 23 61 99 45 86 91 11 35 49 32 99 54 23 76 15 73 65 64 51 37 88 53 35 27 28 34 25 13 67 25 17 88
 43 44 30 53 83 95 13 69 54 89 55 38 37 68 60 51 51 26 70 62 84 97 3 10 90 87 8 88 27 97 89 95 38 66 23 100 7 64 76 50 35 47 11 85 15 88 99 61 83 5 72 14 57 57 90 3 8 43 4 0 65 39 15 6 41 53 86 1 61 14 99 59 1 45 37 16 84 23 65 32 89 53 1 3 99 56 23 85 98 8 29 82 28 66 85 3 73 65 74 16
 17 100 69 31 41 39 81 26 22 28 11 89 86 76 33 15 35 31 70 20 78 33 19 3 82 70 13 9 18 47 21 6 60 31 14 15 31 68 1 6 42 66 33 16 47 53 45 8 4 10 46 42 37 62 28 6 97 83 81 35 0 56 75 87 69 84 49 74 80 3 12 11 48 38 46 74 89 71 75 73 68 79 94 70 64 96 58 1 87 19 51 57 59 15 33 81 22 78 96 65
 89 99 72 50 98 22 53 79 78 14 80 31 5 60 73 93 10 52 47 5 28 11 72 47 3 66 16 41 86 77 77 26 29 91 43 29 92 70 19 9 25 76 86 2 20 84 74 31 4 63 75 50 96 35 82 21 49 68 58 61 44 0 95 98 63 82 5 47 40 64 93 58 97 56 86 7 92 28 26 54 82 98 73 47 93 49 29 79 78 63 42 78 40 43 23 65 45 21 77 23
 73 75 48 12 92 63 98 73 28 82 11 93 43 28 63 63 16 48 41 54 17 93 70 96 6 65 2 24 14 31 69 22 68 69 89 64 38 53 69 60 25 62 32 92 97 16 61 100 54 25 72 80 8 60 46 10 50 20 80 85 25 5 0 12 86 60 80 79 30 77 40 52 5 38 19 97 4 5 70 29 33 42 68 66 75 41 50 36 16 90 74 37 55 59 44 12 20 31 72 83
 77 57 78 86 61 86 39 28 46 6 54 40 12 4 49 49 35 10 38 97 82 23 2 94 82 42 48 65 44 6 51 74 9 62 52 56 46 23 59 85 24 84 71 67 90 6 35 65 2 55 37 5 68 32 44 30 64 96 37 94 13 2 88 0 51 37 1 77 44 8 55 38 35 73 24 12 54 78 36 81 39 82 62 56 42 88 53 57 47 43 23 50 39 77 2 37 0 34 65 54
 17 89 90 36 14 95 63 62 97 63 79 16 55 97 88 84 24 65 24 63 60 50 29 17 29 30 81 36 38 60 63 11 88 75 49 23 5 14 83 17 25 72 25 2 91 90 12 44 66 36 40 90 38 76 17 18 51 10 41 59 31 37 14 49 0 68 85 51 74 59 98 51 14 53 93 44 38 77 85 71 14 70 53 90 5 66 41 88 14 61 50 68 74 94 53 15 6 52 92 76
 83 84 32 25 95 17 33 61 65 93 86 2 84 39 31 24 19 35 79 60 83 80 54 14 86 83 5 41 13 97 8 15 36 67 2 84 95 77 17 11 100 24 19 68 56 52 62 29 30 12 94 55 80 33 100 26 22 2 32 47 16 18 40 63 32 0 53 28 62 29 98 86 25 57 0 48 72 32 40 64 64 11 8 10 74 85 17 19 8 33 13 98 84 89 28 22 64 61 86 31
 37 17 92 95 4 94 85 60 32 64 22 44 3 2 45 44 55 44 18 66 61 95 17 10 3 21 9 16 100 96 68 98 93 98 40 25 13 39 90 29 21 100 93 69 46 73 58 98 23 28 92 50 16 3 91 75 40 29 23 14 51 95 20 99 15 47 0 34 48 74 0 9 68 42 45 65 98 55 83 20 87 8 13 80 4 8 94 86 45 44 94 91 62 21 73 76 41 70 44 68
 99 88 50 38 73 42 6 46 5 41 11 18 17 23 9 76 21 36 50 15 62 100 7 82 83 55 7 22 89 1 9 18 89 83 59 84 57 46 73 58 2 60 37 64 65 54 24 92 98 35 87 28 26 37 83 35 27 24 21 99 26 53 21 23 49 72 66 0 28 12 78 96 91 76 47 19 98 35 26 60 62 32 14 19 49 21 15 98 85 59 60 40 95 79 46 85 56 87 31 75
 15 10 22 53 20 91 52 81 23 90 85 70 9 12 24 21 32 95 34 97 72 75 70 45 24 42 21 92 72 34 99 17 97 75 12 86 41 44 66 54 44 14 94 55 94 47 51 40 27 29 18 70 95 8 94 81 5 48 77 39 20 60 70 56 26 38 52 72 0 92 17 50 54 82 24 24 30 25 18 8 37 88 70 94 2 36 54 32 25 25 22 37 97 81 89 27 2 71 11 62
 44 28 66 59 80 46 20 15 1 84 61 36 43 87 3 15 41 62 75 14 25 62 28 95 37 43 7 93 16 26 83 79 21 67 65 38 80 77 15 56 90 73 9 53 56 37 40 20 84 85 25 66 45 56 5 41 80 82 39 86 97 36 23 92 41 71 26 88 8 0 53 69 36 74 19 55 93 86 17 84 50 13 59 28 19 78 62 29 28 49 77 63 83 52 15 6 65 59 10 16
 41 66 81 88 98 21 84 82 52 67 22 27 34 24 82 97 15 74 89 77 92 98 37 66 4 99 81 64 58 87 79 99 13 87 25 29 41 29 91 52 11 93 35 34 25 35 75 45 69 6 96 95 83 46 2 33 69 40 1 1 88 7 60 45 2 2 100 22 83 47 0 13 85 70 72 13 59 81 33 93 80 62 46 62 0 83 22 56 63 5 66 89 69 18 37 63 63 1 32 4
 9 50 85 63 18 65 13 13 56 78 69 60 56 59 81 97 99 27 47 78 55 41 72 33 85 43 48 49 72 58 96 82 3 76 73 2 30 74 14 58 47 28 38 15 99 74 87 5 81 38 100 88 69 25 81 84 18 68 55 41 89 42 48 62 49 14 91 4 50 31 87 0 43 65 60 67 1 79 88 21 71 41 10 39 65 53 15 56 70 50 66 14 54 34 0 0 47 53 63 83
 8 26 59 78 40 83 57 29 49 38 15 82 56 83 83 75 73 69 38 32 40 63 11 34 58 79 76 42 73 4 45 75 33 10 36 78 36 28 87 4 21 39 17 17 26 12 60 78 100 98 16 64 80 23 42 29 4 48 14 99 52 3 95 65 86 75 32 9 46 64 15 57 0 2 34 16 8 8 88 28 15 65 88 96 30 21 38 6 82 32 36 66 81 87 31 45 98 90 18 25
 99 83 37 16 5 79 48 57 55 86 34 92 90 94 22 65 58 65 88 25 5 62 5 68 54 58 79 17 63 100 33 97 71 45 59 37 27 59 35 81 10 37 76 48 64 93 60 45 63 82 53 95 48 99 17 90 91 21 9 55 62 44 62 27 47 43 58 24 18 26 30 35 98 0 17 70 57 98 38 79 66 3 9 86 55 69 57 61 42 55 3 13 68 45 86 35 35 48 11 27
 41 71 24 19 10 43 91 76 40 19 57 61 20 4 82 21 9 97 16 31 83 87 71 22 63 5 18 71 23 37 56 96 20 17 32 86 23 19 25 77 9 85 66 95 95 43 44 19 95 76 52 14 34 98 64 89 70 84 89 63 54 14 81 76 7 100 55 53 76 81 28 40 66 83 0 5 55 27 27 53 89 92 11 22 29 28 77 17 90 21 58 66 96 26 81 9 97 14 89 67
 83 28 26 64 24 92 3 39 74 18 78 67 94 34 18 51 2 69 68 41 30 44 71 29 1 30 3 24 61 8 24 72 63 31 57 81 98 44 45 84 40 32 70 33 88 37 5 67 14 54 67 94 15 63 11 87 55 54 65 84 26 93 3 88 56 52 35 81 76 45 87 33 84 30 95 0 63 81 29 56 34 17 71 15 26 87 95 41 99 65 11 56 96 44 15 83 51 48 84 84
 63 85 20 43 94 91 65 12 51 65 28 66 77 19 28 78 4 30 90 67 16 14 37 11 9 85 87 60 54 23 94 37 34 27 78 91 39 5 32 26 65 82 5 99 79 8 77 94 22 60 63 80 78 53 21 43 70 31 51 16 11 8 96 46 62 28 2 2 70 7 41 99 92 43 45 37 0 68 44 80 30 29 84 44 85 82 73 8 21 88 78 0 33 21 51 53 91 54 2 58
 77 75 35 100 48 66 47 35 96 25 11 75 20 30 81 41 89 44 36 30 7 16 84 21 9 13 91 63 45 96 1 80 21 18 98 100 33 32 42 43 48 17 36 56 4 59 62 40 57 85 26 29 83 5 90 27 55 64 68 77 29 72 95 22 23 68 45 65 75 14 19 21 92 2 73 19 32 0 74 27 23 87 19 93 82 45 30 9 9 19 87 30 32 95 68 45 15 66 29 12
 79 76 53 32 19 50 59 22 17 43 62 83 14 89 61 91 6 21 21 63 84 42 28 7 9 83 48 42 30 88 12 43 33 77 49 7 96 61 20 14 69 85 42 9 89 26 6 34 41 46 32 16 43 42 18 93 19 37 1 35 25 74 30 64 15 60 17 74 82 83 67 12 12 62 73 71 56 26 0 11 20 74 27 8 43 2 55 16 69 97 18 67 21 36 50 55 77 32 82 8
 81 75 57 46 58 52 86 42 87 27 83 67 42 4 83 38 52 97 31 23 39 94 91 59 82 57 21 65 59 56 99 58 63 84 35 92 80 20 19 60 30 99 5 36 85 93 50 27 57 60 50 29 66 53 11 58 74 47 46 68 27 46 71 19 29 36 80 40 92 16 7 79 72 21 47 44 20 73 89 0 51 71 28 16 87 56 21 73 97 20 64 96 6 49 91 5 42 88 29 22
 89 43 46 11 25 13 28 98 75 52 6 73 51 81 81 54 25 40 96 72 21 53 91 9 10 20 17 19 68 85 57 23 74 87 73 3 4 97 55 89 51 73 86 17 47 84 87 66 2 52 21 47 80 28 6 63 79 72 77 11 32 18 67 61 86 36 13 38 63 50 20 29 85 34 11 66 70 77 80 49 0 18 70 31 71 96 31 44 59 33 99 46 65 64 63 98 68 17 99 16
 70 19 85 63 7 25 82 38 56 25 10 26 74 9 46 17 43 7 8 45 13 56 16 79 4 91 16 35 100 65 82 91 16 79 100 5 34 93 65 47 67 81 16 65 75 36 32 68 39 86 79 45 80 73 63 100 73 89 24 47 21 2 58 18 30 89 92 68 12 87 38 59 35 97 8 83 71 13 26 29 82 0 70 59 16 73 93 61 88 13 57 87 48 47 30 56 6 33 99 73
 22 39 16 55 72 62 30 37 69 6 80 97 69 68 84 68 31 81 56 81 93 57 21 54 61 8 2 78 25 27 43 43 66 5 85 80 46 92 37 10 8 95 65 29 30 57 16 64 51 42 97 5 17 88 97 63 54 39 85 99 6 27 32 38 47 92 87 86 30 41 54 90 12 91 89 29 16 81 73 72 30 30 0 36 22 34 22 3 58 13 37 28 29 1 4 54 58 58 6 38
 81 66 33 50 48 38 31 85 59 63 7 36 24 58 75 23 62 69 81 90 81 18 5 22 34 83 64 47 44 5 41 67 17 96 85 83 67 45 84 88 15 28 40 42 51 77 84 8 51 30 56 49 79 52 57 14 93 57 27 97 30 53 34 44 10 90 20 81 6 72 38 61 4 14 78 85 56 7 92 84 69 41 64 0 57 21 2 12 32 4 90 5 95 21 23 72 35 21 11 55
 43 38 45 31 69 41 100 84 99 19 85 30 19 53 41 95 17 6 49 81 31 54 47 88 3 90 51 51 58 16 18 43 94 75 91 92 40 87 25 66 22 10 11 51 14 7 100 59 26 46 21 79 27 89 23 89 77 14 35 1 36 7 25 58 95 26 96 51 98 81 100 35 70 45 71 74 15 18 57 13 29 84 78 43 0 24 94 53 67 78 35 98 54 53 44 81 77 92 41 47
 73 38 67 35 100 30 40 52 98 13 87 20 91 46 19 58 36 36 73 16 28 85 46 76 13 46 77 86 11 11 15 49 8 37 43 64 24 25 47 85 13 36 53 69 90 9 7 69 13 55 75 53 92 24 96 91 76 17 36 44 4 51 59 12 34 15 92 79 64 22 17 47 79 31 72 13 18 55 98 44 4 27 66 79 76 0 25 8 23 26 2 81 36 23 92 10 95 49 46 39
 73 1 7 67 41 75 87 34 35 47 31 6 81 35 27 53 27 80 38 70 42 78 52 50 60 47 10 8 29 51 16 38 18 99 75 43 3 95 47 33 72 89 27 75 45 78 46 79 44 92 94 86 60 1 1 91 8 97 49 77 42 71 50 47 59 83 6 85 46 38 78 85 62 43 23 5 27 70 45 79 69 7 78 98 6 75 0 14 6 37 34 99 44 39 50 49 90 58 79 94
 97 94 95 45 40 47 8 4 71 65 25 11 58 79 26 86 3 9 37 14 33 56 67 49 86 53 74 40 24 82 28 26 93 20 85 70 94 56 13 82 64 53 83 79 25 77 33 88 31 4 12 44 77 23 35 46 63 30 63 15 99 21 64 43 12 81 14 2 68 71 44 44 94 39 83 59 92 91 84 27 56 39 97 88 47 92 86 0 45 96 54 45 92 3 23 20 18 77 20 70
 68 58 22 12 10 69 70 27 1 76 78 40 71 39 82 81 33 96 15 95 7 78 82 61 97 90 99 50 79 73 79 48 53 20 60 83 41 83 6 93 77 43 84 92 37 45 87 51 32 11 63 76 23 81 50 18 6 28 12 2 13 22 84 53 86 92 55 15 75 72 37 30 18 58 10 1 79 91 31 3 41 12 42 68 33 77 94 55 0 1 60 73 22 95 41 32 80 97 66 11
 29 55 44 22 49 45 52 61 33 60 31 75 4 2 88 97 62 6 3 59 93 76 55 32 21 1 65 96 25 23 33 40 26 2 42 71 37 42 26 8 94 15 41 99 47 54 20 18 8 35 7 51 18 46 6 94 96 1 47 92 81 37 10 57 39 67 56 41 75 51 95 50 68 45 79 35 12 81 3 80 67 87 87 96 22 74 63 4 99 0 24 32 6 41 12 32 13 54 77 9
 83 6 62 27 92 63 100 41 48 98 89 52 76 23 28 7 36 53 84 5 85 81 21 2 1 68 47 88 40 45 84 84 9 81 7 62 27 66 45 8 66 86 6 3 65 88 73 66 64 44 23 18 36 94 62 67 87 81 65 71 49 58 26 77 50 87 6 40 78 23 34 34 64 97 42 89 22 13 82 36 1 43 63 10 65 98 66 46 40 76 0 72 35 49 89 48 72 6 61 24
 87 2 87 58 34 87 80 55 51 48 57 58 91 51 57 61 92 44 82 13 82 83 18 29 100 58 47 22 42 23 80 38 7 74 10 79 70 91 32 77 32 40 80 10 54 58 79 30 14 67 76 11 30 36 75 16 56 49 73 18 43 22 63 50 32 2 9 60 63 37 11 86 34 87 34 44 100 70 33 4 54 13 72 95 2 19 1 55 27 68 28 0 6 46 69 11 57 40 16 27
 81 60 70 100 85 95 50 31 66 81 4 90 52 38 26 47 85 94 25 67 63 5 58 93 75 57 91 88 82 41 84 37 13 10 49 51 82 35 14 43 57 37 76 83 83 48 11 44 19 29 68 88 91 86 78 97 100 70 72 72 41 60 45 61 26 16 38 5 3 17 31 46 19 32 4 4 67 68 79 94 35 52 71 5 46 64 56 8 78 94 65 94 0 44 4 49 40 27 72 71
 65 15 55 15 21 12 33 34 15 98 59 61 89 17 61 6 67 90 54 89 54 23 3 1 11 4 43 38 27 43 3 82 30 54 73 38 90 11 41 5 20 21 35 34 6 72 10 98 76 65 71 78 89 10 82 39 32 39 66 34 85 57 41 23 6 11 79 21 19 48 82 66 13 55 74 56 79 5 64 51 36 53 99 79 47 77 61 97 5 59 51 54 56 0 22 12 96 22 35 4
 56 94 39 20 26 84 40 31 41 29 74 5 35 87 78 82 28 12 6 36 78 75 35 10 88 66 94 78 73 48 97 89 25 11 80 39 11 24 35 43 67 93 37 47 68 74 64 56 78 19 26 93 98 2 96 17 17 36 75 15 67 77 56 98 47 72 27 54 11 85 63 100 69 14 19 85 49 32 50 9 37 70 96 77 56 8 50 77 59 88 11 31 96 78 0 51 35 61 67 42
 9 93 59 83 80 67 46 51 12 91 50 44 5 7 76 29 24 83 1 22 19 17 71 90 43 29 91 23 60 80 52 27 78 43 80 3 8 24 47 19 31 33 44 55 2 94 70 19 94 46 26 81 8 66 18 42 24 31 87 97 19 35 88 63 85 78 24 15 73 94 37 100 55 65 91 17 47 55 45 95 2 44 46 28 19 90 51 80 68 68 52 89 51 88 49 0 25 66 30 78
 47 77 15 15 70 23 97 2 46 74 55 48 46 29 23 86 23 29 38 25 60 93 57 86 70 10 99 14 71 13 29 72 83 95 47 19 42 76 97 15 93 70 80 53 34 18 57 80 23 76 98 8 42 75 43 36 41 90 33 27 78 55 80 100 94 36 59 44 98 35 37 53 2 65 3 49 9 85 23 58 32 94 42 65 23 5 10 82 20 87 28 43 60 4 65 75 0 22 97 16
 18 17 36 9 37 72 78 8 11 30 74 1 12 57 99 72 90 70 72 63 43 62 42 46 91 20 15 47 42 89 20 92 97 92 38 6 53 82 90 9 13 25 49 22 55 99 62 57 14 63 100 63 41 94 56 48 59 19 75 35 22 79 69 66 48 39 30 13 29 41 99 47 10 52 86 52 46 34 68 12 83 67 42 79 8 51 42 23 3 46 94 60 73 78 39 34 78 0 27 95
 39 92 50 69 38 31 66 82 26 65 11 100 87 80 87 82 59 45 77 33 57 28 13 24 83 78 29 80 6 37 16 56 22 46 94 19 99 18 36 58 45 6 76 27 17 65 52 60 83 81 13 2 14 45 64 8 20 91 83 26 4 23 28 35 8 14 56 69 89 90 68 37 82 89 11 16 98 71 18 71 1 1 94 89 59 54 21 80 34 23 39 84 28 65 33 70 3 73 0 20
 47 94 4 45 5 33 40 92 44 29 53 66 77 26 15 6 84 20 68 67 83 52 22 70 92 13 61 69 19 56 69 59 79 67 57 32 45 30 39 86 1 86 34 81 69 29 17 86 54 24 46 56 22 54 38 63 56 2 12 84 35 77 17 46 24 69 32 25 38 84 96 17 75 73 33 16 42 88 92 78 84 27 62 45 53 61 6 30 89 91 76 73 29 96 58 22 84 5 80 0
