50

 0 96 29 80 57 91 75 49 59 29 30 38 62 25 24 12 7 56 27 79 66 14 31 5 77 45 97 49 55 69 15 6 14 61 55 63 79 62 60 72 3 44 59 0 54 18 83 49 90 98
 83 0 71 81 90 28 38 6 32 29 77 69 33 26 81 20 77 96 63 89 23 66 80 24 6 87 18 87 54 88 27 76 52 23 96 10 49 51 45 5 72 43 70 15 72 73 30 40 13 75
 32 73 0 11 12 42 87 22 16 80 37 23 22 84 13 86 8 90 46 44 74 58 97 20 32 23 81 67 77 40 51 91 34 22 45 27 88 64 2 56 77 18 39 78 84 92 86 9 3 90
 23 14 67 0 16 76 41 88 12 91 59 71 83 97 74 40 11 15 17 94 70 45 30 60 93 94 69 71 82 82 14 1 76 97 41 69 46 49 59 4 64 69 14 17 58 76 33 28 47 50
 0 66 75 22 0 19 82 20 10 12 38 54 52 29 40 69 90 67 85 9 78 5 89 7 90 94 4 62 45 41 32 24 73 58 72 58 8 46 47 73 60 75 13 87 67 65 94 86 18 86
 18 65 43 64 30 0 18 22 41 62 37 79 62 94 30 26 24 1 7 45 83 34 82 81 91 17 8 32 96 43 33 76 48 40 34 41 42 19 57 51 33 11 31 26 18 30 63 26 8 46
 7 94 25 21 22 9 0 40 67 81 80 75 29 49 61 33 53 25 2 83 44 24 78 13 35 96 15 79 71 49 61 74 96 0 47 40 23 58 11 96 79 1 82 66 41 70 56 14 85 92
 4 30 22 61 55 43 58 0 21 11 28 63 16 18 60 11 80 71 71 79 1 90 46 45 5 8 1 31 44 14 31 32 58 4 61 54 27 62 48 17 63 18 80 48 85 43 80 23 3 41
 86 30 35 70 46 95 74 83 0 10 80 47 41 43 10 40 60 21 4 70 40 73 96 61 89 99 25 41 89 18 94 64 88 17 8 88 56 16 23 73 16 76 60 7 71 15 90 64 87 68
 3 39 0 37 92 86 82 35 4 0 41 67 8 9 18 8 5 76 52 12 27 80 26 69 37 85 36 88 79 54 41 85 98 39 6 77 55 23 92 4 44 4 65 81 23 99 36 89 59 26
 20 67 89 0 0 40 47 94 63 39 0 57 15 17 38 69 68 31 49 1 61 30 84 24 90 34 36 66 58 47 67 9 66 27 24 42 39 22 2 25 38 6 58 60 92 78 92 96 11 50
 10 45 65 75 26 96 89 33 47 54 4 0 70 24 65 51 23 94 95 28 53 55 74 32 45 29 79 50 75 59 55 26 69 81 22 45 54 39 75 43 34 79 46 77 41 87 80 9 98 5
 75 97 16 61 93 18 36 3 65 19 20 53 0 45 23 91 24 7 52 54 49 47 63 12 62 8 23 36 69 94 58 44 35 46 61 95 77 39 35 3 91 23 37 7 38 26 99 97 36 57
 93 37 6 34 72 44 98 82 62 83 26 87 69 0 85 92 15 70 99 63 9 38 10 85 97 23 14 36 76 87 45 96 41 12 80 50 48 91 73 99 32 46 82 85 74 94 1 3 72 65
 35 99 8 80 83 4 68 19 75 28 59 11 7 80 0 43 99 78 56 5 11 41 34 2 47 73 85 29 94 41 81 45 93 48 41 8 43 63 38 42 34 91 54 86 55 71 11 16 68 78
 72 47 89 40 70 15 24 7 46 17 41 31 61 10 89 0 8 13 78 38 27 60 76 23 52 37 73 11 26 27 82 4 78 78 56 37 64 82 37 21 78 61 39 70 40 61 77 54 43 73
 7 77 33 12 62 52 46 63 1 53 58 43 99 38 95 98 0 6 38 23 32 80 91 17 46 33 17 73 87 94 34 93 94 80 67 48 40 73 99 86 7 40 33 70 79 23 98 18 94 8
 49 36 74 62 27 13 37 72 54 39 55 83 51 70 26 52 90 0 30 44 68 48 23 69 14 25 14 30 76 1 85 59 7 98 71 15 71 9 6 50 29 83 58 2 39 90 69 17 67 56
 48 56 27 92 73 35 35 13 55 33 73 28 7 75 96 16 87 76 0 71 77 32 5 18 38 41 57 97 20 62 28 90 61 98 83 7 28 90 50 7 25 69 8 39 27 82 41 37 52 43
 35 93 34 12 42 57 40 95 92 13 92 26 14 13 72 12 97 16 2 0 83 20 7 87 80 78 72 89 31 6 12 14 16 43 33 58 25 32 3 33 24 84 21 48 9 70 62 52 61 1
 80 57 50 93 78 7 62 52 22 72 40 21 21 6 15 55 44 25 41 91 0 82 78 48 92 48 74 57 8 91 90 0 36 1 46 64 29 11 40 65 11 97 85 6 78 16 75 54 86 31
 32 58 27 47 84 82 23 79 88 37 48 71 68 47 56 52 79 0 58 61 80 0 80 18 39 43 15 52 42 73 19 73 36 95 20 24 9 76 73 78 74 72 16 43 0 8 82 67 27 69
 38 49 6 96 67 13 43 95 85 64 70 3 38 2 73 25 51 93 81 37 52 90 0 70 35 41 76 89 42 80 57 78 77 36 13 29 47 89 46 45 35 41 38 7 93 2 86 16 29 91
 92 34 65 47 55 30 59 46 79 44 73 15 1 98 20 74 65 64 12 20 91 4 33 0 18 68 20 96 3 20 47 22 87 96 66 70 75 74 35 19 26 22 9 53 2 33 53 52 85 21
 39 64 80 62 17 90 66 10 88 5 13 85 28 65 1 3 77 9 82 77 68 3 76 42 0 31 17 65 99 22 49 16 70 62 6 96 89 92 46 79 32 72 73 2 7 83 54 1 16 7
 92 35 41 9 5 36 23 85 31 23 99 50 24 31 31 10 82 86 12 79 72 56 94 60 57 0 78 58 40 56 59 94 57 23 88 82 6 4 33 26 88 28 94 28 90 81 80 84 7 96
 95 0 27 65 55 69 58 69 36 10 93 3 39 11 32 69 4 71 36 36 82 94 60 39 51 94 0 79 11 49 36 52 35 69 24 56 40 47 88 62 44 12 15 78 63 19 56 96 37 48
 30 48 58 96 82 44 7 0 56 22 63 3 15 33 62 20 24 88 95 33 75 59 61 15 51 17 67 0 75 94 67 36 44 87 99 60 14 14 58 12 62 13 67 61 55 45 76 18 27 38
 82 51 68 68 78 81 47 67 12 42 52 68 6 64 30 56 65 50 21 66 64 6 40 76 60 43 73 44 0 46 39 9 32 42 68 57 67 26 78 40 16 48 29 35 75 49 31 10 15 38
 8 52 40 9 23 82 37 59 64 66 8 68 41 95 15 76 64 76 24 63 83 30 69 34 55 87 35 13 90 0 28 85 58 57 8 96 48 54 19 59 54 93 22 38 47 89 65 58 19 39
 52 53 33 18 67 94 96 23 23 63 48 87 43 12 94 81 60 18 37 72 10 32 93 91 2 57 84 55 56 60 0 13 11 87 15 83 23 89 91 3 5 87 6 84 40 49 97 68 27 70
 10 19 9 95 3 7 5 70 83 67 72 22 48 67 84 23 31 35 57 21 34 14 24 46 6 66 70 76 77 80 13 0 20 61 87 78 99 18 91 20 35 86 20 38 85 71 46 78 29 16
 93 99 27 54 73 16 72 52 8 16 64 27 50 49 36 40 87 82 32 4 87 67 12 71 87 31 96 30 24 91 1 84 0 95 22 66 12 31 8 65 88 9 43 7 92 71 37 88 48 55
 73 99 52 81 18 25 33 80 16 44 94 0 69 93 35 62 19 97 94 25 69 16 24 79 82 26 96 28 44 32 53 94 79 0 39 56 35 93 75 69 25 48 27 54 52 57 8 79 35 33
 26 17 51 6 69 83 76 23 8 18 65 63 73 85 27 83 27 58 74 0 51 20 18 85 55 10 92 26 92 56 15 81 48 90 0 29 7 40 92 51 25 48 57 54 50 79 50 1 85 6
 33 19 7 38 18 24 21 23 87 30 7 25 1 56 69 5 55 11 61 72 65 10 92 18 4 67 97 38 44 60 31 93 85 86 22 0 88 23 86 74 78 46 67 4 70 95 90 53 54 48
 68 38 91 5 10 2 46 91 58 27 17 95 49 46 38 55 92 92 62 16 8 82 52 39 9 0 65 42 4 21 1 37 79 83 45 54 0 73 0 19 20 63 88 79 81 2 23 88 53 54
 7 69 65 73 66 77 31 37 94 81 97 26 1 39 55 32 90 95 1 56 84 79 79 47 15 34 99 66 77 59 30 93 62 88 34 54 50 0 15 89 41 98 41 65 40 11 14 64 89 62
 92 39 66 55 93 88 94 86 90 84 57 27 91 11 60 24 64 32 66 3 75 41 34 61 5 46 83 37 66 72 3 72 79 37 25 11 33 42 0 13 36 25 20 59 11 9 97 73 54 77
 13 42 49 38 33 35 30 44 9 6 24 43 30 17 95 12 46 43 30 15 69 3 77 38 0 16 78 29 56 73 14 37 84 42 15 91 66 33 81 0 77 91 36 79 68 41 54 90 94 69
 21 87 43 63 64 32 22 70 95 20 50 99 8 91 31 67 27 5 16 62 24 10 66 44 57 73 37 39 17 82 54 53 32 79 88 99 14 64 33 82 0 22 37 13 85 16 30 59 71 85
 7 63 37 33 93 42 31 54 97 52 4 72 67 62 76 51 29 25 4 34 69 42 58 12 64 99 1 10 85 60 10 10 88 17 55 13 14 9 68 16 74 0 28 3 61 37 44 64 73 65
 58 64 82 49 60 31 54 59 24 26 26 20 36 58 20 88 1 57 85 21 5 92 12 57 52 2 26 91 62 28 98 38 89 73 2 45 13 38 46 60 86 26 0 44 54 72 91 92 9 69
 35 81 53 80 27 16 3 31 64 81 73 61 53 28 51 51 40 65 71 46 75 30 22 46 45 79 30 22 27 90 82 21 61 63 98 79 23 94 1 23 91 48 41 0 86 86 54 98 42 82
 14 88 67 19 20 26 38 5 9 24 49 47 85 94 99 42 78 25 64 81 56 10 75 95 96 58 15 21 74 66 83 92 62 75 78 90 51 30 32 75 54 29 56 16 0 40 53 23 64 67
 52 67 1 97 9 85 97 67 44 48 3 67 35 13 11 0 91 67 75 90 58 41 59 20 50 2 70 85 74 85 19 22 24 33 25 15 1 66 32 49 9 94 51 40 93 0 80 79 28 61
 14 59 79 47 99 14 5 11 61 29 4 49 73 17 78 66 2 17 8 63 24 35 20 22 89 45 62 43 46 78 53 27 9 27 4 94 10 37 53 17 3 87 80 46 90 76 0 24 22 13
 56 94 70 47 1 22 18 11 89 77 46 19 61 10 40 84 35 22 74 51 99 88 63 70 95 95 16 67 55 36 58 29 69 4 59 22 70 91 5 97 66 70 73 0 1 92 9 0 50 42
 43 1 56 44 12 92 18 53 56 71 59 85 28 39 66 21 30 9 31 99 47 17 42 74 21 5 79 3 4 63 5 2 92 99 22 41 59 12 5 6 44 30 77 10 98 73 58 68 0 47
 29 12 26 83 52 22 83 14 92 23 20 50 86 43 83 45 58 79 38 65 59 51 18 41 17 2 12 30 40 96 5 4 29 26 51 31 62 35 76 70 26 61 8 16 10 16 54 6 30 0
