30

 0 67 56 58 59 87 9 93 80 26 58 74 67 43 57 50 49 82 33 92 58 14 64 9 69 27 45 19 51 74
 33 0 1 62 56 91 69 81 21 75 30 64 64 85 79 5 63 35 34 86 59 93 76 96 26 94 68 11 28 40
 44 99 0 90 37 85 32 98 49 37 27 66 35 57 14 43 38 50 5 20 80 72 17 83 26 97 10 27 6 83
 42 38 10 0 6 97 76 97 31 96 28 83 41 62 14 64 3 38 27 77 53 44 95 2 5 51 95 82 0 88
 41 44 63 94 0 65 17 16 27 2 20 9 26 28 42 60 44 76 74 81 24 3 64 66 46 0 91 19 69 40
 13 9 15 3 35 0 49 57 32 14 82 64 35 81 53 47 90 85 37 41 93 3 82 37 99 94 60 62 48 20
 91 31 68 24 83 51 0 23 89 32 1 15 40 35 44 90 47 54 67 10 36 81 9 7 30 80 73 71 47 49
 7 19 2 3 84 43 77 0 84 66 83 36 18 52 85 8 38 64 17 83 14 78 14 37 89 20 88 2 36 9
 20 79 51 69 73 68 11 16 0 73 62 33 29 33 95 82 53 34 86 83 34 58 49 61 62 47 66 55 45 28
 74 25 63 4 98 86 68 34 27 0 73 36 1 92 46 25 68 12 93 12 48 40 75 89 76 74 59 93 40 46
 42 70 73 72 80 18 99 17 38 27 0 29 34 65 82 46 98 36 51 51 58 15 12 66 68 41 2 23 25 52
 26 36 34 17 91 36 85 64 67 64 71 0 63 11 60 80 42 7 46 79 68 29 52 67 76 63 51 43 6 9
 33 36 65 59 74 65 60 82 71 99 66 37 0 11 51 99 19 63 31 29 84 79 1 64 51 91 54 2 60 29
 57 15 43 38 72 19 65 48 67 8 35 89 89 0 26 34 59 15 13 58 16 91 3 77 7 86 25 85 9 44
 43 21 86 86 58 47 56 15 5 54 18 40 49 74 0 38 53 79 25 37 59 2 27 58 58 48 37 84 67 12
 50 95 57 36 40 53 10 92 18 75 54 20 1 66 62 0 32 53 7 41 72 69 19 83 27 19 51 23 92 4
 51 37 62 97 56 10 53 62 47 32 2 58 81 41 47 68 0 78 42 99 84 84 13 96 7 54 69 11 16 9
 18 65 50 62 24 15 46 36 66 88 64 93 37 85 21 47 22 0 32 10 17 51 34 42 77 53 34 21 51 40
 67 66 95 73 26 63 33 83 14 7 49 54 69 87 75 93 58 68 0 78 8 60 77 41 83 93 94 78 21 71
 8 14 80 23 19 59 90 17 17 88 49 21 71 42 63 59 1 90 22 0 95 93 51 92 96 54 82 25 54 42
 42 41 20 47 76 7 64 86 66 52 42 32 16 84 41 28 16 83 92 5 0 96 42 44 67 34 93 55 10 0
 86 7 28 56 97 97 19 22 42 60 85 71 21 9 98 31 16 49 40 7 4 0 59 27 41 40 7 69 30 57
 36 24 83 5 36 18 91 86 51 25 88 48 99 97 73 81 87 66 23 49 58 41 0 66 25 18 99 99 27 25
 91 4 17 98 34 63 93 63 39 11 34 33 36 23 42 17 4 58 59 8 56 73 34 0 51 62 90 77 47 88
 31 74 74 95 54 1 70 11 38 24 32 24 49 93 42 73 93 23 17 4 33 59 75 49 0 6 89 30 4 85
 73 6 3 49 100 6 20 80 53 26 59 37 9 14 52 81 46 47 7 46 66 60 82 38 94 0 71 40 97 79
 55 32 90 5 9 40 27 12 34 41 98 49 46 75 63 49 31 66 6 18 7 93 1 10 11 29 0 37 64 57
 81 89 73 18 81 38 29 98 45 7 77 57 98 15 16 77 89 79 22 75 45 31 1 23 70 60 63 0 47 53
 49 72 94 100 31 52 53 64 55 60 75 94 40 91 33 8 84 49 79 46 90 70 73 53 96 3 36 53 0 19
 26 60 17 12 60 80 51 91 72 54 48 91 71 56 88 96 91 60 29 58 100 43 75 12 15 21 43 47 81 0
