30

 0 6 77 8 55 38 58 72 96 75 39 2 53 70 84 67 40 60 76 94 55 59 20 1 0 1 64 78 24 1
 77 0 75 36 46 26 96 54 38 44 12 23 0 24 64 2 29 57 50 30 52 47 28 88 57 54 18 15 33 56
 6 36 0 2 65 75 64 70 43 20 67 5 69 60 66 69 40 49 23 27 4 4 44 63 96 31 31 23 43 65
 90 74 88 0 89 25 44 36 61 52 93 77 31 96 29 18 9 78 69 48 81 48 25 25 73 5 48 6 66 27
 39 80 60 99 0 52 29 36 15 93 20 91 76 65 78 3 14 88 97 73 25 81 59 44 37 86 5 70 45 16
 85 69 88 85 70 0 56 99 26 62 54 1 62 35 20 77 45 81 29 93 76 31 88 31 83 36 85 95 79 74
 93 23 21 90 9 3 0 14 16 26 99 3 16 80 51 68 60 1 88 47 67 65 92 31 3 55 89 46 0 71
 90 33 86 60 61 15 77 0 60 96 71 84 31 62 64 7 98 97 29 25 13 79 11 38 49 89 69 69 36 85
 30 42 51 49 97 18 7 81 0 95 62 73 62 51 60 57 62 83 86 81 29 60 33 39 24 71 24 82 64 12
 24 39 43 9 66 89 66 42 34 0 22 76 23 73 27 82 3 84 54 41 50 28 20 3 16 0 90 10 20 23
 89 13 52 35 60 82 41 20 74 1 0 49 71 43 89 64 54 46 8 0 52 19 55 47 30 62 34 89 43 78
 10 18 64 20 46 92 15 23 49 66 8 0 23 66 86 75 5 34 11 11 96 18 49 20 45 84 0 1 94 22
 88 93 58 1 49 79 94 50 26 99 17 54 0 68 82 47 81 76 85 53 43 68 69 6 57 16 31 93 44 85
 55 19 9 16 2 84 1 10 14 34 85 88 13 0 61 64 35 29 69 59 45 72 34 66 57 0 68 26 15 85
 57 2 57 83 33 70 49 92 30 23 83 81 32 17 0 4 60 82 41 96 28 97 13 42 46 67 23 5 97 36
 40 27 66 20 4 45 71 30 99 59 64 26 64 87 90 0 79 59 32 26 86 14 12 46 4 77 70 22 9 72
 2 34 60 49 34 86 11 22 83 78 32 62 88 29 17 92 0 94 48 73 82 58 79 40 92 0 18 24 91 58
 18 28 74 1 91 70 58 7 3 5 88 35 66 16 84 75 9 0 0 48 60 89 45 59 11 81 40 2 36 81
 68 62 68 58 2 43 22 81 99 60 11 58 42 67 40 34 89 57 0 79 89 64 79 9 67 79 1 33 91 52
 17 29 61 43 54 20 88 34 53 41 38 50 12 67 48 96 85 71 33 0 49 90 82 11 64 16 17 29 32 88
 44 33 51 50 19 96 61 53 53 33 7 59 13 62 28 49 10 0 92 1 0 39 94 34 66 88 96 93 69 68
 6 3 25 9 15 41 9 27 49 13 60 72 15 72 2 98 89 25 34 62 80 0 80 93 97 24 20 83 94 42
 77 38 57 18 63 38 21 5 36 62 78 67 74 60 35 17 28 32 33 78 87 97 0 85 0 9 30 18 37 62
 69 93 26 74 21 73 9 4 59 41 10 15 91 46 16 50 50 9 1 84 76 19 96 0 52 73 68 98 23 51
 51 23 57 91 49 77 54 91 31 3 17 7 86 78 51 52 1 45 58 23 23 72 52 22 0 51 34 91 95 92
 43 38 63 15 65 51 79 36 93 28 27 65 33 4 2 58 7 98 98 40 54 89 22 96 2 0 20 43 19 10
 56 45 49 93 89 96 33 38 96 58 15 26 83 13 87 31 58 38 81 46 22 55 77 29 92 45 0 36 58 67
 25 12 1 59 65 5 49 89 67 5 48 72 2 49 84 69 25 47 45 16 59 86 82 4 43 70 88 0 60 40
 76 76 62 95 76 24 5 63 78 97 88 78 71 38 43 81 12 76 24 42 89 67 83 28 1 47 74 18 0 83
 92 3 98 81 14 69 5 71 53 88 15 70 26 47 44 3 71 26 40 84 48 62 95 86 24 59 40 43 75 0
