50

 0 87 92 66 80 99 69 96 78 94 73 18 42 15 83 30 35 67 73 29 54 80 25 87 79 58 82 89 51 30 47 51 11 27 4 73 15 25 71 67 10 55 70 58 63 13 96 21 83 84
 58 0 38 82 58 71 62 17 45 34 96 24 45 79 86 58 23 48 28 25 13 96 17 89 46 13 74 36 96 98 16 4 20 0 97 47 88 21 60 57 91 14 33 35 15 57 67 20 4 3
 40 54 0 5 77 75 81 54 98 4 44 21 75 70 11 51 48 37 85 8 88 7 67 54 48 19 45 62 84 39 70 95 0 78 40 76 30 25 19 95 21 75 43 59 39 5 52 87 6 85
 99 94 98 0 97 73 80 15 36 8 77 61 91 66 28 60 74 12 63 28 21 22 32 68 67 44 83 9 78 31 85 37 64 36 13 89 82 78 25 56 11 2 77 1 4 33 76 2 55 65
 94 31 99 60 0 4 20 47 39 36 10 52 97 67 75 75 37 6 62 54 89 93 13 49 27 89 90 78 14 11 6 46 20 96 95 48 13 21 29 41 99 22 86 81 97 42 8 78 14 59
 43 87 82 94 31 0 9 88 76 22 71 48 26 92 39 61 45 92 64 98 67 4 95 2 96 27 51 53 27 74 62 95 49 43 0 88 39 1 15 62 23 51 68 99 68 51 68 61 85 39
 35 89 4 14 76 33 0 5 72 71 15 32 93 30 98 72 14 86 83 68 14 69 64 35 80 1 86 1 37 34 56 65 42 49 81 56 67 11 63 27 20 61 77 14 44 74 17 96 81 47
 0 68 18 14 77 67 79 0 58 38 8 63 29 53 61 89 68 43 18 32 18 44 48 85 47 52 4 71 90 54 23 47 34 70 40 22 70 18 96 34 92 27 5 27 70 52 92 99 68 35
 59 44 92 89 35 9 61 79 0 60 97 27 23 25 71 43 47 96 90 34 45 51 22 51 26 14 21 89 7 93 34 22 28 95 0 60 75 52 15 96 61 79 81 50 33 18 49 19 97 63
 31 59 25 25 66 21 98 23 87 0 61 80 87 5 8 67 6 68 59 30 12 2 47 89 32 93 19 8 36 88 96 74 24 58 17 57 73 59 8 48 71 68 6 5 54 82 40 8 88 75
 62 15 54 85 59 3 7 14 6 14 0 33 39 93 55 33 45 54 51 47 18 76 43 52 78 88 32 49 15 99 60 69 14 4 89 74 87 83 25 97 36 25 83 99 6 15 81 85 60 84
 1 80 65 36 9 48 38 85 96 88 11 0 41 10 51 53 48 5 94 50 86 54 55 15 11 93 66 21 30 79 19 40 70 75 55 26 46 2 72 73 45 23 75 80 12 90 53 33 8 91
 5 11 44 48 20 40 70 8 2 86 31 19 0 44 79 62 88 17 93 0 41 29 3 2 4 71 42 43 19 40 55 40 85 56 7 40 20 64 42 62 22 84 29 43 58 72 63 74 74 4
 25 94 24 5 37 18 24 37 25 26 64 22 39 0 80 24 76 39 36 36 7 9 56 5 50 66 44 17 90 48 7 19 97 61 9 32 0 49 68 23 15 67 9 48 28 91 3 85 83 41
 66 85 88 37 82 75 90 41 32 29 38 71 2 90 0 86 83 36 81 22 84 67 35 79 73 93 7 6 10 76 87 58 27 58 34 92 87 98 25 91 99 99 64 3 59 70 95 67 20 98
 46 10 22 74 43 98 32 90 22 12 87 78 80 65 58 0 26 22 66 81 66 57 64 41 1 25 20 16 12 1 64 28 30 84 84 30 57 58 75 27 54 2 57 37 19 80 43 96 19 31
 69 34 25 55 18 5 37 10 37 76 62 68 84 64 65 82 0 32 23 16 12 25 70 7 25 75 48 29 38 78 48 18 6 94 40 1 52 65 76 60 67 33 95 39 19 77 89 98 53 93
 79 49 1 35 52 96 55 92 56 18 8 95 3 43 23 54 14 0 90 38 2 45 54 96 34 47 5 95 46 2 74 81 68 75 85 6 93 9 29 35 30 6 35 56 60 73 63 63 91 35
 72 44 7 71 28 50 23 69 97 60 39 42 10 69 95 29 12 26 0 96 76 30 23 14 37 23 70 10 89 58 63 84 46 70 64 46 14 8 81 52 57 58 54 31 93 7 53 94 19 48
 62 67 87 34 23 4 57 72 83 53 42 55 2 22 98 27 28 35 61 0 68 74 42 83 94 60 78 16 40 93 69 92 3 49 75 4 95 88 74 20 72 1 87 30 50 31 71 48 7 1
 37 28 23 20 60 16 35 40 13 42 59 7 78 87 3 6 77 84 31 98 0 90 85 77 48 51 8 11 97 51 90 17 17 29 9 96 37 33 84 58 0 94 41 84 64 7 28 70 47 15
 59 93 18 9 95 38 15 15 86 10 0 99 1 55 66 61 52 94 19 6 32 0 73 34 53 47 74 18 4 9 57 9 60 49 91 49 92 93 11 56 10 60 32 79 0 51 63 58 52 62
 41 45 31 72 76 88 48 14 28 6 84 25 55 62 40 12 92 15 32 64 50 89 0 77 31 91 59 69 6 91 62 94 99 66 3 86 74 66 92 63 83 30 93 77 10 14 85 16 40 12
 3 33 94 66 6 35 17 62 96 57 22 43 0 63 57 11 67 7 53 75 64 64 45 0 54 28 3 21 53 72 16 64 64 82 79 90 99 25 21 44 46 3 52 68 83 99 97 51 3 25
 53 80 30 39 47 18 96 4 4 82 25 65 37 26 47 31 66 44 70 72 99 36 24 35 0 59 45 20 85 57 11 91 52 41 81 33 43 40 45 94 14 30 62 82 8 10 56 54 26 37
 10 21 39 51 47 30 84 90 39 48 39 9 17 19 15 8 77 22 50 67 76 22 26 41 56 0 51 31 67 17 38 21 59 67 14 2 44 98 94 5 98 25 72 71 13 79 29 71 58 47
 59 95 42 13 89 82 69 41 33 96 55 16 31 68 77 92 74 80 4 6 34 6 46 86 49 17 0 30 70 57 88 71 42 48 43 70 71 29 47 58 59 56 64 32 68 34 43 77 62 55
 57 49 64 37 59 2 53 28 31 75 21 31 32 38 97 63 76 96 99 63 52 75 14 74 88 91 87 0 49 95 28 58 30 71 41 21 74 8 12 80 71 78 93 32 97 30 68 66 18 36
 64 5 63 7 46 86 97 64 43 17 6 74 1 93 40 35 44 93 51 11 33 18 49 29 83 88 6 52 0 31 80 9 73 7 27 8 0 29 94 51 8 79 41 28 35 65 66 44 38 16
 36 15 6 4 20 40 64 25 43 91 75 34 22 48 94 90 42 70 64 87 94 36 2 12 99 66 42 53 84 0 99 28 33 9 9 33 55 16 10 59 45 65 92 86 35 92 58 12 43 77
 62 89 2 58 4 76 97 87 22 7 88 50 41 6 65 64 40 13 90 68 35 77 71 54 31 8 92 24 76 25 0 9 64 57 92 43 87 91 63 25 61 21 78 33 6 52 80 27 38 41
 8 28 66 91 67 46 41 59 8 74 78 4 48 4 29 20 8 60 54 24 66 80 98 4 16 45 90 60 82 13 5 0 46 14 26 65 29 44 75 3 84 44 45 22 4 88 78 74 67 75
 3 10 10 59 35 92 51 67 4 83 28 91 89 92 76 61 30 95 12 60 92 95 29 98 50 4 3 73 22 25 34 88 0 47 32 17 83 35 2 54 81 34 51 89 1 7 43 0 40 32
 10 12 8 84 70 43 84 17 93 62 24 16 53 11 64 6 90 61 76 5 99 41 91 14 74 73 98 76 18 5 83 9 53 0 60 92 86 10 44 63 4 65 55 59 4 62 93 27 98 40
 1 2 43 58 96 13 95 39 53 24 71 90 0 6 23 39 86 57 48 59 14 23 74 93 24 5 81 30 11 66 57 8 95 54 0 7 70 18 77 34 58 10 55 32 90 75 22 99 66 69
 37 16 38 1 24 73 23 75 35 60 56 79 66 91 98 35 36 42 21 42 97 43 75 69 24 7 97 71 19 67 61 7 48 86 95 0 61 52 2 76 69 25 30 45 34 25 65 73 16 61
 19 96 21 57 76 85 66 19 77 41 40 38 94 1 23 28 38 49 19 60 18 93 35 65 87 58 31 37 75 19 47 17 52 87 11 51 0 95 71 89 67 63 92 14 92 67 34 0 83 90
 60 30 1 87 44 67 66 21 46 38 82 77 36 1 20 14 99 29 60 64 49 8 76 92 73 79 73 74 50 21 36 5 60 60 59 51 96 0 42 74 91 95 32 48 23 79 39 99 12 6
 78 94 85 8 70 82 4 34 97 14 31 42 78 10 16 50 0 64 60 9 31 1 56 97 10 64 16 68 10 18 65 35 56 40 4 67 0 26 0 76 53 26 30 71 2 62 29 93 38 7
 52 85 74 29 46 38 45 33 0 35 17 39 8 92 16 42 67 25 78 54 35 64 42 3 35 94 31 40 75 79 13 18 95 13 57 11 1 58 24 0 4 23 63 1 32 50 63 71 5 41
 42 5 21 71 13 40 37 60 26 99 79 86 92 32 59 21 45 6 88 10 61 82 73 83 25 76 9 62 22 12 84 85 94 46 4 2 15 33 14 67 0 28 50 26 64 73 56 72 47 51
 11 11 36 58 55 12 39 65 51 77 80 60 24 31 6 31 81 23 37 75 55 65 23 35 17 99 12 70 68 13 30 97 62 66 83 97 40 62 10 80 82 0 30 33 25 4 92 21 13 69
 16 21 64 33 64 35 25 45 23 65 73 74 92 34 97 41 91 19 93 34 56 90 14 65 66 55 4 20 12 3 8 69 26 83 10 98 25 32 51 1 96 91 0 37 5 9 8 23 65 36
 97 81 23 21 44 57 48 99 43 59 44 90 27 38 60 34 24 3 48 65 66 6 38 67 75 24 31 60 54 49 45 2 34 3 35 5 65 68 37 93 53 29 7 0 50 45 31 20 78 99
 59 70 90 24 74 73 67 80 70 3 23 16 79 90 45 50 23 13 61 41 25 26 3 71 74 37 85 73 58 19 95 38 68 7 63 44 91 83 3 9 2 26 31 34 0 63 30 18 86 56
 11 68 42 0 59 73 87 7 55 54 77 11 11 30 63 92 75 98 8 81 49 91 4 50 92 93 50 97 19 20 31 56 86 36 19 72 88 59 66 75 60 51 84 2 42 0 38 46 29 85
 10 77 60 64 34 92 45 82 5 91 95 48 4 78 44 26 38 91 42 75 92 39 65 78 34 55 54 26 64 90 17 90 21 21 8 10 74 89 64 49 24 40 65 33 56 52 0 86 64 70
 40 73 86 5 58 72 65 66 20 26 7 1 30 51 66 90 10 74 3 33 28 75 0 83 41 57 60 23 67 62 39 80 79 99 63 62 93 8 98 92 54 15 13 38 27 32 17 0 72 96
 83 90 33 69 22 44 6 86 17 67 43 97 64 88 49 68 5 73 96 18 46 77 16 93 92 94 79 21 70 83 68 99 51 82 96 89 81 35 75 17 47 90 70 68 24 23 1 26 0 93
 4 58 47 63 29 86 13 49 48 35 45 48 88 53 20 0 50 96 98 38 43 59 84 91 53 48 86 85 49 25 14 98 71 2 2 50 29 56 61 48 53 55 24 93 69 81 42 72 1 0
