50

 0 81 71 27 22 63 48 85 27 53 27 80 81 25 63 57 74 69 83 73 43 45 96 92 33 86 42 22 91 73 2 93 54 13 85 94 48 76 92 21 10 22 22 73 80 75 61 99 86 58
 19 0 38 66 4 16 67 1 63 1 59 44 92 19 81 67 85 84 9 61 32 89 79 17 38 43 0 55 74 7 20 95 90 37 62 13 16 19 2 19 49 32 11 70 51 46 21 52 41 23
 29 62 0 78 26 57 7 88 36 83 87 44 50 51 72 77 83 2 71 78 8 44 63 9 66 98 9 70 17 36 31 72 6 68 56 28 37 48 40 0 22 81 84 55 51 5 60 27 4 90
 73 34 22 0 3 8 99 14 44 98 21 40 45 74 7 37 76 23 42 26 12 8 11 8 72 27 64 34 57 19 88 0 27 45 89 91 78 51 17 73 84 9 43 53 90 9 61 46 15 55
 78 96 74 97 0 31 12 62 12 61 81 33 22 95 47 22 43 48 40 15 67 46 47 40 69 11 55 75 18 0 70 6 97 0 7 80 26 15 12 3 59 91 29 48 28 92 79 67 38 59
 37 84 43 92 69 0 27 46 89 11 31 26 38 19 77 13 7 21 76 70 49 41 37 13 64 59 82 36 12 60 27 51 57 36 8 8 40 73 15 29 7 21 66 61 10 68 46 70 45 53
 52 33 93 1 88 73 0 48 98 63 16 92 32 39 46 4 80 46 56 16 11 31 30 7 20 86 10 67 72 90 79 19 43 51 13 65 67 14 28 75 11 69 81 70 35 5 92 98 4 85
 15 99 12 86 38 54 52 0 99 30 55 83 32 71 2 81 34 45 99 91 10 23 94 27 17 30 14 4 70 56 9 17 96 37 47 25 96 1 50 39 95 24 21 64 95 11 58 88 14 52
 73 37 64 56 88 11 2 1 0 64 83 45 59 87 9 95 33 53 53 7 42 65 97 6 52 92 43 75 12 87 0 68 67 50 22 20 3 1 35 20 28 38 19 34 59 35 62 98 95 60
 47 99 17 2 39 89 37 70 36 0 30 77 8 62 47 19 22 17 74 44 61 66 88 23 43 90 63 12 84 42 29 52 63 31 34 26 16 85 73 9 73 76 5 28 59 27 52 63 2 99
 73 41 13 79 19 69 84 45 17 70 0 85 32 64 54 10 28 28 45 21 27 70 11 46 29 82 27 33 85 20 38 1 32 56 54 30 76 98 87 45 92 0 64 31 1 34 76 88 57 63
 20 56 56 60 67 74 8 17 55 23 15 0 92 89 86 84 59 21 98 92 56 29 53 34 98 70 18 3 56 77 31 20 28 11 38 17 84 72 61 62 41 26 87 31 26 10 30 32 75 18
 19 8 50 55 78 62 68 68 41 92 68 8 0 60 73 19 73 9 63 29 66 75 8 79 0 80 36 84 85 8 95 90 61 67 32 61 36 1 81 99 29 5 85 8 15 73 79 68 4 60
 75 81 49 26 5 81 61 29 13 38 36 11 40 0 66 17 98 89 73 42 7 54 99 85 16 97 72 17 38 59 17 52 71 80 80 74 20 9 9 34 63 19 17 61 22 79 92 24 66 22
 37 19 28 93 53 23 54 98 91 53 46 14 27 34 0 39 60 36 68 64 32 26 33 98 1 52 36 13 22 34 26 4 92 37 32 56 37 35 94 9 77 63 6 84 40 99 68 56 88 5
 43 33 23 63 78 87 96 19 5 81 90 16 81 83 61 0 33 13 3 93 78 71 25 67 2 38 8 63 42 93 61 49 55 10 3 41 85 95 36 28 1 76 57 42 40 59 92 14 19 99
 26 15 17 24 57 93 20 66 67 78 72 41 27 2 40 67 0 96 18 0 65 73 68 36 72 80 1 2 83 17 47 68 53 23 7 24 42 82 2 7 84 32 81 56 82 43 67 54 69 14
 31 16 98 77 52 79 54 55 47 83 72 79 91 11 64 87 4 0 80 9 14 25 38 64 28 84 9 27 18 92 54 87 12 13 14 43 16 40 92 94 39 56 30 37 86 31 41 34 10 87
 17 91 29 58 60 24 44 1 47 26 55 2 37 27 32 97 82 20 0 32 31 83 54 86 76 74 76 62 24 46 36 98 68 33 50 37 68 5 81 25 59 93 72 10 73 91 79 94 87 62
 27 39 22 74 85 30 84 9 93 56 79 8 71 58 36 7 100 91 68 0 36 68 85 7 42 65 69 16 70 64 39 64 44 29 43 13 85 69 50 19 61 60 25 63 66 74 26 7 87 94
 57 68 92 88 33 51 89 90 58 39 73 44 34 93 68 22 35 86 69 64 0 20 92 39 44 59 46 28 18 53 80 93 11 28 17 76 18 29 35 89 15 19 74 40 42 3 43 83 53 25
 55 11 56 92 54 59 69 77 35 34 30 71 25 46 74 29 27 75 17 32 80 0 76 86 61 84 83 30 12 98 98 79 82 85 60 1 29 3 32 6 99 21 26 88 12 39 13 59 57 50
 4 21 37 89 53 63 70 6 3 12 89 47 92 1 67 75 32 62 46 15 8 24 0 99 98 95 77 32 58 95 53 30 26 45 0 99 38 76 2 21 82 86 93 67 68 43 21 1 69 68
 8 83 91 92 60 87 93 73 94 77 54 66 21 15 2 33 64 36 14 93 61 14 1 0 81 42 29 14 11 34 20 27 69 97 38 52 27 32 56 96 24 86 35 10 13 87 76 55 70 34
 67 62 34 28 31 36 80 83 48 57 71 2 100 84 99 98 28 72 24 58 56 39 2 19 0 40 8 65 48 19 64 1 73 62 36 45 67 57 27 18 43 50 66 26 69 90 43 65 34 2
 14 57 2 73 89 41 14 70 8 10 18 30 20 3 48 62 20 16 26 35 41 16 5 58 60 0 17 98 25 24 92 93 25 91 88 72 30 58 95 25 48 62 95 47 90 52 34 4 44 95
 58 100 91 36 45 18 90 86 57 37 73 82 64 28 64 92 99 91 24 31 54 17 23 71 92 83 0 94 82 10 88 60 77 26 15 80 9 1 74 82 98 88 66 59 38 6 2 86 5 55
 78 45 30 66 25 64 33 96 25 88 67 97 16 83 87 37 98 73 38 84 72 70 68 86 35 2 6 0 96 39 78 93 98 64 49 53 14 58 30 18 23 9 46 61 22 23 92 43 63 77
 9 26 83 43 82 88 28 30 88 16 15 44 15 62 78 58 17 82 76 30 82 88 42 89 52 75 18 4 0 79 44 21 11 39 97 62 9 34 72 91 87 80 98 84 88 51 23 71 25 13
 27 93 64 81 100 40 10 44 13 58 80 23 92 41 66 7 83 8 54 36 47 2 5 66 81 76 90 61 21 0 12 0 65 86 10 58 32 84 82 54 33 6 19 69 60 83 12 7 69 28
 98 80 69 12 30 73 21 91 100 71 62 69 5 83 74 39 53 46 64 61 20 2 47 80 36 8 12 22 56 88 0 58 40 97 24 29 79 73 45 76 21 49 53 29 28 17 36 55 62 22
 7 5 28 100 94 49 81 83 32 48 99 80 10 48 96 51 32 13 2 36 7 21 70 73 99 7 40 7 79 100 42 0 21 5 77 99 35 7 27 93 87 37 19 60 88 47 82 53 4 48
 46 10 94 73 3 43 57 4 33 37 68 72 39 29 8 45 47 88 32 56 89 18 74 31 27 75 23 2 89 35 60 79 0 52 35 33 39 13 93 27 21 57 71 25 58 78 78 31 12 15
 87 63 32 55 100 64 49 63 50 69 44 89 33 20 63 90 77 87 67 71 72 15 55 3 38 9 74 36 61 14 3 95 48 0 17 42 41 5 91 98 40 88 61 86 13 46 81 28 13 49
 15 38 44 11 93 92 87 53 78 66 46 62 68 20 68 97 93 86 50 57 83 40 100 62 64 12 85 51 3 90 76 23 65 83 0 62 23 83 21 27 42 91 32 49 22 74 95 88 53 94
 6 87 72 9 20 92 35 75 80 74 70 83 39 26 44 59 76 57 63 87 24 99 1 48 55 28 20 47 38 42 71 1 67 58 38 0 82 3 62 64 66 91 69 12 54 79 58 86 82 87
 52 84 63 22 74 60 33 4 97 84 24 16 64 80 63 15 58 84 32 15 82 71 62 73 33 70 91 86 91 68 21 65 61 59 77 18 0 3 89 92 71 55 49 72 65 25 78 64 66 66
 24 81 52 49 85 27 86 99 99 15 2 28 99 91 65 5 18 60 95 31 71 97 24 68 43 42 99 42 66 16 27 93 87 95 17 97 97 0 36 85 66 21 12 14 19 98 56 43 49 83
 8 98 60 83 88 85 72 50 65 27 13 39 19 91 6 64 98 8 19 50 65 68 98 44 73 5 26 70 28 18 55 73 7 9 79 38 11 64 0 34 60 8 82 85 65 45 16 49 81 9
 79 81 100 27 97 71 25 61 80 91 55 38 1 66 91 72 93 6 75 81 11 94 79 4 82 75 18 82 9 46 24 7 73 2 73 36 8 15 66 0 81 78 2 14 41 21 3 27 64 77
 90 51 78 16 41 93 89 5 72 27 8 59 71 37 23 99 16 61 41 39 85 1 18 76 57 52 2 77 13 67 79 13 79 60 58 34 29 34 40 19 0 29 31 74 35 87 28 83 6 40
 78 68 19 91 9 79 31 76 62 24 100 74 95 81 37 24 68 44 7 40 81 79 14 14 50 38 12 91 20 94 51 63 43 12 9 9 45 79 92 22 71 0 9 78 23 47 27 8 99 91
 78 89 16 57 71 34 19 79 81 95 36 13 15 83 94 43 19 70 28 75 26 74 7 65 34 5 34 54 2 81 47 81 29 39 68 31 51 88 18 98 69 91 0 15 45 55 6 68 37 22
 27 30 45 47 52 39 30 36 66 72 69 69 92 39 16 58 44 63 90 37 60 12 33 90 74 53 41 39 16 31 71 40 75 14 51 88 28 86 15 86 26 22 85 0 6 16 65 94 85 21
 20 49 49 10 72 90 65 5 41 41 99 74 85 78 60 60 18 14 27 34 58 88 32 87 31 10 62 78 12 40 72 12 42 87 78 46 35 81 35 59 65 77 55 94 0 80 64 47 49 92
 25 54 95 91 8 32 95 89 65 73 66 90 27 21 1 41 57 69 9 26 97 61 57 13 10 48 94 77 49 17 83 53 22 54 26 21 75 2 55 79 13 53 45 84 20 0 23 10 44 24
 39 79 40 39 21 54 8 42 38 48 24 70 21 8 32 8 33 59 21 74 57 87 79 24 57 66 98 8 77 88 64 18 22 19 5 42 22 44 84 97 72 73 94 35 36 77 0 14 70 21
 1 48 73 54 33 30 2 12 2 37 12 68 32 76 44 86 46 66 6 93 17 41 99 45 35 96 14 57 29 93 45 47 69 72 12 14 36 57 51 73 17 92 32 6 53 90 86 0 42 75
 14 59 96 85 62 55 96 86 5 98 43 25 96 34 12 81 31 90 13 13 47 43 31 30 66 56 95 37 75 31 38 96 88 87 47 18 34 51 19 36 94 1 63 15 51 56 30 58 0 68
 42 77 10 45 41 47 15 48 40 1 37 82 40 78 95 1 86 13 38 6 75 50 32 66 98 5 45 23 87 72 78 52 85 51 6 13 34 17 91 23 60 9 78 79 8 76 79 25 32 0
