100

 0 64 95 78 99 47 34 99 32 79 97 89 51 74 75 13 7 56 55 70 62 46 51 61 13 30 85 9 94 36 26 10 88 20 30 75 92 56 15 7 18 47 14 37 31 1 56 42 83 23 50 66 28 7 92 26 53 64 88 90 73 82 27 30 46 22 95 2 72 64 58 83 17 40 94 36 25 20 1 15 30 73 33 82 61 48 83 94 66 22 63 28 35 50 89 37 18 72 6 30
 36 0 77 36 79 7 35 96 94 60 65 53 30 68 10 6 54 31 78 36 61 79 26 88 12 54 56 92 45 5 14 20 22 78 78 1 40 76 69 31 90 3 9 59 5 99 6 81 85 19 73 28 46 59 48 48 64 15 2 41 46 37 87 6 81 67 87 25 80 40 99 34 99 65 9 39 97 78 63 49 73 89 0 20 87 43 53 67 30 18 16 63 80 45 17 9 43 59 55 85
 5 23 0 83 74 3 96 33 28 67 30 11 43 14 85 46 83 31 5 26 37 84 66 26 18 91 96 71 57 71 10 62 10 26 56 81 0 6 91 51 61 25 27 28 94 4 8 12 44 46 55 33 64 25 99 76 64 85 6 44 73 68 53 27 48 21 32 60 61 82 27 29 41 99 76 51 46 82 77 59 66 31 63 73 36 3 55 10 85 20 20 96 72 20 70 30 7 62 95 30
 22 64 17 0 15 23 61 68 13 1 49 66 69 2 26 67 74 89 24 29 72 54 63 25 55 63 31 34 6 5 4 88 41 95 64 45 66 47 6 59 85 17 34 75 99 92 87 89 48 92 81 37 49 21 39 2 48 80 95 39 78 82 59 55 16 76 66 27 14 82 79 73 87 82 40 67 88 39 1 94 39 46 43 13 21 14 87 37 54 49 42 58 30 36 46 21 24 74 98 63
 1 21 26 85 0 53 70 62 74 0 53 54 82 5 46 35 78 71 4 2 62 42 46 10 23 8 0 22 3 52 53 76 19 40 39 94 17 65 1 37 35 48 29 87 12 87 31 33 55 24 37 36 64 39 81 2 45 8 16 22 75 56 83 16 16 66 26 61 5 65 68 16 73 85 65 16 40 38 56 95 79 44 85 35 54 49 84 22 88 31 93 6 62 16 98 9 51 44 74 51
 53 93 97 77 47 0 37 90 56 24 1 23 72 2 64 30 5 8 29 13 44 95 45 60 13 96 10 74 28 36 47 93 30 2 59 2 1 81 43 92 99 46 65 66 72 31 74 44 22 83 37 34 63 57 6 61 42 92 10 13 31 91 77 39 45 30 64 42 0 15 9 14 44 33 86 61 88 12 16 52 19 68 80 25 93 19 93 83 45 10 17 59 63 70 61 51 3 52 51 2
 66 65 4 39 30 63 0 44 53 84 91 4 71 31 36 85 55 25 75 73 69 83 43 6 33 78 17 39 66 77 61 30 24 40 19 85 56 71 86 69 93 27 69 82 1 14 57 42 50 52 65 76 61 29 12 50 20 9 96 51 46 59 78 42 28 42 60 33 15 59 10 65 23 6 59 90 57 31 38 74 66 81 43 18 57 86 24 97 0 14 77 41 59 7 20 41 80 87 23 70
 1 4 67 32 38 10 56 0 46 33 11 56 93 24 53 48 76 47 33 24 34 16 48 58 89 35 42 74 85 41 6 75 56 23 49 18 26 48 17 72 42 25 34 43 61 55 55 53 61 76 49 99 22 76 23 12 60 81 9 99 8 53 60 90 71 53 87 11 25 90 43 42 31 22 35 13 27 36 7 13 58 6 19 18 64 52 48 12 52 3 22 49 78 19 83 96 31 91 77 27
 68 6 72 87 26 44 47 54 0 29 13 94 73 32 49 59 88 39 2 32 37 53 97 56 69 93 3 9 79 39 32 4 20 91 66 80 24 58 45 2 12 2 59 95 41 94 70 56 55 82 17 74 22 84 6 9 0 81 52 24 3 30 27 29 0 20 16 58 18 37 48 47 81 55 26 81 88 20 28 4 40 7 58 81 52 62 55 8 60 56 20 49 1 49 66 98 37 92 42 13
 21 40 33 99 100 76 16 67 71 0 13 94 38 93 3 5 8 82 28 99 22 90 85 95 38 79 95 30 15 56 49 72 26 75 25 11 88 62 76 33 8 75 75 20 46 55 57 2 82 83 23 67 29 40 91 31 74 10 69 23 40 85 6 44 48 27 8 8 43 9 56 1 61 41 90 10 76 22 57 36 40 71 5 40 10 95 89 88 84 64 14 22 38 78 15 61 94 16 79 11
 3 35 70 51 47 99 9 89 87 87 0 7 38 16 56 70 47 21 51 2 76 98 74 89 9 38 11 58 42 40 15 10 21 81 91 31 55 98 43 24 85 43 27 39 27 2 42 10 56 13 74 63 24 13 51 59 80 23 96 40 31 38 79 95 39 85 49 43 95 49 18 43 82 74 97 64 32 31 36 20 31 69 56 89 33 83 30 42 32 97 13 23 23 13 68 30 45 73 6 89
 11 47 89 34 46 77 96 44 6 6 93 0 56 57 34 59 9 22 23 83 92 52 92 94 26 23 95 70 88 97 44 26 14 80 34 63 11 64 76 58 82 77 34 26 62 54 37 49 95 48 50 50 11 41 32 83 86 80 7 47 5 2 14 82 32 84 90 20 42 99 81 37 94 85 9 78 52 44 14 67 27 38 94 25 4 90 34 0 78 37 6 90 68 92 75 80 41 18 83 83
 49 70 57 31 18 28 29 7 27 62 62 44 0 4 87 31 61 58 37 98 92 60 49 8 70 35 96 20 56 36 15 26 14 41 29 41 84 0 48 83 32 37 33 97 67 57 42 18 29 59 75 51 58 89 16 18 67 0 15 55 13 23 58 44 93 55 43 12 52 4 1 9 62 80 96 89 26 34 81 22 43 67 51 13 0 43 39 17 60 52 98 23 90 3 46 39 5 17 37 64
 26 32 86 98 95 98 69 76 68 7 84 43 96 0 27 6 81 6 43 69 52 27 81 48 81 19 92 76 48 92 22 51 95 17 61 82 71 91 95 36 8 76 17 43 10 91 10 69 84 44 72 0 18 97 87 99 86 50 49 49 27 95 96 10 6 88 58 19 76 32 23 53 94 69 81 32 64 8 34 98 79 31 13 55 19 64 80 59 83 45 80 57 20 86 40 54 2 97 73 67
 25 90 15 74 54 36 64 47 51 97 44 66 13 73 0 34 3 56 6 35 71 64 77 79 78 99 80 43 23 67 8 6 10 36 92 12 58 84 77 68 69 11 39 8 82 34 37 26 39 21 50 21 49 0 13 1 91 1 58 22 50 1 71 12 50 24 47 7 66 54 11 50 24 28 53 93 11 34 55 77 69 92 75 81 27 7 12 12 91 3 12 11 85 10 35 81 5 72 13 45
 87 94 54 33 65 70 15 52 41 95 30 41 69 94 66 0 39 12 34 14 56 39 2 15 80 74 79 63 0 26 30 99 52 17 68 89 12 12 13 28 58 4 28 96 20 27 98 65 24 62 76 24 59 95 53 44 93 54 88 45 36 47 11 24 47 47 17 22 94 70 43 62 40 2 45 28 19 87 68 20 18 19 30 76 84 59 83 9 59 71 82 44 1 33 14 76 67 70 17 38
 93 46 17 26 22 95 45 24 12 92 53 91 39 19 97 61 0 78 89 7 59 23 27 58 14 53 66 17 99 6 18 14 37 65 71 32 15 91 56 77 42 11 21 57 2 39 51 53 52 17 52 51 28 58 50 54 99 8 41 67 29 18 88 24 75 85 16 24 30 60 23 50 48 16 83 63 55 14 62 27 89 35 11 59 16 62 39 83 48 94 52 61 79 43 74 50 5 68 7 9
 44 69 69 11 29 92 75 53 61 18 79 78 42 94 44 88 22 0 66 46 6 43 94 21 0 63 83 86 60 35 79 9 66 28 54 41 96 29 25 74 82 43 62 16 54 71 32 51 29 18 65 14 50 22 19 55 13 60 15 1 91 99 14 31 36 73 81 39 99 4 0 88 43 69 53 7 80 92 32 69 87 33 42 94 65 5 77 74 26 24 16 75 1 36 63 76 63 86 25 27
 45 22 95 76 96 71 25 67 98 72 49 77 63 57 94 66 11 34 0 31 24 26 91 79 2 18 20 19 4 90 33 24 14 92 10 72 49 63 55 73 68 38 69 29 63 8 10 48 51 13 79 38 76 79 80 38 89 65 39 80 75 27 61 8 25 27 44 31 21 32 69 55 3 8 44 9 92 58 92 77 22 82 13 66 85 34 65 13 50 19 37 63 80 75 17 85 37 15 89 89
 30 64 74 71 98 87 27 76 68 1 98 17 2 31 65 86 93 54 69 0 27 46 40 22 36 75 61 44 0 87 76 17 37 15 48 47 17 62 69 20 27 79 79 12 99 2 83 89 37 29 98 97 13 32 32 71 29 33 27 23 76 65 41 36 78 27 23 99 58 61 69 25 92 96 4 98 49 18 19 5 11 41 54 70 45 76 76 66 65 54 52 11 6 21 80 90 67 66 72 92
 38 39 63 28 38 56 31 66 63 78 24 8 8 48 29 44 41 94 76 73 0 99 67 76 66 56 48 52 50 93 46 75 48 86 65 98 57 57 21 97 52 85 38 1 11 97 88 90 22 36 69 7 74 79 44 79 60 74 67 29 71 47 84 26 84 72 69 8 94 29 22 7 45 0 56 42 59 90 56 28 35 98 33 24 67 26 70 21 27 14 48 75 91 45 74 24 5 74 37 59
 54 21 16 46 58 5 17 84 47 10 2 48 40 73 36 61 77 57 74 54 1 0 35 64 58 42 77 23 32 55 36 6 1 98 8 65 26 20 90 6 57 77 9 84 20 92 72 31 57 48 91 76 75 0 73 46 22 11 58 59 22 21 72 88 20 74 55 66 58 51 38 80 45 24 44 66 42 97 67 62 8 87 43 21 28 26 57 11 14 36 69 22 83 40 32 76 23 80 8 89
 49 74 34 37 54 55 57 52 3 15 26 8 51 19 23 98 73 6 9 60 33 65 0 57 71 41 27 47 60 16 60 33 21 82 88 22 36 73 27 57 86 63 3 88 39 9 75 72 94 79 29 97 6 78 48 1 77 86 13 33 33 15 78 57 49 20 62 11 4 81 1 48 91 46 59 52 44 16 36 69 6 96 87 73 98 26 94 33 98 51 91 90 28 25 83 24 85 59 17 59
 39 12 74 75 90 40 94 42 44 5 11 6 92 52 21 85 42 79 21 78 24 36 43 0 21 85 30 81 18 13 52 25 51 62 33 72 32 55 31 2 31 2 11 62 9 46 6 78 2 46 21 4 63 40 72 55 75 12 27 71 98 18 70 32 95 32 76 41 77 15 71 1 7 81 41 22 63 36 14 68 22 77 20 20 18 94 86 91 35 14 82 81 92 75 43 91 55 0 94 5
 87 88 82 45 77 87 67 11 31 62 91 74 30 19 22 20 86 100 98 64 34 42 29 79 0 14 96 32 90 39 19 19 64 41 57 65 62 79 65 81 38 83 14 90 31 61 3 29 36 65 80 16 68 20 43 74 57 78 1 85 37 52 28 49 7 10 17 48 60 89 20 0 0 91 75 54 14 27 63 16 35 75 84 35 48 45 28 71 31 25 11 3 23 98 0 0 73 9 10 12
 70 46 9 37 92 4 22 65 7 21 62 77 65 81 1 26 47 37 82 25 44 58 59 15 86 0 13 75 89 11 84 93 7 20 97 85 56 5 50 96 87 62 4 27 48 78 84 56 76 36 12 40 58 93 56 90 18 25 0 66 56 77 83 42 36 49 86 65 36 26 68 31 30 45 44 85 51 29 62 86 4 33 86 10 2 32 43 92 67 67 11 79 40 0 79 43 8 17 44 59
 15 44 4 69 100 90 83 58 97 5 89 5 4 8 20 21 34 17 80 39 52 23 73 70 4 87 0 25 73 21 48 54 61 90 64 3 18 78 88 5 82 0 28 81 13 84 45 57 90 76 14 23 17 4 74 23 15 1 44 98 81 21 6 63 66 99 38 80 12 38 16 3 87 64 51 57 72 7 48 56 43 26 68 5 88 63 5 19 22 23 55 91 96 7 82 83 60 56 55 53
 91 8 29 66 78 26 61 26 91 70 42 30 80 24 57 37 83 14 81 56 48 77 53 19 68 25 75 0 96 41 83 10 89 8 85 72 57 81 39 1 43 14 80 94 41 48 67 51 60 0 70 52 54 16 29 82 77 96 52 82 49 46 52 62 55 69 48 47 75 20 68 98 49 30 68 69 18 5 10 10 69 41 19 66 96 27 34 92 52 20 80 8 51 6 12 6 34 6 43 7
 6 55 43 94 97 72 34 15 21 85 58 12 44 52 77 100 1 40 96 100 50 68 40 82 10 11 27 4 0 95 55 39 25 86 7 5 23 79 71 17 7 82 21 22 12 14 11 16 47 45 54 59 75 20 11 74 5 36 10 95 19 22 27 34 12 26 52 45 3 97 44 83 90 65 18 18 81 49 12 26 82 62 7 77 36 16 80 22 90 66 68 89 69 75 14 0 43 8 49 19
 64 95 29 95 48 64 23 59 61 44 60 3 64 8 33 74 94 65 10 13 7 45 84 87 61 89 79 59 5 0 49 46 23 0 29 78 43 20 62 43 29 82 60 72 77 37 58 44 60 24 57 40 76 60 9 9 76 93 87 58 94 77 97 63 56 27 23 86 11 68 14 41 60 81 93 10 91 84 18 46 54 4 6 56 56 47 88 12 63 72 0 33 64 60 63 21 96 32 74 77
 74 86 90 96 47 53 39 94 68 51 85 56 85 78 92 70 82 21 67 24 54 64 40 48 81 16 52 17 45 51 0 19 46 52 61 35 8 66 55 68 7 22 51 55 60 78 81 24 81 10 6 61 88 96 61 33 95 89 46 62 91 97 81 99 84 30 95 35 63 98 77 58 6 57 40 0 23 66 27 89 81 46 52 66 57 84 49 38 75 60 99 74 51 36 65 21 98 95 42 83
 90 80 38 12 24 7 70 25 96 28 90 74 74 49 94 1 86 91 76 83 25 94 67 75 81 7 46 90 61 54 81 0 72 15 79 87 9 58 22 15 52 99 26 15 61 70 16 24 77 94 63 48 1 10 42 16 73 24 70 36 11 10 93 2 93 25 17 39 62 45 58 32 31 66 63 85 64 66 73 74 14 43 43 32 43 34 43 18 57 19 27 86 53 96 56 12 35 92 14 93
 12 78 90 59 81 70 76 44 80 74 79 86 86 5 90 48 63 34 86 63 52 99 79 49 36 93 39 11 75 77 54 28 0 86 71 28 28 46 24 76 46 91 51 79 61 44 31 18 72 17 75 85 31 46 72 96 66 64 50 70 22 49 75 45 64 55 77 97 49 16 66 52 63 38 34 25 51 61 12 72 62 2 49 75 69 71 6 12 17 5 51 69 2 59 2 30 67 69 11 55
 80 22 74 5 60 98 60 77 9 25 19 20 59 83 64 83 35 72 8 85 14 2 18 38 59 80 10 92 14 100 48 85 14 0 48 77 64 92 53 72 18 98 10 19 75 73 93 40 45 58 0 81 76 37 5 45 2 39 64 39 37 51 48 68 19 4 43 41 76 4 55 85 96 42 31 57 95 40 56 29 69 36 50 91 1 1 58 85 93 37 20 95 67 18 33 94 28 20 84 8
 70 22 44 36 61 41 81 51 34 75 9 66 71 39 8 32 29 46 90 52 35 92 12 67 43 3 36 15 93 71 39 21 29 52 0 55 96 0 96 71 54 10 2 89 18 58 40 63 93 23 58 35 29 70 42 85 36 27 92 16 44 98 59 71 86 96 98 23 51 25 64 96 15 33 76 59 21 11 12 90 46 75 52 74 50 48 88 65 82 40 10 68 81 29 7 15 74 8 28 78
 25 99 19 55 6 98 15 82 20 89 69 37 59 18 88 11 68 59 28 53 2 35 78 28 35 15 97 28 95 22 65 13 72 23 45 0 37 26 20 53 69 53 42 83 16 35 71 48 24 43 10 21 79 12 48 91 74 75 72 56 49 50 16 17 9 95 76 0 32 85 61 75 1 50 81 3 86 66 75 0 71 57 7 26 74 7 68 5 77 48 37 29 67 43 88 54 94 13 33 45
 8 60 100 34 83 99 44 74 76 12 45 89 16 29 42 88 85 4 51 83 43 74 64 68 38 44 82 43 77 57 92 91 72 36 4 63 0 5 77 69 41 49 71 6 1 84 74 69 40 22 4 79 93 49 20 17 19 77 25 81 45 11 82 28 72 86 23 83 7 25 19 60 17 14 7 97 45 70 91 33 1 95 38 69 5 23 78 48 34 19 13 77 7 32 6 69 88 73 72 80
 44 24 94 53 35 19 29 52 42 38 2 36 100 9 16 88 9 71 37 38 43 80 27 45 21 95 22 19 21 80 34 42 54 8 100 74 95 0 17 36 76 65 28 98 26 71 8 24 71 41 13 91 18 2 11 17 37 90 84 99 90 39 72 82 76 66 71 99 51 85 89 75 9 29 34 93 71 59 60 13 33 15 14 9 20 88 41 88 86 55 0 80 41 6 6 79 76 39 95 56
 85 31 9 94 99 57 14 83 55 24 57 24 52 5 23 87 44 75 45 31 79 10 73 69 35 50 12 61 29 38 45 78 76 47 4 80 23 83 0 76 26 19 67 60 35 51 6 40 73 23 74 32 71 55 29 76 89 90 80 34 58 50 19 81 44 59 0 92 15 29 40 64 62 43 60 94 18 79 30 76 2 67 23 48 61 70 71 90 29 29 93 27 67 70 50 21 82 9 84 73
 93 69 49 41 63 8 31 28 98 67 76 42 17 64 32 72 23 26 27 80 3 94 43 98 19 4 95 99 83 57 32 85 24 28 29 47 31 64 24 0 81 61 70 61 2 90 78 14 15 33 15 20 64 22 85 93 23 55 20 77 73 51 80 26 63 27 46 12 55 57 25 8 75 10 60 21 44 73 33 59 23 54 66 65 64 20 14 2 96 44 60 40 51 18 21 58 25 46 4 26
 82 10 39 15 65 1 7 58 88 92 15 18 68 92 31 42 58 18 32 73 48 43 14 69 62 13 18 57 93 71 93 48 54 82 46 31 59 24 74 19 0 58 20 44 18 1 61 10 62 61 19 57 51 49 28 69 29 10 98 99 34 20 14 24 48 32 78 79 81 35 35 93 85 59 91 97 60 5 50 46 57 14 8 9 43 58 17 45 7 95 55 41 14 82 96 96 13 53 73 10
 53 97 75 83 52 54 73 75 98 25 57 23 63 24 89 96 89 57 62 21 15 23 37 98 17 38 100 86 18 18 78 1 9 2 90 47 51 35 81 39 42 0 11 92 20 75 2 48 33 50 39 52 39 57 20 90 40 38 72 44 49 26 98 85 49 19 89 96 98 32 75 93 73 91 50 87 59 38 24 75 84 86 97 11 57 27 15 59 16 51 73 27 22 12 89 87 77 7 34 29
 86 91 73 66 71 35 31 66 41 25 73 66 67 83 61 72 79 38 31 21 62 91 97 89 86 96 72 20 79 40 49 74 49 90 98 58 29 72 33 30 80 89 0 92 81 42 14 57 33 58 75 6 76 23 17 53 66 19 71 45 67 19 99 28 21 94 80 45 65 46 49 27 9 7 63 42 34 22 88 24 47 77 35 36 90 85 54 72 45 63 79 3 34 74 67 66 16 59 60 62
 63 41 72 25 13 34 18 57 5 80 61 74 3 57 92 4 43 84 71 88 99 16 12 38 10 73 19 6 78 28 45 85 21 81 11 17 94 2 40 39 56 8 8 0 18 91 27 48 60 27 54 4 81 36 85 16 57 87 81 24 42 5 75 2 49 53 18 80 37 2 53 40 98 30 66 18 20 67 93 80 30 17 83 27 12 72 26 9 6 69 6 33 89 84 49 44 47 92 38 31
 69 95 6 1 88 28 99 39 59 54 73 38 33 90 18 80 98 46 37 1 89 80 61 91 69 52 87 59 88 23 40 39 39 25 82 84 99 74 65 98 82 80 19 82 0 80 19 61 13 94 16 42 13 34 85 67 9 86 31 42 6 51 16 8 9 45 80 67 78 26 41 82 11 87 53 74 45 23 69 53 85 49 98 60 31 52 94 47 22 38 16 96 74 17 87 7 10 1 64 32
 99 1 96 8 13 69 86 45 6 45 98 46 43 9 66 73 61 29 92 98 3 8 91 54 39 22 16 52 86 63 22 30 56 27 42 65 16 29 49 10 99 25 58 9 20 0 39 92 80 94 3 63 9 62 96 36 35 61 28 93 59 76 57 89 27 68 48 64 65 90 4 16 0 53 55 8 86 72 75 94 55 86 40 34 40 41 71 56 82 86 27 88 93 11 28 55 89 65 55 75
 44 94 92 13 69 26 43 45 30 43 58 63 58 90 63 2 49 68 90 17 12 28 25 94 97 16 55 33 89 42 19 84 69 7 60 29 26 92 94 22 39 98 86 73 81 61 0 47 93 13 39 43 15 42 6 2 25 94 79 10 13 56 8 88 47 3 83 76 3 92 98 37 20 24 89 37 31 45 69 67 45 93 1 16 70 83 31 63 41 48 86 48 55 49 8 40 62 18 6 32
 58 19 88 11 67 56 58 47 44 98 90 51 82 31 74 35 47 49 52 11 10 69 28 22 71 44 43 49 84 56 76 76 82 60 37 52 31 76 60 86 90 52 43 52 39 8 53 0 55 91 0 39 79 10 22 36 44 5 74 78 0 32 75 74 43 65 20 92 45 23 90 81 56 51 29 83 31 62 29 96 65 34 30 44 10 74 82 28 25 6 65 87 19 55 50 2 45 90 30 15
 17 15 56 52 45 78 50 39 45 18 44 5 71 16 61 76 48 71 49 63 78 43 6 98 64 24 10 40 53 40 19 23 28 55 7 76 60 29 27 85 38 67 67 40 87 20 7 45 0 62 23 83 13 78 1 44 68 31 78 30 98 74 58 51 39 72 16 94 82 23 76 7 47 6 73 90 93 53 52 20 38 34 21 8 40 67 80 98 91 75 55 54 93 53 21 92 73 76 20 95
 77 81 54 8 76 17 48 24 18 17 87 52 41 56 79 38 83 82 87 71 64 52 21 54 35 64 24 100 55 76 90 6 83 42 77 57 78 59 77 67 39 50 42 73 6 6 87 9 38 0 3 48 41 8 76 85 72 81 36 44 68 94 6 70 23 34 7 85 61 42 80 28 69 86 46 19 7 35 33 8 33 65 24 57 4 3 59 64 28 3 1 34 27 72 34 92 73 37 91 82
 50 27 45 19 63 63 35 51 83 77 26 50 25 28 50 24 48 35 21 2 31 9 71 79 20 88 86 30 46 43 94 37 25 100 42 90 96 87 26 85 81 61 25 46 84 97 61 100 77 97 0 4 33 18 46 15 27 22 50 90 24 43 54 98 1 43 79 35 0 24 48 57 53 49 73 90 68 50 83 44 66 75 48 9 51 28 0 85 71 71 4 30 30 88 43 21 59 13 10 65
 34 72 67 63 64 66 24 1 26 33 37 50 49 100 79 76 49 86 62 3 93 24 3 96 84 60 77 48 41 60 39 52 15 19 65 79 21 9 68 80 43 48 94 96 58 37 57 61 17 52 96 0 3 72 89 94 71 1 64 52 35 12 46 92 27 15 52 75 85 27 99 88 62 24 24 40 93 22 72 70 96 26 76 15 6 79 43 28 61 35 41 30 17 67 34 28 66 51 68 85
 72 54 36 51 36 37 39 78 78 71 76 89 42 82 51 41 72 50 24 87 26 25 94 37 32 42 83 46 25 24 12 99 69 24 71 21 7 82 29 36 49 61 24 19 87 91 85 21 87 59 67 97 0 1 78 17 90 50 86 33 89 24 55 3 96 65 28 26 11 90 53 98 87 42 12 6 31 44 76 73 47 18 80 48 94 23 73 47 16 48 15 75 2 43 81 59 92 14 49 85
 93 41 75 79 61 43 71 24 16 60 87 59 11 3 100 5 42 78 21 68 21 100 22 60 80 7 96 84 80 40 4 90 54 63 30 88 51 98 45 78 51 43 77 64 66 38 58 90 22 92 82 28 99 0 50 61 92 47 10 8 82 33 78 72 6 4 97 49 8 94 47 64 98 3 23 74 40 95 94 4 20 35 22 82 89 79 85 48 27 84 59 60 99 47 7 51 37 3 82 90
 8 52 1 61 19 94 88 77 94 9 49 68 84 13 87 47 50 81 20 68 56 27 52 28 57 44 26 71 89 91 39 58 28 95 58 52 80 89 71 15 72 80 83 15 15 4 94 78 99 24 54 11 22 50 0 8 43 49 26 89 89 47 15 24 72 15 19 66 9 45 14 44 89 21 39 12 19 62 1 16 85 52 35 88 97 58 67 45 33 84 38 56 22 9 37 73 14 77 57 90
 74 52 24 98 98 39 50 88 91 69 41 17 82 1 99 56 46 45 62 29 21 54 99 45 26 10 77 18 26 91 67 84 4 55 15 9 83 83 24 7 31 10 47 84 33 64 98 64 56 15 85 6 83 39 92 0 51 58 90 86 82 64 44 21 10 16 75 34 75 87 70 4 65 7 45 38 40 81 91 56 76 51 27 81 24 93 30 75 29 97 61 76 73 84 91 28 95 59 32 53
 47 36 36 52 55 58 80 40 100 26 20 14 33 14 9 7 1 87 11 71 40 78 23 25 43 82 85 23 95 24 5 27 34 98 64 26 81 63 11 77 71 60 34 43 91 65 75 56 32 28 73 29 10 8 57 49 0 72 96 38 72 3 83 39 18 78 20 37 99 2 83 33 25 94 77 33 44 27 84 20 16 12 19 71 20 34 51 53 61 66 88 43 31 45 57 43 69 12 51 11
 36 85 15 20 92 8 91 19 19 90 77 20 100 50 99 46 92 40 35 67 26 89 14 88 22 75 99 4 64 7 11 76 36 61 73 25 23 10 10 45 90 62 81 13 14 39 6 95 69 19 78 99 50 53 51 42 28 0 18 0 85 84 35 65 81 4 45 45 25 70 33 1 29 76 41 74 42 33 82 17 43 31 23 81 36 80 51 96 89 76 44 28 61 31 52 80 31 42 90 60
 12 98 94 5 84 90 4 91 48 31 4 93 85 51 42 12 59 85 61 73 33 42 87 73 99 100 56 48 90 13 54 30 50 36 8 28 75 16 20 80 2 28 29 19 69 72 21 26 22 64 50 36 14 90 74 10 4 82 0 68 67 37 31 6 68 73 24 97 67 64 32 90 97 86 34 89 25 10 1 66 89 22 59 92 9 18 35 2 3 86 2 78 54 98 39 30 18 17 62 22
 10 59 56 61 78 87 49 1 76 77 60 53 45 51 78 55 33 99 20 77 71 41 67 29 15 34 2 18 5 42 38 64 30 61 84 44 19 1 66 23 1 56 55 76 58 7 90 22 70 56 10 48 67 92 11 14 62 100 32 0 29 69 70 13 18 97 21 51 60 41 44 86 18 67 22 66 6 12 87 46 96 71 67 98 2 58 89 65 38 56 55 42 10 29 10 37 97 0 57 33
 27 54 27 22 25 69 54 92 97 60 69 95 87 73 50 64 71 9 25 24 29 78 67 2 63 44 19 51 81 6 9 89 78 63 56 51 55 10 42 27 66 51 33 58 94 41 87 100 2 32 76 65 11 18 11 18 28 15 33 71 0 23 12 15 3 90 13 10 76 3 58 59 83 85 62 54 63 73 33 40 6 52 19 94 92 80 55 94 9 16 0 57 64 71 97 57 7 37 15 17
 18 63 32 18 44 9 41 47 70 15 62 98 77 5 99 53 82 1 73 35 53 79 85 82 48 23 79 54 78 23 3 90 51 49 2 50 89 61 50 49 80 74 81 95 49 24 44 68 26 6 57 88 76 67 53 36 97 16 63 31 77 0 5 78 40 47 64 48 13 43 36 80 33 50 29 51 74 56 48 32 52 45 13 57 80 61 63 78 73 31 85 18 84 50 14 74 86 58 18 70
 73 13 47 41 17 23 22 40 73 94 21 86 42 4 29 89 12 86 39 59 16 28 22 30 72 17 94 48 73 3 19 7 25 52 41 84 18 28 81 20 86 2 1 25 84 43 92 25 42 94 46 54 45 22 85 56 17 65 69 30 88 95 0 41 43 60 64 75 80 51 46 89 88 5 63 86 22 92 95 79 94 0 86 72 28 22 53 56 56 76 89 37 46 80 92 37 39 94 46 55
 70 94 73 45 84 61 58 10 71 56 5 18 56 90 88 76 76 69 92 64 74 12 43 68 51 58 37 38 66 37 1 98 55 32 29 83 72 18 19 74 76 15 72 98 92 11 12 26 49 30 2 8 97 28 76 79 61 35 94 87 85 22 59 0 61 65 60 1 2 41 98 85 68 70 59 57 43 22 40 33 74 74 38 60 72 69 55 27 68 30 88 73 93 96 79 52 91 57 69 1
 54 19 52 84 84 55 72 29 100 52 61 68 7 94 50 53 25 64 75 22 16 80 51 5 93 64 34 45 88 44 16 7 36 81 14 91 28 24 56 37 52 51 79 51 91 73 53 57 61 77 99 73 4 94 28 90 82 19 32 82 97 60 57 39 0 38 42 88 16 53 76 37 52 91 7 46 26 77 6 54 80 76 20 53 64 67 93 24 65 66 73 86 28 97 16 78 20 78 44 13
 78 33 79 24 34 70 58 47 80 73 15 16 45 12 76 53 15 27 73 73 28 26 80 68 90 51 1 31 74 73 70 75 45 96 4 5 14 34 41 73 68 81 6 47 55 32 97 35 28 66 57 85 35 96 85 84 22 96 27 3 10 53 40 35 62 0 71 97 39 19 75 76 97 98 26 47 89 14 81 55 77 53 29 44 10 93 98 3 72 17 68 31 32 54 21 35 63 34 53 2
 5 13 68 34 74 36 40 13 84 92 51 10 57 42 53 83 84 19 56 77 31 45 38 24 83 14 62 52 48 77 5 83 23 57 2 24 77 29 100 54 22 11 20 82 20 52 17 80 84 93 21 48 72 3 81 25 80 55 76 79 87 36 36 40 58 29 0 56 4 84 26 98 23 30 48 24 53 17 73 99 65 19 97 70 13 8 48 57 79 82 39 94 82 9 51 32 77 63 90 45
 98 75 40 73 39 58 67 89 42 92 57 80 88 81 93 78 76 61 69 1 92 34 89 59 52 35 20 53 55 14 65 61 3 59 77 100 17 1 8 88 21 4 55 20 33 36 24 8 6 15 65 25 74 51 34 66 63 55 3 49 90 52 25 99 12 3 44 0 88 57 89 99 41 56 46 49 21 29 72 15 13 25 14 12 4 64 92 84 49 28 14 78 41 3 30 54 20 10 99 94
 28 20 39 86 95 100 85 75 82 57 5 58 48 24 34 6 70 1 79 42 6 42 96 23 40 64 88 25 97 89 37 38 51 24 49 68 93 49 85 45 19 2 35 63 22 35 97 55 18 39 100 15 89 92 91 25 1 75 33 40 24 87 20 98 84 61 96 12 0 19 23 4 6 73 64 6 51 2 55 55 6 90 69 23 59 54 49 22 5 83 91 31 51 1 22 32 85 52 36 4
 36 60 18 18 35 85 41 10 63 91 51 1 96 68 46 30 40 96 68 39 71 49 19 85 11 74 62 80 3 32 2 55 84 96 75 15 75 15 71 43 65 68 54 98 74 10 8 77 77 58 76 73 10 6 55 13 98 30 36 59 97 57 49 59 47 81 16 43 81 0 31 58 42 31 41 75 80 79 18 13 8 28 55 85 98 24 35 52 58 28 59 64 8 72 90 80 95 58 98 34
 42 1 73 21 32 91 90 57 52 44 82 19 99 77 89 57 77 100 31 31 78 62 99 29 80 32 84 32 56 86 23 42 34 45 36 39 81 11 60 75 65 25 51 47 59 96 2 10 24 20 52 1 47 53 86 30 17 67 68 56 42 64 54 2 24 25 74 11 77 69 0 43 89 91 49 46 33 46 67 76 37 44 45 33 59 81 27 29 84 82 76 45 89 50 94 33 29 54 71 73
 17 66 71 27 84 86 35 58 53 99 57 63 91 47 50 38 50 12 45 75 93 20 52 99 100 69 97 2 17 59 42 68 48 15 4 25 40 25 36 92 7 7 73 60 18 84 63 19 93 72 43 12 2 36 56 96 67 99 10 14 41 20 11 15 63 24 2 1 96 42 57 0 4 51 2 92 99 81 50 15 88 14 89 16 46 78 23 38 2 4 61 70 9 29 37 34 91 23 84 20
 83 1 59 13 27 56 77 69 19 39 18 6 38 6 76 60 52 57 97 8 55 55 9 93 100 70 13 51 10 40 94 69 37 4 85 99 83 91 38 25 15 27 91 2 89 100 80 44 53 31 47 38 13 2 11 35 75 71 3 82 17 67 12 32 48 3 77 59 94 58 11 96 0 50 93 75 50 28 84 67 55 60 78 82 84 92 0 34 31 12 85 69 47 70 28 2 75 11 15 70
 60 35 1 18 15 67 94 78 45 59 26 15 20 31 72 98 84 31 92 4 100 76 54 19 9 55 36 70 35 19 43 34 62 58 67 50 86 71 57 90 41 9 93 70 13 47 76 49 94 14 51 76 58 97 79 93 6 24 14 33 15 50 95 30 9 2 70 44 27 69 9 49 50 0 88 16 27 2 2 2 2 27 95 92 93 38 86 70 91 61 75 77 91 61 12 62 7 16 82 18
 6 91 24 60 35 14 41 65 74 10 3 91 4 19 47 55 17 47 56 96 44 56 41 59 25 56 49 32 82 7 60 37 66 69 24 19 93 66 40 40 9 50 37 34 47 45 11 71 27 54 27 76 88 77 61 55 23 59 66 78 38 71 37 41 93 74 52 54 36 59 51 98 7 12 0 99 32 64 55 3 58 46 18 58 35 80 54 31 38 37 35 85 17 26 72 56 67 84 22 6
 64 61 49 33 84 39 10 87 19 90 36 22 11 68 7 72 37 93 91 2 58 34 48 78 46 15 43 31 82 90 100 15 75 43 41 97 3 7 6 79 3 13 58 82 26 92 63 17 10 81 10 60 94 26 88 62 67 26 11 34 46 49 14 43 54 53 76 51 94 25 54 8 25 84 1 0 85 60 95 95 33 71 15 81 31 24 82 0 33 55 68 85 83 94 68 48 13 66 84 10
 75 3 54 12 60 12 43 73 12 24 68 48 74 36 89 81 45 20 8 51 41 58 56 37 86 49 28 82 19 9 77 36 49 5 79 14 55 29 82 56 40 41 66 80 55 14 69 69 7 93 32 7 69 60 81 60 56 58 75 94 37 26 78 57 74 11 47 79 49 20 67 1 50 73 68 15 0 10 55 0 37 8 78 11 67 16 10 67 24 39 40 98 16 11 44 4 31 44 88 22
 80 22 18 61 62 88 69 64 80 78 69 56 66 92 66 13 86 8 42 82 10 3 84 64 73 71 93 95 51 16 34 34 39 60 89 34 30 41 21 27 95 62 78 33 77 28 55 38 47 65 50 78 56 5 38 19 73 67 90 88 27 44 8 78 23 86 83 71 98 21 54 19 72 98 36 40 90 0 34 59 11 1 5 54 5 76 2 82 92 89 14 98 71 76 16 41 80 28 80 71
 99 37 23 99 44 84 62 93 72 43 64 86 19 66 45 32 38 68 8 81 44 33 64 86 37 38 52 90 88 82 73 27 88 44 88 25 9 40 70 67 50 76 12 7 31 25 31 71 48 67 17 28 24 6 99 9 16 18 99 13 67 52 5 60 94 19 27 28 45 82 33 50 16 98 45 5 45 66 0 22 26 44 65 61 57 88 97 82 80 64 91 83 87 5 62 63 50 47 96 84
 85 51 41 6 5 48 26 87 96 64 80 33 78 2 23 80 73 31 23 95 72 38 31 32 84 14 44 90 74 54 11 26 28 71 10 100 67 87 24 41 54 25 76 20 47 6 33 4 80 92 56 30 27 96 84 44 80 83 34 54 60 68 21 67 46 45 1 85 45 87 24 85 33 98 97 5 100 41 78 0 3 33 65 4 22 99 32 33 36 22 11 57 12 70 13 61 98 60 99 4
 70 27 34 61 21 81 34 42 60 60 69 73 57 21 31 82 11 13 78 89 65 92 94 78 65 96 57 31 18 46 19 86 38 31 54 29 99 67 98 77 43 16 53 70 15 45 55 35 62 67 34 4 53 80 15 24 84 57 11 4 94 48 6 26 20 23 35 87 94 92 63 12 45 98 42 67 63 89 74 97 0 60 18 58 15 89 62 11 33 53 86 77 22 25 82 72 86 39 74 56
 27 11 69 54 56 32 19 94 93 29 31 62 33 69 8 81 65 67 18 59 2 13 4 23 25 67 74 59 38 96 54 57 98 64 25 43 5 85 33 46 86 14 23 83 51 14 7 66 66 35 25 74 82 65 48 49 88 69 78 29 48 55 100 26 24 47 81 75 10 72 56 86 40 73 54 29 92 99 56 67 40 0 39 20 78 78 15 37 94 73 15 56 93 91 40 81 23 95 15 9
 67 100 37 57 15 20 57 81 42 95 44 6 49 87 25 70 89 58 87 46 67 57 13 80 16 14 32 81 93 94 48 57 51 50 48 93 62 86 77 34 92 3 65 17 2 60 99 70 79 76 52 24 20 78 65 73 81 77 41 33 81 87 14 62 80 71 3 86 31 45 55 11 22 5 82 85 22 95 35 35 82 61 0 13 18 81 50 27 31 80 46 14 7 66 79 1 16 79 29 6
 18 80 27 87 65 75 82 82 19 60 11 75 87 45 19 24 41 6 34 30 76 79 27 80 65 90 95 34 23 44 34 68 25 9 26 74 31 91 52 35 91 89 64 73 40 66 84 56 92 43 91 85 52 18 12 19 29 19 8 2 6 43 28 40 47 56 30 88 77 15 67 84 18 8 42 19 89 46 39 96 42 80 87 0 35 95 2 72 45 39 85 14 59 81 18 25 60 1 11 2
 39 13 64 79 46 7 43 36 48 90 67 96 100 81 73 16 84 35 15 55 33 72 2 82 52 98 12 4 64 44 43 57 31 99 50 26 95 80 39 36 57 43 10 88 69 60 30 90 60 96 49 94 6 11 3 76 80 64 91 98 8 20 72 28 36 90 87 96 41 2 41 54 16 7 65 69 33 95 43 78 85 22 82 65 0 20 95 44 44 37 48 98 72 67 50 40 10 28 23 16
 52 57 97 86 51 81 14 48 38 5 17 10 57 36 93 41 38 95 66 24 74 74 74 6 55 68 37 73 84 53 16 66 29 99 52 93 77 12 30 80 42 73 15 28 48 59 17 26 33 97 72 21 77 21 42 7 66 20 82 42 20 39 78 31 33 7 92 36 46 76 19 22 8 62 20 76 84 24 12 1 11 22 19 5 80 0 2 8 16 64 44 85 3 66 74 88 79 23 91 64
 17 47 45 13 16 7 76 52 45 11 70 66 61 20 88 17 61 23 35 24 30 43 6 14 72 57 95 66 20 12 51 57 94 42 12 32 22 59 29 86 83 85 46 74 6 29 69 18 20 41 100 57 27 15 33 70 49 49 65 11 45 37 47 45 7 2 52 8 51 65 73 77 100 14 46 18 90 98 3 68 38 85 50 98 5 98 0 28 1 11 32 57 7 3 59 24 22 67 25 29
 6 33 90 63 78 17 3 88 92 12 58 100 83 41 88 91 17 26 87 34 79 89 67 9 29 8 81 8 78 88 62 82 88 15 35 95 52 12 10 98 55 41 28 91 53 44 37 72 2 36 15 72 53 52 55 25 47 4 98 35 6 22 44 73 76 97 43 16 78 48 71 62 66 30 69 100 33 18 18 67 89 63 73 28 56 92 72 0 56 48 53 91 83 83 37 66 56 15 96 97
 34 70 15 46 12 55 100 48 40 16 68 22 40 17 9 41 52 74 50 35 73 86 2 65 69 33 78 48 10 37 25 43 83 7 18 23 66 14 71 4 93 84 55 94 78 18 59 75 9 72 29 39 84 73 67 71 39 11 97 62 91 27 44 32 35 28 21 51 95 42 16 98 69 9 62 67 76 8 20 64 67 6 69 55 56 84 99 44 0 29 26 31 6 75 56 57 17 1 74 71
 78 82 80 51 69 90 86 97 44 36 3 63 48 55 97 29 6 76 81 46 86 64 49 86 75 33 77 80 34 28 40 81 95 63 60 52 81 45 71 56 5 49 37 31 62 14 52 94 25 97 29 65 52 16 16 3 34 24 14 44 84 69 24 70 34 83 18 72 17 72 18 96 88 39 63 45 61 11 36 78 47 27 20 61 63 36 89 52 71 0 65 54 37 61 31 52 14 46 1 24
 37 84 80 58 7 83 23 78 80 86 87 94 2 20 88 18 48 84 63 48 52 31 9 18 89 89 45 20 32 100 1 73 49 80 90 63 87 100 7 40 45 27 21 94 84 73 14 35 45 99 96 59 85 41 62 39 12 56 98 45 100 15 11 12 27 32 61 86 9 41 24 39 15 25 65 32 60 86 9 89 14 85 54 15 52 56 68 47 74 35 0 48 51 79 8 64 43 45 99 21
 72 37 4 42 94 41 59 51 51 78 77 10 77 43 89 56 39 25 37 89 25 78 10 19 97 21 9 92 11 67 26 14 31 5 32 71 23 20 73 60 59 73 97 67 4 12 52 13 46 66 70 70 25 40 44 24 57 72 22 58 43 82 63 27 14 69 6 22 69 36 55 30 31 23 15 15 2 2 17 43 23 44 86 86 2 15 43 9 69 46 52 0 52 97 56 92 32 45 4 99
 65 20 28 70 38 37 41 22 99 62 77 32 10 80 15 99 21 99 20 94 9 17 72 8 77 60 4 49 31 36 49 47 98 33 19 33 93 59 33 49 86 78 66 11 26 7 45 81 7 73 70 83 98 1 78 27 69 39 46 90 36 16 54 7 72 68 18 59 49 92 11 91 53 9 83 17 84 29 13 88 78 7 93 41 28 97 93 17 94 63 49 48 0 20 95 31 30 47 34 76
 50 55 80 64 84 30 93 81 51 22 87 8 97 14 90 67 57 64 25 79 55 60 75 25 2 100 93 94 25 40 64 4 41 82 71 57 68 94 30 82 18 88 26 16 83 89 51 45 47 28 12 33 57 53 91 16 55 69 2 71 29 50 20 4 3 46 91 97 99 28 50 71 30 39 74 6 89 24 95 30 75 9 34 19 33 34 97 17 25 39 21 3 80 0 9 37 49 49 60 94
 11 83 30 54 2 39 80 17 34 85 32 25 54 60 65 86 26 37 83 20 26 68 17 57 100 21 18 88 86 37 35 44 98 67 93 12 94 94 50 79 4 11 33 51 13 72 92 50 79 66 57 66 19 93 63 9 43 48 61 90 3 86 8 21 84 79 49 70 78 10 6 63 72 88 28 32 56 84 38 87 18 60 21 82 50 26 41 63 44 69 92 44 5 91 0 53 57 30 10 77
 63 91 70 79 91 49 59 4 2 39 70 20 61 46 19 24 50 24 15 10 76 24 76 9 100 57 17 94 100 79 79 88 70 6 85 46 31 21 79 42 4 13 34 56 93 45 60 98 8 8 79 72 41 49 27 72 57 20 70 63 43 26 63 48 22 65 68 46 68 20 67 66 98 38 44 52 96 59 37 39 28 19 99 75 60 12 76 34 43 48 36 8 69 63 47 0 80 41 50 48
 82 57 93 76 49 97 20 69 63 6 55 59 95 98 95 33 95 37 63 33 95 77 15 45 27 92 40 66 57 4 2 65 33 72 26 6 12 24 18 75 87 23 84 53 90 11 38 55 27 27 41 34 8 63 86 5 31 69 82 3 93 14 61 9 80 37 23 80 15 5 71 9 25 93 33 87 69 20 50 2 14 77 84 40 90 21 78 44 83 86 57 68 70 51 43 20 0 24 19 69
 28 41 38 26 56 48 13 9 8 84 27 82 83 3 28 30 32 14 85 34 26 20 41 100 91 83 44 94 92 68 5 8 31 80 92 87 27 61 91 54 47 93 41 8 99 35 82 10 24 63 87 49 86 97 23 41 88 58 83 100 63 42 6 43 22 66 37 90 48 42 46 77 89 84 16 34 56 72 53 40 61 5 21 99 72 77 33 85 99 54 55 55 53 51 70 59 76 0 49 8
 94 45 5 2 26 49 77 23 58 21 94 17 63 27 87 83 93 75 11 28 63 92 83 6 90 56 45 57 51 26 58 86 89 16 72 67 28 5 16 96 27 66 40 62 36 45 94 70 80 9 90 32 51 18 43 68 49 10 38 43 85 82 54 31 56 47 10 1 64 2 29 16 85 18 78 16 12 20 4 1 26 85 71 89 77 9 75 4 26 99 1 96 66 40 90 50 81 51 0 99
 70 15 70 37 49 98 30 73 87 89 11 17 36 33 55 62 91 73 11 8 41 11 41 95 88 41 47 93 81 23 17 7 45 92 22 55 20 44 27 74 90 71 38 69 68 25 68 85 5 18 35 15 15 10 10 47 89 40 78 67 83 30 45 99 87 98 55 6 96 66 27 80 30 82 94 90 78 29 16 96 44 91 94 98 84 36 71 3 29 76 79 1 24 6 23 52 31 92 1 0
