100

 0 81 98 54 13 8 84 36 46 98 72 66 2 19 76 73 12 5 14 54 84 26 7 90 7 40 88 47 33 53 64 58 23 8 52 97 8 52 21 99 43 29 14 76 10 31 29 49 65 6 61 53 19 71 39 25 4 80 68 7 69 80 88 32 90 31 14 78 71 69 2 80 90 79 22 8 1 96 69 9 56 59 75 16 52 75 87 35 21 56 35 90 47 43 46 62 30 97 64 30
 19 0 3 26 37 56 88 11 72 70 38 62 23 42 33 26 87 16 96 6 30 65 56 73 85 66 28 14 94 56 24 30 47 45 78 62 36 9 12 77 55 69 36 37 6 98 31 77 94 87 45 43 66 42 99 4 88 60 5 28 15 24 10 69 55 67 29 36 72 56 7 42 35 27 83 22 92 49 46 1 49 32 3 60 70 52 10 32 79 4 53 37 51 56 10 57 43 38 71 77
 2 97 0 67 7 21 18 99 45 44 30 77 56 33 83 80 46 72 54 85 46 45 25 81 0 94 92 22 78 52 41 9 32 31 8 63 51 42 96 19 17 72 26 60 2 24 90 12 90 54 39 53 46 87 13 30 64 29 97 52 45 30 6 58 98 3 24 25 61 16 30 31 9 50 19 50 70 38 93 62 89 46 96 38 6 36 41 82 48 99 5 77 75 98 19 43 86 98 68 5
 46 74 33 0 86 43 11 7 88 61 88 68 52 8 52 68 16 85 61 94 44 13 93 21 16 6 55 41 31 0 99 27 69 28 80 95 99 35 13 37 43 81 91 48 18 15 20 38 77 26 97 16 90 20 39 84 55 26 11 88 26 98 86 3 76 35 31 37 12 61 37 43 8 98 54 87 56 92 69 92 6 18 35 27 72 69 27 53 66 47 73 19 25 13 52 95 4 79 26 15
 87 63 93 14 0 48 84 55 87 36 10 20 82 91 11 13 45 98 99 50 87 11 58 82 82 50 65 27 71 2 32 71 79 70 3 45 89 11 22 8 61 65 12 46 14 44 42 41 82 28 43 48 68 82 97 77 51 19 6 68 47 60 18 46 37 89 86 91 13 31 96 13 31 30 4 99 53 97 65 94 59 32 35 20 8 79 44 72 99 25 25 87 50 98 84 14 57 86 40 87
 92 44 79 57 52 0 64 70 62 79 16 86 34 76 9 64 83 74 37 5 99 49 90 82 74 28 51 10 8 56 24 55 59 86 89 39 20 97 84 1 10 9 25 43 89 22 53 88 26 72 2 68 52 33 12 74 60 81 41 28 76 43 73 15 94 55 17 12 15 98 18 36 95 39 71 76 56 33 12 56 11 6 1 40 27 30 64 88 45 92 67 19 79 74 74 14 79 54 92 62
 16 12 82 89 16 36 0 10 27 87 62 94 63 66 5 47 41 24 50 62 29 14 49 50 64 84 75 1 56 51 88 47 0 98 93 34 58 65 43 30 72 27 9 87 6 80 83 61 85 5 51 71 81 62 26 71 7 64 92 43 14 23 46 57 81 87 27 90 88 70 94 1 2 48 97 80 3 76 45 46 90 36 63 8 39 39 75 51 76 22 32 85 31 42 77 84 36 2 26 16
 64 89 1 93 45 30 90 0 10 29 51 45 63 11 46 3 65 67 47 27 33 91 7 50 29 43 93 4 88 98 5 33 68 75 11 14 23 27 31 17 40 16 34 41 48 44 57 13 41 5 1 44 7 15 12 89 60 58 70 29 19 48 93 34 67 30 84 6 27 26 38 9 18 69 9 28 5 81 57 39 69 43 77 80 8 23 53 93 9 37 42 60 79 70 25 82 66 85 83 35
 54 28 55 12 13 38 73 90 0 54 19 26 8 83 44 4 43 11 15 18 39 3 76 43 25 69 6 25 89 30 74 91 49 6 63 29 45 99 1 90 5 76 73 49 35 60 86 38 80 3 27 69 41 4 70 45 75 95 8 75 17 23 54 17 46 25 67 88 74 41 68 72 42 67 57 49 40 58 94 20 5 39 77 78 41 75 44 17 69 1 72 82 71 91 40 25 79 76 3 72
 2 30 56 39 64 21 13 71 46 0 14 55 66 71 45 64 17 22 28 11 66 95 64 11 21 92 3 90 70 41 37 72 88 48 71 13 35 86 17 65 23 81 51 71 50 41 83 98 6 52 9 71 65 87 29 61 7 87 89 52 36 93 76 37 58 43 28 41 66 17 5 57 84 66 82 51 0 17 23 74 65 82 24 72 80 91 63 72 82 7 85 89 16 21 75 18 53 91 70 86
 28 62 70 12 90 84 38 49 81 86 0 1 16 61 54 16 77 36 95 71 90 68 84 17 3 97 88 43 6 73 75 31 66 90 71 17 91 83 31 28 34 0 79 63 32 61 73 91 92 64 37 86 11 48 83 16 60 80 87 14 88 20 54 52 38 87 86 38 5 12 65 83 62 20 4 0 4 64 63 53 21 65 34 23 34 53 94 22 89 4 49 73 4 44 22 78 39 37 8 28
 34 38 23 32 80 14 6 55 74 45 99 0 73 66 89 26 73 39 65 64 15 70 31 61 2 49 73 58 76 79 24 10 71 32 83 36 85 62 66 39 73 40 3 72 34 47 16 19 19 24 82 97 73 60 59 37 37 86 59 12 23 36 32 24 4 60 62 53 15 94 88 41 6 75 91 55 65 86 94 0 19 47 70 94 20 29 86 57 37 59 35 48 88 90 5 11 44 24 24 7
 98 77 44 48 18 66 37 37 92 34 84 27 0 48 9 68 27 62 38 4 84 81 82 73 73 0 93 5 86 60 38 66 23 51 95 4 83 28 39 64 80 9 15 0 11 10 9 71 3 57 82 54 17 85 58 38 8 59 12 81 75 81 40 54 90 70 5 9 41 25 80 76 6 16 21 24 89 91 35 76 91 6 80 19 95 20 81 50 93 88 86 30 90 54 74 63 52 88 25 79
 81 58 67 92 9 24 34 89 17 29 39 34 52 0 75 51 58 61 34 10 86 80 81 50 41 32 69 50 72 82 36 0 35 48 10 55 48 66 30 59 85 44 94 26 28 62 62 28 62 73 14 98 19 28 13 51 74 11 98 49 21 69 84 53 60 92 27 92 84 34 72 13 80 50 93 47 14 61 57 38 8 40 20 64 23 79 1 34 73 45 63 4 34 9 75 65 47 16 38 63
 24 67 17 48 89 91 95 54 56 55 46 11 91 25 0 72 4 34 64 74 7 91 10 53 6 84 81 48 4 13 35 60 15 18 14 69 58 35 21 15 74 28 71 89 35 37 4 2 70 40 71 54 74 66 37 46 1 77 77 4 97 94 45 40 2 78 53 16 91 13 59 24 69 31 78 26 45 40 99 55 97 90 9 87 74 42 69 7 7 21 83 22 28 8 58 30 24 75 13 81
 27 74 20 32 87 36 53 97 96 36 84 74 32 49 28 0 87 28 70 48 28 58 14 92 4 52 8 79 60 29 17 78 14 39 0 9 37 12 35 33 90 34 14 77 62 42 63 64 46 13 32 34 56 52 17 45 42 7 53 60 86 46 51 40 13 7 11 58 6 92 97 97 87 6 26 87 23 81 69 53 38 88 30 76 48 57 76 53 97 24 19 36 99 12 42 65 57 99 92 68
 88 13 54 84 55 17 59 35 57 83 23 27 73 42 96 13 0 65 90 87 68 22 57 96 31 39 26 93 97 15 65 38 38 73 38 51 46 40 45 9 33 56 40 25 16 50 53 95 93 39 49 91 93 46 32 23 61 48 63 27 99 19 89 52 56 27 18 16 57 41 83 23 85 66 88 86 1 75 96 53 73 88 88 65 34 50 58 95 44 53 71 16 45 97 52 61 10 11 10 69
 95 84 28 15 2 26 76 33 89 78 64 61 38 39 66 72 35 0 9 56 91 49 16 17 45 67 74 15 72 24 68 83 45 39 12 11 33 15 42 1 29 67 93 23 73 68 16 73 49 87 97 29 21 2 61 62 11 51 85 66 18 7 86 79 43 85 26 2 84 40 36 96 3 42 0 69 48 66 9 55 47 35 50 23 12 61 24 30 53 94 53 2 9 72 20 28 32 30 39 96
 86 4 46 39 1 63 50 53 85 72 5 35 62 66 36 30 10 91 0 12 4 29 65 72 52 90 33 50 6 32 47 95 66 67 45 76 11 64 41 51 56 83 10 17 59 42 21 55 38 6 81 63 60 56 63 88 78 93 37 36 13 40 12 92 54 80 30 15 75 46 55 99 73 56 66 1 77 23 44 67 6 12 12 79 86 43 33 73 1 50 14 28 67 79 92 20 16 87 30 63
 46 94 15 6 50 95 38 73 82 89 29 36 96 90 26 52 13 44 88 0 26 3 90 36 91 17 1 66 57 83 75 36 35 88 19 66 76 48 68 58 64 12 61 50 70 12 86 41 70 49 57 16 2 9 69 73 65 98 76 75 69 23 97 86 38 13 31 52 92 84 58 10 0 25 18 34 53 23 49 29 76 77 96 90 77 88 30 50 97 55 66 2 42 22 2 88 31 87 45 0
 16 70 54 56 13 1 71 67 61 34 10 85 16 14 93 72 32 9 96 74 0 64 57 68 0 47 27 18 20 98 92 51 34 98 36 0 19 45 72 60 19 23 51 34 64 84 36 70 66 42 61 10 18 54 63 98 40 71 14 41 94 24 85 74 70 60 82 4 95 19 12 69 23 36 85 53 31 61 4 85 22 12 64 83 47 77 80 17 65 79 5 86 32 15 82 42 32 13 23 61
 74 35 55 87 89 51 86 9 97 5 32 30 19 20 9 42 78 51 71 97 36 0 7 1 27 22 42 24 96 30 93 64 94 66 40 22 69 75 16 24 79 1 20 25 4 76 74 24 40 26 10 71 69 58 78 74 58 52 40 67 64 51 49 36 53 70 39 74 91 23 7 19 39 68 28 35 74 51 16 64 69 70 96 72 76 94 23 64 57 32 58 30 33 70 34 78 48 92 8 61
 93 44 75 7 42 10 51 93 24 36 16 69 18 19 90 86 43 84 35 10 43 93 0 46 31 87 36 11 20 5 38 3 29 74 27 38 79 29 83 39 38 98 16 69 61 60 3 8 26 25 27 96 40 4 43 4 50 31 49 26 65 87 81 57 95 50 71 96 61 97 43 86 98 76 20 27 1 32 49 70 29 55 9 46 7 68 26 87 75 1 77 40 52 96 2 88 92 1 89 23
 10 27 19 79 18 18 50 50 57 89 83 39 27 50 47 8 4 83 28 64 32 99 54 0 34 52 97 38 5 76 14 86 73 54 64 93 95 84 54 24 22 74 94 20 80 20 24 43 86 73 19 3 95 44 93 30 78 48 19 20 77 95 60 75 56 96 58 86 2 28 41 76 99 67 80 20 59 62 17 24 49 19 44 72 17 89 39 53 20 52 42 4 63 15 8 66 75 10 5 93
 93 15 100 84 18 26 36 71 75 79 97 98 27 59 94 96 69 55 48 9 100 73 69 66 0 23 89 84 34 40 68 17 43 62 40 39 32 27 82 70 39 40 60 71 69 52 83 16 62 0 18 71 45 22 30 32 76 47 70 78 12 33 64 53 20 19 25 16 82 33 46 53 87 33 67 45 95 4 67 35 73 2 79 88 8 75 3 71 24 12 78 76 3 64 40 63 56 23 63 15
 60 34 6 94 50 72 16 57 31 8 3 51 100 68 16 48 61 33 10 83 53 78 13 48 77 0 97 37 82 94 23 41 40 47 90 16 44 80 99 87 81 5 64 51 43 60 33 88 21 92 17 36 97 22 93 53 5 12 7 19 3 28 84 12 61 22 75 21 0 11 77 43 10 66 79 44 65 70 71 23 90 69 59 22 46 53 43 71 63 15 21 37 94 96 32 0 38 6 25 81
 12 72 8 45 35 49 25 7 94 97 12 27 7 31 19 92 74 26 67 99 73 58 64 3 11 3 0 56 98 37 95 96 79 36 10 46 3 90 56 32 79 60 52 16 72 59 69 78 2 49 19 28 7 57 50 34 33 36 65 24 47 52 77 54 97 27 43 62 85 40 79 68 11 87 98 12 79 86 4 80 68 43 51 65 0 30 83 76 8 37 50 22 53 14 0 41 87 47 73 1
 53 86 78 59 73 90 99 96 75 10 57 42 95 50 52 21 7 85 50 34 82 76 89 62 16 63 44 0 62 50 25 18 98 14 46 74 52 51 77 90 76 72 35 1 78 78 47 47 31 98 12 13 84 26 10 30 15 51 79 46 68 64 77 4 94 32 19 23 68 1 78 17 27 60 36 82 53 22 83 75 90 95 1 51 10 81 59 21 35 93 78 71 93 99 16 15 77 58 69 20
 67 6 22 69 29 92 44 12 11 30 94 24 14 28 96 40 3 28 94 43 80 4 80 95 66 18 2 38 0 65 94 54 88 90 76 37 98 5 64 73 98 26 41 34 87 38 61 36 2 69 42 26 62 53 89 33 30 39 59 74 15 28 42 13 30 36 42 12 6 85 26 46 78 17 60 85 95 65 5 39 21 99 65 1 65 60 87 25 13 8 72 89 82 10 44 6 47 15 84 61
 47 44 48 100 98 44 49 2 70 59 27 21 40 18 87 71 85 76 68 17 2 70 95 24 60 6 63 50 35 0 62 18 82 94 11 45 57 11 26 23 84 63 37 9 82 59 60 59 38 35 18 7 67 36 58 83 98 3 87 46 76 79 6 27 99 13 67 90 81 68 64 76 5 9 67 36 83 75 26 8 17 35 49 74 33 20 66 84 7 8 62 96 54 15 80 4 97 92 80 72
 36 76 59 1 68 76 12 95 26 63 25 76 62 64 65 83 35 32 53 25 8 7 62 86 32 77 5 75 6 38 0 61 57 37 65 93 69 95 30 83 77 33 92 91 44 34 5 10 88 69 48 87 19 23 47 93 14 40 62 68 29 62 53 67 53 52 47 86 81 53 30 69 4 21 25 33 40 84 80 61 48 44 58 85 33 94 82 10 60 60 58 57 29 3 66 27 56 38 70 79
 42 70 91 73 29 45 53 67 9 28 69 90 34 100 40 22 62 17 5 64 49 36 97 14 83 59 4 82 46 82 39 0 49 77 49 37 51 19 28 74 11 82 12 22 14 1 19 86 64 61 45 31 81 31 0 40 80 3 16 65 0 7 86 64 98 79 93 47 78 86 31 5 25 56 57 8 56 7 7 32 84 19 88 10 26 78 86 20 27 53 55 67 24 38 92 86 0 29 55 67
 77 53 68 31 21 41 100 32 51 12 34 29 77 65 85 86 62 55 34 65 66 6 71 27 57 60 21 2 12 18 43 51 0 72 32 52 3 40 39 86 57 29 67 73 47 31 17 93 1 1 26 71 16 1 46 43 26 69 85 28 43 90 99 15 32 97 97 32 8 21 41 39 91 18 56 21 44 27 72 67 74 51 35 56 22 88 1 16 80 13 23 21 66 80 34 72 48 89 0 25
 92 55 69 72 30 14 2 25 94 52 10 68 49 52 82 61 27 61 33 12 2 34 26 46 38 53 64 86 10 6 63 23 28 0 53 94 18 5 2 47 99 97 79 21 51 33 91 63 5 59 83 20 49 66 1 79 47 50 42 6 96 78 88 31 49 57 0 21 96 54 75 51 40 95 70 36 65 73 55 3 96 74 18 25 4 13 40 99 59 73 69 94 71 66 54 19 70 68 83 24
 48 22 92 20 97 11 7 89 37 29 29 17 5 90 86 100 62 88 55 81 64 60 73 36 60 10 90 54 24 89 35 51 68 47 0 79 16 64 25 6 30 50 40 54 96 46 27 96 14 38 22 6 83 75 76 0 77 72 50 30 50 84 20 26 70 89 13 65 30 64 22 18 92 10 73 4 75 15 83 59 6 49 18 16 27 84 77 95 55 71 59 75 94 25 48 55 50 83 71 48
 3 38 37 5 55 61 66 86 71 87 83 64 96 45 31 91 49 89 24 34 100 78 62 7 61 84 54 26 63 55 7 63 48 6 21 0 92 76 28 21 11 67 98 42 92 52 65 38 24 99 70 17 18 97 2 35 78 50 26 78 13 50 12 35 80 95 22 28 78 40 0 79 36 73 85 66 54 35 91 5 89 90 76 22 46 26 89 84 73 84 71 36 38 79 42 3 85 2 59 20
 92 64 49 1 11 80 42 77 55 65 9 15 17 52 42 63 54 67 89 24 81 31 21 5 68 56 97 48 2 43 31 49 97 82 84 8 0 91 44 74 97 21 5 48 27 57 25 80 26 37 71 32 41 38 88 21 82 21 12 83 53 8 19 94 27 70 21 25 10 85 64 37 43 50 42 42 46 70 3 59 8 41 90 46 60 64 75 99 94 94 6 93 50 78 44 55 36 7 23 38
 48 91 58 65 89 3 35 73 1 14 17 38 72 34 65 88 60 85 36 52 55 25 71 16 73 20 10 49 95 89 5 81 60 95 36 24 9 0 6 73 40 32 9 92 88 22 36 93 81 55 95 33 93 93 13 74 45 84 41 65 34 70 95 33 27 81 5 86 64 9 39 16 89 35 93 66 69 13 85 7 58 36 42 10 12 81 21 33 30 64 93 91 69 53 55 63 80 12 10 33
 79 88 4 87 78 16 57 69 99 83 69 34 61 70 79 65 55 58 59 32 28 84 17 46 18 1 44 23 36 74 70 72 61 98 75 72 56 94 0 94 56 62 91 93 96 80 92 81 7 41 76 33 98 54 49 16 89 61 94 36 21 5 86 37 45 89 26 24 0 45 49 17 76 28 13 54 93 77 67 76 23 74 89 13 71 74 79 24 12 16 75 92 66 47 54 42 55 55 81 89
 1 23 81 63 92 99 70 83 10 35 72 61 36 41 85 67 91 99 49 42 40 76 61 76 30 13 68 10 27 77 17 26 14 53 94 79 26 27 6 0 11 33 46 19 50 12 87 99 41 96 20 24 24 98 82 80 28 51 11 87 75 81 14 27 89 72 38 90 49 88 16 89 4 31 40 38 64 25 72 32 9 88 15 60 25 33 11 62 1 59 46 88 88 64 80 24 88 35 24 19
 57 45 83 57 39 90 28 60 95 77 66 27 20 15 26 10 67 71 44 36 81 21 62 78 61 19 21 24 2 16 23 89 43 1 70 89 3 60 44 89 0 71 95 69 78 24 64 20 88 51 9 19 31 77 79 52 87 43 18 97 59 53 82 37 62 35 17 97 7 52 50 67 60 9 6 47 54 36 4 30 36 35 58 65 65 50 25 84 80 5 95 60 1 98 91 75 51 61 11 62
 71 31 28 19 35 91 73 84 24 19 100 60 91 56 72 66 44 33 17 88 77 99 2 26 60 95 40 28 74 37 67 18 71 3 50 33 79 68 38 67 29 0 11 12 14 37 76 1 76 47 26 76 87 94 60 32 80 20 14 11 71 52 39 4 5 1 58 90 95 33 89 94 72 23 92 11 90 74 28 25 8 48 65 78 27 25 51 5 45 66 85 82 97 71 12 12 47 1 35 92
 86 64 74 9 88 75 91 66 27 49 21 97 85 6 29 86 60 7 90 39 49 80 84 6 40 36 48 65 59 63 8 88 33 21 60 2 95 91 9 54 5 89 0 55 34 79 44 37 28 81 55 31 81 39 51 85 12 21 91 35 17 75 43 81 47 41 73 54 5 47 46 19 42 11 18 68 59 39 74 47 21 85 43 7 82 80 94 87 46 47 5 75 56 58 7 43 3 12 12 55
 24 63 40 52 54 57 13 59 51 29 37 28 100 74 11 23 75 77 83 50 66 75 31 80 29 49 84 99 66 91 9 78 27 79 46 58 52 8 7 81 31 88 45 0 13 84 61 34 95 86 83 51 34 58 63 68 91 62 33 30 48 28 99 98 26 40 22 25 56 90 47 92 93 34 27 44 19 5 59 59 0 75 83 84 72 50 36 82 57 85 19 98 33 15 43 76 84 44 91 1
 90 94 98 82 86 11 94 52 65 50 68 66 89 72 65 38 84 27 41 30 36 96 39 20 31 57 28 22 13 18 56 86 53 49 4 8 73 12 4 50 22 86 66 87 0 24 2 51 53 84 55 18 25 42 80 35 41 1 89 73 29 87 96 1 6 95 29 74 41 20 68 45 94 1 57 75 6 67 22 78 94 2 12 95 72 44 36 67 69 34 51 6 93 9 95 73 86 68 7 90
 69 2 76 85 56 78 20 56 40 59 39 53 90 38 63 58 50 32 58 88 16 24 40 80 48 40 41 22 62 41 66 99 69 67 54 48 43 78 20 88 76 63 21 16 76 0 13 40 50 55 99 43 87 41 2 22 26 37 23 92 40 30 49 63 31 9 80 84 85 86 31 86 31 24 49 86 95 84 49 49 4 30 1 4 3 84 30 23 71 6 95 22 58 60 79 39 45 99 8 12
 71 69 10 80 58 47 17 43 14 17 27 84 91 38 96 37 47 84 79 14 64 26 97 76 17 67 31 53 39 40 95 81 83 9 73 35 75 64 8 13 36 24 56 39 98 87 0 47 39 11 75 44 31 61 31 56 66 68 79 86 33 30 31 44 87 80 49 35 90 73 12 18 59 60 0 48 50 8 90 7 25 0 67 21 72 29 10 74 69 54 56 73 6 23 63 76 47 88 72 75
 51 23 88 62 59 12 39 87 62 2 9 81 29 72 98 36 5 27 45 59 30 76 92 57 84 12 22 53 64 41 90 14 7 37 4 62 20 7 19 1 80 99 63 66 49 60 53 0 4 78 8 41 10 16 66 34 37 73 16 87 6 33 89 0 21 88 33 39 57 51 57 24 70 82 40 80 76 85 33 34 63 47 2 92 17 17 58 85 0 4 14 13 76 90 43 80 34 2 40 76
 35 6 10 23 18 74 15 59 20 94 8 81 97 38 30 54 7 51 62 30 34 60 74 14 38 79 98 69 98 62 12 36 99 95 86 76 74 19 93 59 12 24 72 5 47 50 61 96 0 96 33 3 91 91 52 63 73 66 4 48 45 99 70 89 37 22 38 34 51 21 65 42 82 37 15 86 69 28 67 41 95 97 23 40 86 48 61 65 44 36 5 78 96 17 38 18 40 11 67 59
 94 13 46 74 72 28 95 95 97 48 36 76 43 27 60 87 61 13 94 51 58 74 75 27 100 8 51 2 31 65 31 39 99 41 62 1 63 45 59 4 49 53 19 14 16 45 89 22 4 0 51 80 70 88 29 1 97 64 33 84 97 55 5 2 16 2 96 56 26 93 4 5 14 61 99 79 76 86 92 93 56 94 30 27 38 41 53 31 37 21 22 69 49 42 45 38 62 53 18 75
 39 55 61 3 57 98 49 99 73 91 63 18 18 86 29 68 51 3 19 43 39 90 73 81 82 83 81 88 58 82 52 55 74 17 78 30 29 5 24 80 91 74 45 17 45 1 25 92 67 49 0 80 70 4 56 62 20 11 14 56 18 63 92 13 47 52 15 70 62 45 29 47 74 82 51 3 14 39 94 89 56 91 8 54 36 79 12 39 89 66 43 31 98 85 39 23 86 52 31 11
 47 57 47 84 52 32 29 56 31 29 14 3 46 2 46 66 9 71 37 84 90 29 4 97 29 64 72 87 74 93 13 69 29 80 94 83 68 67 67 76 81 24 69 49 82 57 56 59 97 20 20 0 83 76 45 2 40 84 0 62 76 57 80 52 74 23 45 79 33 79 44 7 78 81 9 55 6 35 67 1 6 46 64 39 81 11 94 67 29 77 54 97 66 1 51 13 25 0 0 25
 81 34 54 10 32 48 19 93 59 35 89 27 83 81 26 44 7 79 40 98 82 31 60 5 55 3 93 16 38 33 81 19 84 51 17 82 59 7 2 76 69 13 19 66 75 13 69 90 9 30 30 17 0 66 67 38 87 82 27 30 41 43 3 35 53 87 67 92 90 97 93 68 9 25 16 89 6 37 98 55 79 5 45 80 67 60 37 33 55 7 64 86 40 47 61 11 23 63 65 60
 29 58 13 80 18 67 38 85 96 13 52 40 15 72 34 48 54 98 44 91 46 42 96 56 78 78 43 74 47 64 77 69 99 34 25 3 62 7 46 2 23 6 61 42 58 59 39 84 9 12 96 24 34 0 46 64 3 72 15 70 59 79 19 47 74 14 22 42 74 32 71 13 66 80 35 19 72 80 38 60 50 39 29 16 17 60 57 79 18 57 13 92 0 0 57 55 36 96 87 5
 61 1 87 61 3 88 74 88 30 71 17 41 42 87 63 83 68 39 37 31 37 22 57 7 70 7 50 90 11 42 53 100 54 99 24 98 12 87 51 18 21 40 49 37 20 98 69 34 48 71 44 55 33 54 0 79 27 67 62 23 83 81 54 99 46 79 38 19 29 93 70 67 56 61 28 88 76 83 93 36 86 41 97 1 0 30 5 93 23 17 8 47 76 42 54 83 84 69 18 21
 75 96 70 16 23 26 29 11 55 39 84 63 62 49 54 55 77 38 12 27 2 26 96 70 68 47 66 70 67 17 7 60 57 21 100 65 79 26 84 20 48 68 15 32 65 78 44 66 37 99 38 98 62 36 21 0 77 5 12 18 33 77 34 73 68 84 75 6 78 42 89 19 20 35 47 52 35 96 46 43 67 44 8 10 52 11 79 71 42 48 27 94 86 31 86 10 97 23 31 61
 96 12 36 45 49 40 93 40 25 93 40 63 92 26 99 58 39 89 22 35 60 42 50 22 24 95 67 85 70 2 86 20 74 53 23 22 18 55 11 72 13 20 88 9 59 74 34 63 27 3 80 60 13 97 73 23 0 61 49 1 67 51 38 83 13 18 59 21 14 33 76 83 54 33 23 75 67 53 52 18 37 46 35 42 57 94 8 58 18 50 6 85 32 6 68 8 31 21 72 80
 20 40 71 74 81 19 36 42 5 13 20 14 41 89 23 93 52 49 7 2 29 48 69 52 53 88 64 49 61 97 60 97 31 50 28 50 79 16 39 49 57 80 79 38 99 63 32 27 34 36 89 16 18 28 33 95 39 0 87 91 33 17 22 71 72 45 77 31 59 49 9 30 47 9 12 65 64 76 55 38 93 14 48 36 81 19 77 20 41 2 22 3 19 92 18 94 66 58 61 7
 32 95 3 89 94 59 8 30 92 11 13 41 88 2 23 47 37 15 63 24 86 60 51 81 30 93 35 21 41 13 38 84 15 58 50 74 88 59 6 89 82 86 9 67 11 77 21 84 96 67 86 100 73 85 38 88 51 13 0 29 39 76 53 88 63 27 64 71 38 51 33 25 99 45 72 99 53 17 48 16 14 51 5 59 47 5 36 26 81 94 1 58 48 33 46 85 51 66 46 72
 93 72 48 12 32 72 57 71 25 48 86 88 19 51 96 40 73 34 64 25 59 33 74 80 22 81 76 54 26 54 32 35 72 94 70 22 17 35 64 13 3 89 65 70 27 8 14 13 52 16 44 38 70 30 77 82 99 9 71 0 27 38 83 13 9 94 13 82 65 28 10 57 85 28 4 42 72 48 70 97 6 3 21 90 30 94 86 67 86 18 44 11 33 37 31 16 3 81 19 96
 31 85 55 74 53 24 86 81 83 64 12 77 25 79 3 14 1 82 87 31 6 36 35 23 88 97 53 32 85 24 71 100 57 4 50 87 47 66 79 25 41 29 83 52 71 60 67 94 55 3 82 24 59 41 17 67 33 67 61 73 0 91 53 23 53 70 67 16 77 83 85 35 20 47 45 82 39 63 38 82 61 58 56 54 92 93 69 9 89 30 56 0 19 6 86 94 11 62 49 96
 20 76 70 2 40 57 77 52 77 7 80 64 19 31 6 54 81 93 60 77 76 49 13 5 67 72 48 36 72 21 38 93 10 22 16 50 92 30 95 19 47 48 25 72 13 70 70 67 1 45 37 43 57 21 19 23 49 83 24 62 9 0 5 16 21 32 77 15 61 18 35 25 92 63 47 22 6 49 60 60 8 24 18 97 37 70 19 8 73 45 40 80 98 76 39 75 22 95 61 25
 12 90 94 14 82 27 54 7 46 24 46 68 60 16 55 49 11 14 88 3 15 51 19 40 36 16 23 23 58 94 47 14 1 12 80 88 81 5 14 86 18 61 57 1 4 51 69 11 30 95 8 20 97 81 46 66 62 78 47 17 47 95 0 25 89 61 78 66 59 76 56 92 51 19 26 62 16 17 65 54 73 4 77 10 77 84 98 29 76 17 89 34 45 2 39 25 32 77 87 32
 68 31 42 97 54 85 43 66 83 63 48 76 46 47 60 60 48 21 8 14 26 64 43 25 47 88 46 96 87 73 33 36 85 69 74 65 6 67 63 73 63 96 19 2 99 37 56 100 11 98 87 48 65 53 1 27 17 29 12 87 77 84 75 0 18 23 37 99 18 6 5 29 60 37 53 60 70 63 61 63 16 67 62 16 52 76 65 58 59 51 1 88 14 50 47 51 42 49 47 18
 10 45 2 24 63 6 19 33 54 42 62 96 10 40 98 87 44 57 46 62 30 47 5 44 80 39 3 6 70 1 47 2 68 51 30 20 73 73 55 11 38 95 53 74 94 69 13 79 63 84 53 26 47 26 54 32 87 28 37 91 47 79 11 82 0 83 34 55 86 26 97 42 97 9 17 88 87 76 91 37 55 40 73 0 92 37 4 10 43 46 44 63 34 3 19 7 65 70 45 34
 69 33 97 65 11 45 13 70 75 57 13 40 30 8 22 93 73 15 20 87 40 30 50 4 81 78 73 68 64 87 48 21 3 43 11 5 30 19 11 28 65 99 59 60 5 91 20 12 78 98 48 77 13 86 21 16 82 55 73 6 30 68 39 77 17 0 31 27 21 5 92 90 56 57 4 46 45 32 55 58 69 34 9 66 81 82 11 94 85 97 57 9 69 21 99 44 66 93 23 93
 86 71 76 69 14 83 73 16 33 72 14 38 95 73 47 89 82 74 70 69 18 61 29 42 75 25 57 81 58 33 53 7 3 100 87 78 79 95 74 62 83 42 27 78 71 20 51 67 62 4 85 55 33 78 62 25 41 23 36 87 33 23 22 63 66 69 0 21 13 68 56 97 53 0 92 23 97 43 67 24 11 44 79 62 55 69 74 57 68 0 12 73 43 91 24 35 13 39 10 50
 22 64 75 63 9 88 10 94 12 59 62 47 91 8 84 42 84 98 85 48 96 26 4 14 84 79 38 77 88 10 14 53 68 79 35 72 75 14 76 10 3 10 46 75 26 16 65 61 66 44 30 21 8 58 81 94 79 69 29 18 84 85 34 1 45 73 79 0 42 53 10 94 27 47 62 54 32 17 71 38 68 75 16 46 24 6 68 98 64 22 60 8 80 96 30 40 62 46 64 54
 29 28 39 88 87 85 12 73 26 34 95 85 59 16 9 94 43 16 25 8 5 9 39 98 18 100 15 32 94 19 19 22 92 4 70 22 90 36 100 51 93 5 95 44 59 15 10 43 49 74 38 67 10 26 71 22 86 41 62 35 23 39 41 82 14 79 87 58 0 40 90 75 23 70 56 19 42 49 31 69 32 20 43 87 95 25 44 6 47 59 59 38 89 16 36 66 94 49 77 26
 31 44 84 39 69 2 30 74 59 83 88 6 75 66 87 8 59 60 54 16 81 77 3 72 67 89 60 99 15 32 47 14 79 46 36 60 15 91 55 12 48 67 53 10 80 14 27 49 79 7 55 21 3 68 7 58 67 51 49 72 17 82 24 94 74 95 32 47 60 0 56 68 80 45 5 86 36 82 72 11 67 43 41 58 86 77 7 1 18 42 98 10 77 12 92 57 12 7 85 81
 98 93 70 63 4 82 6 62 32 95 35 12 20 28 41 3 17 64 45 42 88 93 57 59 54 23 21 22 74 36 70 69 59 25 78 100 36 61 51 84 50 11 54 53 32 69 88 43 35 96 71 56 7 29 30 11 24 91 67 90 15 65 44 95 3 8 44 90 10 44 0 50 95 23 76 17 56 30 98 25 46 27 0 26 53 15 70 21 88 11 17 59 47 64 4 16 40 43 29 2
 20 58 69 57 87 64 99 91 28 43 17 59 24 87 76 3 77 4 1 90 31 81 14 24 47 57 32 83 54 24 31 95 61 49 82 21 63 84 83 11 33 6 81 8 55 14 82 76 58 95 53 93 32 87 33 81 17 70 75 43 65 75 8 71 58 10 3 6 25 32 50 0 95 23 43 5 29 96 31 96 42 47 99 55 29 40 48 20 91 20 86 34 24 32 61 30 89 98 71 4
 10 65 91 92 69 5 98 82 58 16 38 94 94 20 31 13 15 97 27 100 77 61 2 1 13 90 89 73 22 95 96 75 9 60 8 64 57 11 24 96 40 28 58 7 6 69 41 30 18 86 26 22 91 34 44 80 46 53 1 15 80 8 49 40 3 44 47 73 77 20 5 5 0 94 88 98 66 17 18 32 73 8 27 24 68 46 17 76 34 24 53 22 27 13 83 23 85 11 77 32
 21 73 50 2 70 61 52 31 33 34 80 25 84 50 69 94 34 58 44 75 64 32 24 33 67 34 13 40 83 91 79 44 82 5 90 27 50 65 72 69 91 77 89 66 99 76 40 18 63 39 18 19 75 20 39 65 67 91 55 72 53 37 81 63 91 43 100 53 30 55 77 77 6 0 21 6 33 93 6 69 97 49 71 32 93 69 16 96 2 7 64 48 83 36 75 61 63 89 87 70
 78 17 81 46 96 29 3 91 43 18 96 9 79 7 22 74 12 100 34 82 15 72 80 20 33 21 2 64 40 33 75 43 44 30 27 15 58 7 87 60 94 8 82 73 43 51 100 60 85 1 49 91 84 65 72 53 77 88 28 96 55 53 74 47 83 96 8 38 44 95 24 57 12 79 0 12 95 86 54 65 18 52 57 86 27 77 95 97 37 81 8 32 11 72 94 15 72 69 19 20
 92 78 50 13 1 24 20 72 51 49 100 45 76 53 74 13 14 31 99 66 47 65 73 80 55 56 88 18 15 64 67 92 79 64 96 34 58 34 46 62 53 89 32 56 25 14 52 20 14 21 97 45 11 81 12 48 25 35 1 58 18 78 38 40 12 54 77 46 81 14 83 95 2 94 88 0 92 22 35 91 12 23 72 98 77 10 33 58 18 74 48 56 58 72 28 47 72 28 92 56
 99 8 30 44 47 44 97 95 60 100 96 35 11 86 55 77 99 52 23 47 69 26 99 41 5 35 21 47 5 17 60 44 56 35 25 46 54 31 7 36 46 10 41 81 94 5 50 24 31 24 86 94 94 28 24 65 33 36 47 28 61 94 84 30 13 55 3 68 58 64 44 71 34 67 5 8 0 2 74 73 23 50 17 11 57 54 8 70 80 46 16 26 20 79 0 57 48 29 17 9
 4 51 62 8 3 67 24 19 42 83 36 14 9 39 60 19 25 34 77 77 39 49 68 38 96 30 14 78 35 25 16 93 73 27 85 65 30 87 23 75 64 26 61 95 33 16 92 15 72 14 61 65 63 20 17 4 47 24 83 52 37 51 83 37 24 68 57 83 51 18 70 4 83 7 14 78 98 0 6 76 54 19 55 37 16 71 95 53 9 80 25 33 13 34 38 66 80 38 53 78
 31 54 7 31 35 88 55 43 6 77 37 6 65 43 1 31 4 91 56 51 96 84 51 83 33 29 96 17 95 74 20 93 28 45 17 9 97 15 33 28 96 72 26 41 78 51 10 67 33 8 6 33 2 62 7 54 48 45 52 30 62 40 35 39 9 45 33 29 69 28 2 69 82 94 46 65 26 94 0 8 74 86 50 81 64 23 83 52 70 2 0 6 37 1 15 37 11 11 19 35
 91 99 38 8 6 44 54 61 80 26 47 100 24 62 45 47 47 45 33 71 15 36 30 76 65 77 20 25 61 92 39 68 33 97 41 95 41 93 24 68 70 75 53 41 22 51 93 66 59 7 11 99 45 40 64 57 82 62 84 3 18 40 46 37 63 42 76 62 31 89 75 4 68 31 35 9 27 24 92 0 67 77 21 69 99 6 14 67 22 35 63 5 77 74 55 3 91 91 2 6
 44 51 11 94 41 89 10 31 95 35 79 81 9 92 3 62 27 53 94 24 78 31 71 51 27 10 32 10 79 83 52 16 26 4 94 11 92 42 77 91 64 92 79 100 6 96 75 37 5 44 44 94 21 50 14 33 63 7 86 94 39 92 27 84 45 31 89 32 68 33 54 58 27 3 82 88 77 46 26 33 0 4 29 53 37 20 75 70 52 58 2 9 98 83 75 2 33 23 99 15
 41 68 54 82 68 94 64 57 61 18 35 53 94 60 10 12 12 65 88 23 88 30 45 81 98 31 57 5 1 65 56 81 49 26 51 10 59 64 26 12 65 52 15 25 98 70 100 53 3 6 9 54 95 61 59 56 54 86 49 97 42 76 96 33 60 66 56 25 80 57 73 53 92 51 48 77 50 81 14 23 96 0 62 43 79 78 94 74 14 0 43 98 32 47 83 75 33 83 15 11
 25 97 4 65 65 99 37 23 23 76 66 30 20 80 91 70 12 50 88 4 36 4 91 56 21 41 49 99 35 51 42 12 65 82 82 24 10 58 11 85 42 35 57 17 88 99 33 98 77 70 92 36 55 71 3 92 65 52 95 79 44 82 23 38 27 91 21 84 57 59 100 1 73 29 43 28 83 45 50 79 71 38 0 6 19 34 17 41 64 35 90 72 47 20 54 59 7 41 28 50
 84 40 62 73 80 60 92 20 22 28 77 6 81 36 13 24 35 77 21 10 17 28 54 28 12 78 35 49 99 26 15 90 44 75 84 78 54 90 87 40 35 22 93 16 5 96 79 8 60 73 46 61 20 84 99 90 58 64 41 10 46 3 90 84 100 34 38 54 13 42 74 45 76 68 14 2 89 63 19 31 47 57 94 0 79 14 42 69 80 33 87 81 92 95 55 29 66 41 41 78
 48 30 94 28 92 73 61 92 59 20 66 80 5 77 26 52 66 88 14 23 53 24 93 83 92 54 100 90 35 67 67 74 78 96 73 54 40 88 29 75 35 73 18 28 28 97 28 83 14 62 64 19 33 83 100 48 43 19 53 70 8 63 23 48 8 19 45 76 5 14 47 71 32 7 73 23 43 84 36 1 63 21 81 21 0 1 23 62 84 19 54 89 48 43 99 74 56 88 51 64
 25 48 64 31 21 70 61 77 25 9 47 71 80 21 58 43 50 39 57 12 23 6 32 11 25 47 70 19 40 80 6 22 12 87 16 74 36 19 26 67 50 75 20 50 56 16 71 83 52 59 21 89 40 40 70 89 6 81 95 6 7 30 16 24 63 18 31 94 75 23 85 60 54 31 23 90 46 29 77 94 80 22 66 86 99 0 21 39 27 6 40 91 17 47 89 97 6 78 50 20
 13 90 59 73 56 36 25 47 56 37 6 14 19 99 31 24 42 76 67 70 20 77 74 61 97 57 17 41 13 34 18 14 99 60 23 11 25 79 21 89 75 49 6 64 64 70 90 42 39 47 88 6 63 43 95 21 92 23 64 14 31 81 2 35 96 89 26 32 56 93 30 52 83 84 5 67 92 5 17 86 25 6 83 58 77 79 0 1 79 1 11 46 60 43 54 11 70 42 95 91
 65 68 18 47 28 12 49 7 83 28 78 43 50 66 93 47 5 70 27 50 83 36 13 47 29 29 24 79 75 16 90 80 84 1 5 16 1 67 76 38 16 95 13 18 33 77 26 15 35 69 61 33 67 21 7 29 42 80 74 33 91 92 71 42 90 6 43 2 94 99 79 80 24 4 3 42 30 47 48 33 30 26 59 31 38 61 99 0 39 80 64 23 99 92 56 67 63 66 62 12
 79 21 52 34 1 55 24 91 31 18 11 63 7 27 93 3 56 47 99 3 35 43 25 80 76 37 92 65 87 93 40 73 20 41 45 27 6 70 88 99 20 55 54 43 31 29 31 100 56 63 11 71 45 82 77 58 82 59 19 14 11 27 24 41 57 15 32 36 53 82 12 9 66 98 63 82 20 91 30 78 48 86 36 20 16 73 21 61 0 33 93 52 21 40 19 73 35 8 49 24
 44 96 1 53 75 8 78 63 99 93 96 41 12 55 79 76 47 6 50 45 21 68 99 48 88 85 63 7 92 92 40 47 87 27 29 16 6 36 84 41 95 34 53 15 66 94 46 96 64 79 34 23 93 43 83 52 50 98 6 82 70 55 83 49 54 3 100 78 41 58 89 80 76 93 19 26 54 20 98 65 42 100 65 67 81 94 99 20 67 0 26 57 46 91 25 70 79 15 69 24
 65 47 95 27 75 33 68 58 28 15 51 65 14 37 17 81 29 47 86 34 95 42 23 58 22 79 50 22 28 38 42 45 77 31 41 29 94 7 25 54 5 15 95 81 49 5 44 86 95 78 57 46 36 87 92 73 94 78 99 56 44 60 11 99 56 43 88 40 41 2 83 14 47 36 92 52 84 75 100 37 98 57 10 13 46 60 89 36 7 74 0 67 33 70 79 51 31 74 78 28
 10 63 23 81 13 81 15 40 18 11 27 52 70 96 78 64 84 98 72 98 14 70 60 96 24 63 78 29 11 4 43 33 79 6 25 64 7 9 8 12 40 18 25 2 94 78 27 87 22 31 69 3 14 8 53 6 15 97 42 89 100 20 66 12 37 91 27 92 62 90 41 66 78 52 68 44 74 67 94 95 91 2 28 19 11 9 54 77 48 43 33 0 22 39 85 68 52 52 30 39
 53 49 25 75 50 21 69 21 29 84 96 12 10 66 72 1 55 91 33 58 68 67 48 37 97 6 47 7 18 46 71 76 34 29 6 62 50 31 34 12 99 3 44 67 7 42 94 24 4 51 2 34 60 100 24 14 68 81 52 67 81 2 55 86 66 31 57 20 11 23 53 76 73 17 89 42 80 87 63 23 2 68 53 8 52 83 40 1 79 54 67 78 0 71 96 95 75 92 42 82
 57 44 2 87 2 26 58 30 9 79 56 10 46 91 92 88 3 28 21 78 85 30 4 85 36 4 86 1 90 85 97 62 20 34 75 21 22 47 53 36 2 29 42 85 91 40 77 10 83 58 15 99 53 100 58 69 94 8 67 63 94 24 98 50 97 79 9 4 84 88 36 68 87 64 28 28 21 66 99 26 17 53 80 5 57 53 57 8 60 9 30 61 29 0 71 40 47 5 70 29
 54 90 81 48 16 26 23 75 60 25 78 95 26 25 42 58 48 80 8 98 18 66 98 92 60 68 100 84 56 20 34 8 66 46 52 58 56 45 46 20 9 88 93 57 5 21 37 57 62 55 61 49 39 43 46 14 32 82 54 69 14 61 61 53 81 1 76 70 64 8 96 39 17 25 6 72 100 62 85 45 25 17 46 45 1 11 46 44 81 75 21 15 4 29 0 50 93 32 62 18
 38 43 57 5 86 86 16 18 75 82 22 89 37 35 70 35 39 72 80 12 58 22 12 34 37 100 59 85 94 96 73 14 28 81 45 97 45 37 58 76 25 88 57 24 27 61 24 20 82 62 77 87 89 45 17 90 92 6 15 84 6 25 75 49 93 56 65 60 34 43 84 70 77 39 85 53 43 34 63 97 98 25 41 71 26 3 89 33 27 30 49 32 5 60 50 0 85 78 29 59
 70 57 14 96 43 21 64 34 21 47 61 56 48 53 76 43 90 68 84 69 68 52 8 25 44 62 13 23 53 3 44 100 52 30 50 15 64 20 45 12 49 53 97 16 14 55 53 66 60 38 14 75 77 64 16 3 69 34 49 97 89 78 68 58 35 34 87 38 6 88 60 11 15 37 28 28 52 20 89 9 67 67 93 34 44 94 30 37 65 21 69 48 25 53 7 15 0 40 64 33
 3 62 2 21 14 46 98 15 24 9 63 76 12 84 25 1 89 70 13 13 87 8 99 90 77 94 53 42 85 8 62 71 11 32 17 98 93 88 45 65 39 99 88 56 32 1 12 98 89 47 48 100 37 4 31 77 79 42 34 19 38 5 23 51 30 7 61 54 51 93 57 2 89 11 31 72 71 62 89 9 77 17 59 59 12 22 58 34 92 85 26 48 8 95 68 22 60 0 81 39
 36 29 32 74 60 8 74 17 97 30 92 76 75 62 87 8 90 61 70 55 77 92 11 95 37 75 27 31 16 20 30 45 100 17 29 41 77 90 19 76 89 65 88 9 93 92 28 60 33 82 69 100 35 13 82 69 28 39 54 81 51 39 13 53 55 77 90 36 23 15 71 29 23 13 81 8 83 47 81 98 1 85 72 59 49 50 5 38 51 31 22 70 58 30 38 71 36 19 0 93
 70 23 95 85 13 38 84 65 28 14 72 93 21 37 19 32 31 4 37 100 39 39 77 7 85 19 99 80 39 28 21 33 75 76 52 80 62 67 11 81 38 8 45 99 10 88 25 24 41 25 89 75 40 95 79 39 20 93 28 4 4 75 68 82 66 7 50 46 74 19 98 96 68 30 80 44 91 22 65 94 85 89 50 22 36 80 9 88 76 76 72 61 18 71 82 41 67 61 7 0
