20

 0 30 19 96 36 4 22 88 18 75 14 4 61 68 29 55 83 30 66 41
 70 0 70 65 56 61 36 72 19 24 1 43 83 53 6 25 28 55 91 33
 81 30 0 1 28 45 99 37 68 23 44 2 91 95 24 0 80 29 30 89
 4 35 99 0 33 70 32 26 67 74 1 96 30 44 54 91 29 64 27 99
 64 44 72 67 0 51 10 32 21 18 10 69 14 5 68 48 43 66 24 45
 96 39 55 30 49 0 74 39 48 73 23 66 52 25 75 88 50 40 38 52
 78 64 1 68 90 26 0 97 43 66 5 12 4 25 47 25 49 41 29 98
 12 28 63 74 68 61 3 0 70 9 33 40 94 12 59 18 72 21 65 11
 82 81 32 33 79 52 57 30 0 70 1 25 89 57 58 44 85 92 47 82
 25 76 77 26 82 27 34 91 30 0 14 11 44 32 35 99 10 25 61 31
 86 99 56 99 90 77 95 67 99 86 0 5 53 50 8 80 50 96 4 70
 96 57 98 4 31 34 88 60 75 89 95 0 48 48 9 25 28 11 12 32
 39 17 9 70 86 48 96 6 11 56 47 52 0 5 36 30 89 24 60 69
 32 47 5 56 95 75 75 88 43 68 50 52 95 0 85 74 86 64 21 33
 71 94 76 46 32 25 53 41 42 65 92 91 64 15 0 70 92 59 84 82
 45 75 100 9 52 12 75 82 56 1 20 75 70 26 30 0 38 12 6 46
 17 72 20 71 57 50 51 28 15 90 50 72 11 14 8 62 0 88 17 59
 70 45 71 36 34 60 59 79 8 75 4 89 76 36 41 88 12 0 36 94
 34 9 70 73 76 62 71 35 53 39 96 88 40 79 16 94 83 64 0 38
 59 67 11 1 55 48 2 89 18 69 30 68 31 67 18 54 41 6 62 0
