100

 0 95 77 18 5 3 17 84 13 12 90 59 92 95 79 28 65 45 90 28 89 46 57 57 38 96 41 82 15 33 14 73 15 19 93 4 81 79 32 94 24 18 16 78 83 38 57 62 17 63 3 3 45 7 85 88 10 73 3 75 49 51 61 28 47 94 42 66 1 77 34 32 97 88 30 74 77 54 62 51 4 62 92 67 38 34 94 43 83 17 76 68 93 34 95 78 26 58 62 52
 5 0 64 66 21 88 4 59 40 67 18 32 7 32 52 64 98 70 21 98 46 40 69 95 57 38 87 57 10 1 57 19 47 39 62 20 14 14 59 14 30 80 79 48 99 9 11 72 78 8 24 59 49 73 58 83 63 32 48 23 91 94 94 76 84 99 9 31 64 53 36 55 73 13 40 60 67 44 29 38 82 46 49 45 10 11 79 52 21 88 21 78 27 41 72 69 81 97 97 65
 23 36 0 82 73 16 96 98 28 20 2 67 24 72 52 43 71 90 52 33 24 60 64 18 9 13 94 87 94 90 44 56 23 14 60 55 48 12 5 90 2 44 49 69 95 52 67 2 7 49 72 89 44 47 91 50 18 99 5 69 88 63 4 79 73 2 55 87 27 41 14 24 78 45 45 88 78 93 52 5 88 92 82 91 11 21 58 47 28 54 72 44 40 6 82 47 67 14 99 41
 82 34 18 0 28 99 10 76 18 24 13 57 52 44 83 18 7 92 33 37 51 90 88 17 2 20 97 46 13 53 28 70 34 51 77 79 33 12 14 20 24 17 23 23 94 35 21 42 90 94 0 40 35 80 9 39 28 65 90 27 69 61 63 48 55 73 28 56 30 99 67 57 73 94 24 44 98 60 46 75 67 75 32 19 14 46 25 43 64 4 85 30 89 37 2 93 78 89 71 28
 95 79 27 72 0 65 75 53 73 40 74 61 33 18 99 17 0 95 84 87 42 45 31 86 57 53 50 18 43 63 15 41 30 8 21 45 87 36 98 17 53 10 9 17 92 32 91 81 61 77 52 32 90 3 43 67 16 27 29 4 16 96 36 26 53 78 1 76 59 5 72 11 84 63 31 11 76 55 73 76 14 29 18 37 40 22 19 35 22 36 97 10 3 52 63 87 52 22 70 13
 97 12 84 1 35 0 1 6 64 36 22 11 15 76 50 83 85 87 77 46 96 77 99 31 51 99 78 32 53 81 78 18 85 26 8 10 69 33 72 18 9 45 79 80 25 6 88 74 77 28 35 80 94 44 12 17 77 59 5 8 76 98 66 77 4 62 36 81 2 42 43 40 19 72 80 86 86 3 58 46 53 26 68 54 47 43 51 13 84 73 2 74 61 6 61 39 51 14 31 30
 83 96 4 90 25 99 0 37 54 22 55 63 85 88 27 5 91 57 95 68 78 4 65 44 52 45 90 71 8 68 56 19 46 7 45 98 35 27 49 63 35 57 29 81 1 22 66 97 6 5 43 32 22 42 84 39 52 60 28 6 10 85 21 29 54 58 79 86 62 92 73 70 15 20 69 94 23 58 4 46 10 37 29 61 96 11 5 92 32 97 57 42 35 92 88 25 7 50 66 85
 16 41 2 24 47 94 63 0 0 31 43 67 27 4 90 72 92 48 57 56 79 18 24 88 59 14 26 70 10 33 5 50 19 25 49 45 56 6 92 67 17 43 77 13 90 13 32 15 96 64 35 87 90 38 14 36 13 1 58 99 8 62 33 93 42 8 12 68 67 23 54 13 85 65 20 20 32 9 10 97 6 14 57 85 95 11 42 33 81 60 77 54 41 28 3 56 69 66 89 64
 87 60 72 82 27 36 46 100 0 17 18 56 64 43 72 67 97 87 80 88 15 49 36 37 68 96 69 68 49 25 77 65 55 39 74 79 33 68 83 50 78 38 11 25 70 95 82 26 80 38 28 7 1 94 69 94 61 33 28 89 15 86 66 39 15 27 1 75 39 63 56 7 49 39 25 29 98 25 1 6 98 6 3 56 80 23 97 14 77 64 54 99 87 19 7 50 27 26 61 36
 88 33 80 76 60 64 78 69 83 0 73 13 60 32 15 70 66 66 50 28 53 18 71 85 18 2 83 41 56 58 82 83 8 2 9 51 60 65 58 28 2 71 8 75 92 97 43 34 52 5 16 32 24 68 35 76 95 57 86 93 89 92 7 13 58 17 68 58 36 32 24 61 16 13 15 97 75 56 10 99 4 2 30 31 12 77 62 77 16 65 23 98 26 83 68 88 36 82 45 68
 10 82 98 87 26 78 45 57 82 27 0 34 56 74 99 9 69 38 48 32 47 40 43 9 56 86 88 5 83 0 36 15 19 64 83 91 62 30 15 4 88 51 25 56 31 26 16 0 88 47 99 99 59 50 32 15 35 48 38 34 70 64 98 54 92 64 25 47 94 84 57 97 84 42 28 27 71 18 68 96 63 54 33 31 37 59 43 22 59 78 70 83 44 89 95 68 76 54 83 84
 41 68 33 43 39 89 37 33 44 87 66 0 36 12 84 97 58 16 45 90 99 94 24 61 71 64 18 57 10 65 15 93 50 14 34 86 16 98 60 25 12 62 38 20 2 12 47 18 31 75 52 67 0 63 82 1 58 56 52 53 60 97 4 71 73 90 25 27 81 30 77 38 27 49 75 66 40 60 48 15 79 37 69 39 31 76 24 93 57 4 61 66 80 1 69 13 45 36 99 52
 8 93 76 48 67 85 15 73 36 40 44 64 0 36 60 2 88 15 94 55 66 50 55 71 28 79 60 8 54 83 87 79 69 68 9 25 3 1 42 49 32 48 97 58 55 44 3 73 93 68 70 48 75 80 12 34 80 49 31 43 3 35 43 35 88 10 89 62 78 80 24 6 7 43 74 43 41 27 56 82 96 13 4 91 11 59 23 86 83 36 76 9 9 98 54 61 81 99 83 96
 5 68 28 56 82 24 12 96 57 68 26 88 64 0 83 19 30 48 94 86 43 57 33 0 76 85 86 55 30 28 33 77 93 26 44 96 23 63 50 59 56 66 2 82 92 98 14 29 49 7 6 16 50 18 19 30 52 64 61 78 16 59 9 56 23 81 25 22 45 6 18 50 55 11 47 95 70 68 76 98 2 50 42 21 97 48 84 33 92 1 94 78 62 69 38 48 17 60 30 95
 21 48 48 17 1 50 73 10 28 85 1 16 40 17 0 0 40 40 92 11 16 27 46 69 91 5 76 72 82 28 69 62 19 61 46 98 55 40 92 1 57 48 97 14 80 11 97 74 87 54 16 65 70 56 68 31 24 33 86 52 19 70 46 64 22 23 38 67 7 22 84 22 30 0 80 55 29 93 2 27 19 43 45 66 35 33 62 44 90 25 72 51 85 32 28 71 92 67 65 90
 72 36 57 82 83 17 95 28 33 30 91 3 98 81 100 0 17 57 37 24 13 4 10 18 99 3 32 20 8 45 76 79 27 45 31 50 85 71 64 39 92 46 23 10 63 95 38 79 21 19 81 41 52 0 76 17 27 76 56 65 48 78 46 5 16 50 88 5 13 78 77 4 25 81 73 76 71 41 24 3 12 28 95 39 83 80 77 76 49 17 61 11 42 15 13 39 44 57 13 29
 35 2 29 93 100 15 9 8 3 34 31 42 12 70 60 83 0 84 83 0 99 68 22 28 23 76 78 34 56 54 34 43 4 77 59 6 50 56 81 76 43 68 8 73 62 41 79 67 86 21 49 72 17 47 65 88 85 26 73 79 64 85 50 78 48 74 13 15 83 82 35 73 88 0 78 82 9 62 59 58 64 29 42 43 41 15 46 82 79 13 44 77 27 28 27 71 75 9 20 40
 55 30 10 8 5 13 43 52 13 34 62 84 85 52 60 43 16 0 28 81 68 6 48 83 24 68 6 30 15 20 43 31 54 90 92 2 92 43 95 69 50 1 76 58 39 66 6 0 82 17 72 55 10 68 64 71 45 10 55 85 63 97 16 22 33 9 81 3 43 91 19 16 32 42 91 50 45 41 73 46 36 90 77 88 70 39 44 41 53 56 7 45 24 84 40 50 74 37 80 94
 10 79 48 67 16 23 5 43 20 50 52 55 6 6 8 63 17 72 0 94 35 26 49 44 1 29 47 6 66 74 26 45 62 61 15 22 29 18 83 74 84 67 99 2 22 26 72 14 16 81 48 25 48 28 73 76 87 37 36 74 11 58 89 57 88 38 82 30 2 24 58 47 26 40 5 1 51 19 70 5 81 9 74 58 58 94 97 55 65 51 76 25 12 70 81 67 13 5 82 90
 72 2 67 63 13 54 32 44 12 72 68 10 45 14 89 76 100 19 6 0 0 30 99 27 17 78 97 68 72 43 38 43 95 92 36 54 87 2 55 46 15 11 34 32 21 67 99 13 97 77 23 36 62 61 22 34 6 41 82 47 27 17 47 17 16 79 24 22 12 49 88 98 60 98 5 54 81 50 99 67 24 85 79 14 81 86 73 9 60 8 66 85 66 21 80 92 49 81 6 0
 11 54 76 49 58 4 22 21 85 47 53 1 34 57 84 87 1 32 65 100 0 0 84 74 75 72 77 34 10 8 47 76 40 60 91 60 71 87 15 76 33 68 9 5 29 58 95 42 0 33 93 50 13 46 78 10 0 25 99 14 66 28 20 96 3 47 95 12 28 32 5 33 0 56 68 8 41 1 28 94 92 88 89 50 21 38 61 39 72 1 18 14 12 20 68 65 88 16 65 70
 54 60 40 10 55 23 96 82 51 82 60 6 50 43 73 96 32 94 74 70 100 0 32 43 70 0 12 72 60 81 86 94 82 10 89 8 70 27 76 64 54 41 81 63 25 27 62 5 44 12 3 87 69 89 0 15 73 38 1 57 6 87 34 40 81 97 85 31 60 84 50 25 59 65 62 24 17 82 25 58 4 21 23 15 36 32 27 53 96 33 7 20 72 23 40 26 73 29 30 6
 43 31 36 12 69 1 35 76 64 29 57 76 45 67 54 90 78 52 51 1 16 68 0 61 45 28 39 88 44 49 92 79 4 80 2 47 12 62 78 46 64 28 81 33 64 58 28 52 36 79 81 92 60 24 76 66 96 21 10 19 61 6 79 46 88 28 99 55 85 91 92 87 16 72 26 72 39 85 84 21 25 27 1 46 91 48 18 96 45 49 70 87 94 5 20 54 55 11 54 53
 43 5 82 83 14 69 56 12 63 15 91 39 29 100 31 82 72 17 56 73 26 57 39 0 24 19 50 10 65 94 68 34 88 51 10 86 93 70 8 35 82 55 14 87 90 10 37 96 69 72 66 61 94 3 82 52 90 97 60 92 35 15 76 65 69 57 77 40 69 60 80 61 50 58 83 8 39 14 87 69 95 68 70 89 99 48 64 31 63 46 82 37 49 59 99 41 41 68 52 86
 62 43 91 98 43 49 48 41 32 82 44 29 72 24 9 1 77 76 99 83 25 30 55 76 0 32 76 52 19 49 70 36 57 41 26 83 37 52 85 50 15 60 9 22 59 33 24 46 78 84 51 5 57 42 6 18 73 63 9 10 31 96 97 4 89 35 54 30 98 19 53 62 82 49 73 6 11 7 73 85 54 61 85 11 62 10 14 56 21 33 32 22 46 37 50 57 12 0 88 75
 4 62 87 80 47 1 55 86 4 98 14 36 21 15 95 97 24 32 71 22 28 100 72 81 68 0 91 86 35 29 53 70 45 1 22 41 24 97 73 42 43 79 13 64 11 23 33 82 98 79 88 11 16 4 54 86 40 27 76 35 38 32 8 82 71 86 86 12 96 86 84 7 98 8 35 10 28 18 33 72 96 66 76 62 76 59 52 94 68 84 72 12 4 49 63 88 69 13 34 21
 59 13 6 3 50 22 10 74 31 17 12 82 40 14 24 68 22 94 53 3 23 88 61 50 24 9 0 21 80 77 10 38 45 91 23 5 22 37 61 2 88 4 12 73 45 27 26 21 0 56 24 0 83 65 43 12 11 26 36 82 57 9 0 54 90 55 24 93 7 41 22 29 16 83 69 7 31 43 96 72 33 31 34 25 88 15 14 90 70 20 25 14 65 45 81 72 99 17 51 95
 18 43 13 54 82 68 29 30 32 59 95 43 92 45 28 80 66 70 94 32 66 28 12 90 48 14 79 0 57 8 75 66 61 73 72 42 59 47 25 56 20 47 3 58 37 7 50 0 93 12 13 55 83 49 4 60 8 47 42 25 72 25 22 90 50 58 31 57 67 20 74 69 99 91 85 43 95 36 4 16 27 74 7 68 58 96 80 54 82 79 95 50 47 60 27 40 57 84 87 7
 85 90 6 87 57 47 92 90 51 44 17 90 46 70 18 92 44 85 34 28 90 40 56 35 81 65 20 43 0 75 45 61 96 50 5 28 48 11 72 91 89 78 75 17 31 70 17 11 78 60 53 62 5 13 66 76 35 87 37 80 24 71 68 4 2 99 27 99 74 25 76 4 52 31 69 40 77 18 58 44 0 8 87 96 94 71 82 11 73 58 59 25 85 62 19 45 33 83 89 59
 67 99 10 47 37 19 32 67 75 42 100 35 17 72 72 55 46 80 26 57 92 19 51 6 51 71 23 92 25 0 11 95 40 90 33 44 95 77 11 75 67 16 96 9 18 10 94 8 6 18 48 24 83 88 45 92 31 82 86 80 32 51 81 11 26 82 21 85 88 62 96 81 32 67 54 83 75 49 39 15 67 16 7 18 36 37 98 3 82 27 48 99 77 45 41 74 6 47 12 97
 86 43 56 72 85 22 44 95 23 18 64 85 13 67 31 24 66 57 74 62 53 14 8 32 30 47 90 25 55 89 0 91 48 22 30 48 57 7 46 70 29 99 97 82 52 95 25 83 44 1 73 11 20 39 48 95 40 79 34 41 87 86 68 21 16 28 90 87 81 62 95 40 91 37 80 37 81 31 71 45 1 12 85 25 49 46 55 35 65 23 22 74 63 82 94 16 23 92 88 37
 27 81 44 30 59 82 81 50 35 17 85 7 21 23 38 21 57 69 55 57 24 6 21 66 64 30 62 34 39 5 9 0 95 44 21 36 89 29 86 25 81 8 37 41 1 46 73 19 25 6 89 58 33 55 77 13 25 4 91 88 94 52 97 26 58 95 91 75 50 64 48 63 52 40 18 28 5 25 53 19 73 67 34 10 51 65 75 19 76 55 65 95 32 32 50 86 27 38 96 6
 85 53 77 66 70 15 54 81 45 92 81 50 31 7 81 73 96 46 38 5 60 18 96 12 43 55 55 39 4 60 52 5 0 49 68 87 23 18 79 15 51 48 99 93 79 24 24 12 87 49 47 51 3 76 79 49 87 31 15 59 72 52 67 57 17 36 77 18 44 61 56 39 18 3 87 74 5 55 61 86 36 74 41 32 23 46 11 50 7 88 63 57 34 11 15 33 51 9 37 28
 81 61 86 49 92 74 93 75 61 98 36 86 32 74 39 55 23 10 39 8 40 90 20 49 59 99 9 27 50 10 78 56 51 0 92 13 64 79 81 73 36 7 85 79 58 6 86 20 51 88 77 73 16 64 97 29 62 24 97 49 44 13 88 67 54 71 54 39 57 77 88 26 14 32 64 42 52 20 13 99 48 24 46 37 70 33 52 38 70 38 48 80 19 51 43 41 72 21 6 63
 7 38 40 23 79 92 55 51 26 91 17 66 91 56 54 69 41 8 85 64 9 11 98 90 74 78 77 28 95 67 70 79 32 8 0 47 37 13 20 94 44 78 88 43 3 6 60 6 60 3 38 72 29 97 73 52 95 12 3 71 55 43 91 49 56 90 93 14 79 10 77 26 45 99 65 9 23 56 57 10 76 67 18 33 85 42 8 38 81 84 22 28 74 75 26 53 16 46 10 12
 96 80 45 21 55 90 2 55 21 49 9 14 75 4 2 50 94 98 78 46 40 92 53 14 17 59 95 58 72 56 52 64 13 87 53 0 69 67 30 25 63 23 14 78 45 89 32 81 3 48 46 82 97 34 65 5 49 2 17 28 45 61 53 66 83 47 88 23 39 97 9 66 89 0 55 83 10 14 97 68 21 15 45 38 74 23 23 87 7 53 92 52 67 91 38 30 27 77 23 20
 19 86 52 67 13 31 65 44 67 40 38 84 97 77 45 15 50 8 71 13 29 30 88 7 63 76 78 41 52 5 43 11 77 36 63 31 0 93 42 3 78 2 11 78 21 79 6 9 57 86 77 47 47 35 90 90 16 32 18 6 97 30 88 24 46 65 96 86 31 90 3 38 90 5 64 96 22 95 93 54 68 78 25 62 5 86 1 34 26 55 22 51 68 54 99 85 44 75 12 57
 21 86 88 88 64 67 73 94 32 35 70 2 99 37 60 29 44 57 82 98 13 73 38 30 48 3 63 53 89 23 93 71 82 21 87 33 7 0 84 47 37 49 97 63 31 66 55 94 75 81 46 89 3 2 96 95 60 76 44 36 66 7 87 11 83 57 96 63 86 90 29 83 96 28 93 11 32 81 3 23 49 17 55 42 34 80 75 76 28 30 47 67 52 83 80 43 65 79 94 51
 68 41 95 86 2 28 51 8 17 42 85 40 58 50 8 36 19 5 17 45 85 24 22 92 15 27 39 75 28 89 54 14 21 19 80 70 58 16 0 80 76 83 94 5 93 61 88 33 85 78 33 1 33 84 72 85 73 70 79 42 75 47 35 73 42 4 91 79 88 15 35 72 10 76 48 98 86 53 28 87 47 33 81 88 8 42 83 61 85 55 91 75 3 70 11 72 95 90 57 36
 6 86 10 80 83 82 37 33 50 72 96 75 51 41 99 61 24 31 26 54 24 36 54 65 50 58 98 44 9 25 30 75 85 27 6 75 97 53 20 0 64 18 44 25 16 7 54 80 43 3 39 82 18 53 87 69 28 87 31 13 12 58 37 71 48 51 32 14 66 96 90 2 79 2 3 29 73 59 37 17 69 6 5 26 15 80 14 72 85 23 28 91 30 41 0 83 50 37 80 78
 76 70 98 76 47 91 65 83 22 98 12 88 68 44 43 8 57 50 16 85 67 46 36 18 85 57 12 80 11 33 71 19 49 64 56 37 22 63 24 36 0 72 18 66 20 47 22 9 95 17 59 91 10 25 76 30 1 6 41 15 23 14 82 71 40 78 52 93 27 17 66 56 83 8 40 8 17 44 2 98 77 1 96 35 41 5 12 92 79 80 94 93 54 53 23 61 13 76 33 86
 82 20 56 83 90 55 43 57 62 29 49 38 52 34 52 54 32 99 33 89 32 59 72 45 40 21 96 53 22 84 1 92 52 93 22 77 98 51 17 82 28 0 95 75 70 84 38 77 18 45 11 35 65 81 98 90 59 81 36 34 61 52 98 71 8 73 77 15 25 10 17 19 25 37 5 81 40 50 34 92 23 11 73 69 54 25 10 80 5 93 80 36 79 24 56 71 76 31 86 97
 84 21 51 77 91 21 71 23 89 92 75 62 3 98 3 77 92 24 1 66 91 19 19 86 91 87 88 97 25 4 3 63 1 15 12 86 89 3 6 56 82 5 0 27 93 66 47 80 42 75 5 26 36 56 48 17 29 74 49 59 19 92 40 87 94 95 47 60 20 83 22 16 92 82 1 16 13 27 19 63 34 63 44 15 23 34 11 60 20 59 15 20 37 19 11 48 89 10 13 96
 22 52 31 77 83 20 19 87 75 25 44 80 42 18 86 90 27 42 98 68 95 37 67 13 78 36 27 42 83 91 18 59 7 21 57 22 22 37 95 75 34 25 73 0 75 44 37 14 61 64 14 39 32 61 69 91 16 43 76 99 59 54 71 50 18 88 30 75 58 77 86 52 63 54 65 34 60 5 93 36 45 8 23 64 85 46 34 27 58 39 39 69 13 52 34 32 27 85 73 28
 17 1 5 6 8 75 99 10 30 8 69 98 45 8 20 37 38 61 78 79 71 75 36 10 41 89 55 63 69 82 48 99 21 42 97 55 79 69 7 84 80 30 7 25 0 39 70 45 63 45 78 16 61 47 80 14 15 97 70 52 57 8 84 41 41 55 29 29 14 18 49 55 72 87 5 24 90 27 14 23 50 61 76 96 87 12 85 62 63 71 27 5 15 57 33 8 4 84 25 30
 62 91 48 65 68 94 78 87 5 3 74 88 56 2 89 5 59 34 74 33 42 73 42 90 67 77 73 93 30 90 5 54 76 94 94 11 21 34 39 93 53 16 34 56 61 0 97 37 22 69 79 71 77 19 9 39 60 43 51 74 47 59 19 72 61 17 27 72 52 61 51 85 14 1 78 86 4 91 44 42 98 0 1 96 85 0 63 91 17 8 83 81 53 19 42 59 38 48 91 66
 43 89 33 79 9 12 34 68 18 57 84 53 97 86 3 62 21 94 28 1 5 38 72 63 76 67 74 50 83 6 75 27 76 14 40 68 94 45 12 46 78 62 53 63 30 3 0 41 24 75 22 98 29 76 53 65 34 27 28 34 46 87 68 88 10 80 19 62 38 81 39 96 76 6 13 6 60 22 63 23 83 61 5 24 3 92 56 37 51 56 95 85 36 92 38 92 35 37 90 32
 38 28 98 58 19 26 3 85 74 66 100 82 27 71 26 21 33 100 86 87 58 95 48 4 54 18 79 100 89 92 17 81 88 80 94 19 91 6 67 20 91 23 20 86 55 63 59 0 34 93 35 88 79 12 38 17 74 79 30 34 11 86 94 13 33 85 43 61 38 2 73 62 56 31 90 17 98 21 1 16 46 38 61 58 23 36 47 5 13 48 43 69 49 40 70 57 77 96 34 58
 83 22 93 10 39 23 94 4 20 48 12 69 7 51 13 79 14 18 84 3 100 56 64 31 22 2 100 7 22 94 56 75 13 49 40 97 43 25 15 57 5 82 58 39 37 78 76 66 0 35 98 63 21 52 76 82 27 79 46 90 92 90 61 27 75 81 47 76 41 27 0 48 72 61 96 35 37 27 89 97 95 96 68 75 87 84 0 6 95 90 67 55 25 50 26 59 2 17 97 57
 37 92 51 6 23 72 95 36 62 95 53 25 32 93 46 81 79 83 19 23 67 88 21 28 16 21 44 88 40 82 99 94 51 12 97 52 14 19 22 97 83 55 25 36 55 31 25 7 65 0 8 49 0 61 50 10 49 90 39 34 26 76 9 32 25 53 46 28 6 81 3 93 39 15 57 65 13 46 69 3 8 66 74 22 58 23 7 94 55 21 21 58 71 87 38 63 58 57 15 49
 97 76 28 100 48 65 57 65 72 84 1 48 30 94 84 19 51 28 52 77 7 97 19 34 49 12 76 87 47 52 27 11 53 23 62 54 23 54 67 61 41 89 95 86 22 21 78 65 2 92 0 27 63 15 69 49 95 58 42 75 61 26 91 30 8 48 9 12 98 53 84 30 57 38 42 84 37 91 29 45 47 51 40 86 5 62 72 0 90 29 31 35 85 85 31 71 80 93 15 19
 97 41 11 60 68 20 68 13 93 68 1 33 52 84 35 59 28 45 75 64 50 13 8 39 95 89 100 45 38 76 89 42 49 27 28 18 53 11 99 18 9 65 74 61 84 29 2 12 37 51 73 0 26 99 76 64 41 79 64 92 66 99 77 16 59 56 31 55 7 47 31 84 78 28 15 17 69 40 79 84 67 7 4 12 97 50 64 85 23 58 88 47 94 63 93 63 3 33 80 39
 55 51 56 65 10 6 78 10 99 76 41 100 25 50 30 48 83 90 52 38 87 31 40 6 43 84 17 17 95 17 80 67 97 84 71 3 53 97 67 82 90 35 64 68 39 23 71 21 79 100 37 74 0 42 4 39 58 83 26 74 82 4 86 30 60 92 35 16 39 18 92 97 50 4 49 3 22 62 32 70 26 21 4 99 29 35 31 17 40 10 89 7 96 18 48 82 76 61 0 14
 93 27 53 20 97 56 58 62 6 32 50 37 20 82 44 100 53 32 72 39 54 11 76 97 58 96 35 51 87 12 61 45 24 36 3 66 65 98 16 47 75 19 44 39 53 81 24 88 48 39 85 1 58 0 85 47 42 72 18 90 10 13 83 27 71 80 31 35 20 46 91 94 95 3 97 80 61 81 56 1 71 79 18 37 65 2 9 89 64 92 78 35 92 51 36 27 4 55 78 42
 15 42 9 91 57 88 16 86 31 65 68 18 88 81 32 24 35 36 27 78 22 100 24 18 94 46 57 96 34 55 52 23 21 3 27 35 10 4 28 13 24 2 52 31 20 91 47 62 24 50 31 24 96 15 0 67 30 24 82 58 27 71 98 39 84 53 3 47 24 56 91 68 13 88 58 30 84 54 3 13 46 89 8 15 2 4 88 24 74 84 35 11 30 11 52 17 34 7 77 33
 12 17 50 61 33 83 61 64 6 24 85 99 66 70 69 83 12 29 24 66 90 85 34 48 82 14 88 40 24 8 5 87 51 71 48 95 10 5 15 31 70 10 83 9 86 61 35 83 18 90 51 36 61 53 33 0 74 79 62 4 17 25 89 3 69 94 76 46 11 60 22 38 84 72 73 90 38 4 75 30 78 39 76 88 57 16 89 25 91 47 44 66 54 93 49 91 96 54 7 67
 90 37 82 72 84 23 48 87 39 5 65 42 20 48 76 73 15 55 13 94 100 27 4 10 27 60 89 92 65 69 60 75 13 38 5 51 84 40 27 72 99 41 71 84 85 40 66 26 73 51 5 59 42 58 70 26 0 7 21 30 77 57 61 42 35 85 0 15 8 3 14 73 59 74 11 16 39 6 29 74 69 55 49 36 83 18 56 9 27 5 77 86 40 44 49 88 76 71 27 33
 27 68 1 35 73 41 40 99 67 43 52 44 51 36 67 24 74 90 63 59 75 62 79 3 37 73 74 53 13 18 21 96 69 76 88 98 68 24 30 13 94 19 26 57 3 57 73 21 21 10 42 21 17 28 76 21 93 0 14 10 49 39 12 62 49 98 87 15 90 4 78 78 93 2 31 54 89 66 6 70 86 43 61 43 80 41 15 38 58 22 61 23 85 53 74 68 12 14 92 31
 97 52 95 10 71 95 72 42 72 14 62 48 69 39 14 44 27 45 64 18 1 99 90 40 91 24 64 58 63 14 66 9 85 3 97 83 82 56 21 69 59 64 51 24 30 49 72 70 54 61 58 36 74 82 18 38 79 86 0 21 26 89 87 62 45 54 8 64 16 26 92 11 65 81 83 26 10 30 21 46 70 92 33 92 45 2 1 75 22 93 0 36 68 83 92 54 88 14 12 37
 25 77 31 73 96 92 94 1 11 7 66 47 57 22 48 35 21 15 26 53 86 43 81 8 90 65 18 75 20 20 59 12 41 51 29 72 94 64 58 87 85 66 41 1 48 26 66 66 10 66 25 8 26 10 42 96 70 90 79 0 11 89 65 98 90 12 85 99 66 64 0 24 40 90 50 52 64 91 46 88 26 78 80 56 81 88 14 24 46 19 86 93 95 42 21 42 28 89 55 23
 51 9 12 31 84 24 90 92 85 11 30 40 97 84 81 52 36 37 89 73 34 94 39 65 69 62 43 28 76 68 13 6 28 56 45 55 3 34 25 88 77 39 81 41 43 53 54 89 8 74 39 34 18 90 73 83 23 51 74 89 0 6 23 60 12 75 87 75 21 65 85 10 0 86 48 71 90 51 78 70 4 30 86 3 70 32 9 86 13 95 64 21 97 27 85 1 71 85 7 52
 49 6 37 39 4 2 15 38 14 8 36 3 65 41 30 22 15 3 42 83 72 13 94 85 4 68 91 75 29 49 14 48 48 87 57 39 70 93 53 42 86 48 8 46 92 41 13 14 10 24 74 1 96 87 29 75 43 61 11 11 94 0 55 78 0 25 58 1 49 68 28 60 58 19 34 31 68 97 23 33 51 18 72 61 5 71 86 23 16 77 73 92 3 23 18 12 71 78 33 25
 39 6 96 37 64 34 79 67 34 93 2 96 57 91 54 54 50 84 11 53 80 66 21 24 3 92 100 78 32 19 32 3 33 12 9 47 12 13 65 63 18 2 60 29 16 81 32 6 39 91 9 23 14 17 2 11 39 88 13 35 77 45 0 29 35 83 99 35 34 67 9 68 25 14 9 19 61 28 40 90 96 36 85 73 4 1 59 77 74 45 3 49 37 3 68 46 26 27 55 48
 72 24 21 52 74 23 71 7 61 87 46 29 65 44 36 95 22 78 43 83 4 60 54 35 96 18 46 10 96 89 79 74 43 33 51 34 76 89 27 29 29 29 13 50 59 28 12 87 73 68 70 84 70 73 61 97 58 38 38 2 40 22 71 0 38 12 70 79 66 5 93 39 38 43 32 50 43 15 90 37 56 69 59 38 10 39 57 91 41 45 63 37 91 72 6 25 83 49 6 39
 53 16 27 45 47 96 46 58 85 42 8 27 12 77 78 84 52 67 12 84 97 19 12 31 11 29 10 50 98 74 84 42 83 46 44 17 54 17 58 52 60 92 6 82 59 39 90 67 25 75 92 41 40 29 16 31 65 51 55 10 88 100 65 62 0 84 26 55 66 33 61 9 99 1 16 1 51 6 32 75 47 96 26 45 93 84 28 88 80 4 22 61 69 22 78 87 21 67 25 80
 6 1 98 27 22 38 42 92 73 83 36 10 90 19 77 50 26 91 62 21 53 3 72 43 65 14 45 42 1 18 72 5 64 29 10 53 35 43 96 49 22 27 5 12 45 83 20 15 19 47 52 44 8 20 47 6 15 2 46 88 25 75 17 88 16 0 19 72 34 99 96 53 80 90 47 30 22 6 41 9 48 78 35 32 26 55 3 19 11 26 40 81 22 49 16 39 81 55 39 70
 58 91 45 72 99 64 21 88 99 32 75 75 11 75 62 12 87 19 18 76 5 15 1 23 46 14 76 69 73 79 10 9 23 46 7 12 4 4 9 68 48 23 53 70 71 73 81 57 53 54 91 69 65 69 97 24 100 13 92 15 13 42 1 30 74 81 0 74 62 61 40 42 54 15 28 88 83 10 44 91 61 29 76 84 38 20 2 73 74 50 95 25 47 66 74 36 43 75 9 45
 34 69 13 44 24 19 14 32 25 42 53 73 38 78 33 95 85 97 70 78 88 69 45 60 70 88 7 43 1 15 13 25 82 61 86 77 14 37 21 86 7 85 40 25 71 28 38 39 24 72 88 45 84 65 53 54 85 85 36 1 25 99 65 21 45 28 26 0 98 70 98 99 81 29 95 71 49 23 99 56 39 65 79 97 39 69 16 59 43 27 29 68 55 45 64 2 87 86 55 32
 99 36 73 70 41 98 38 33 61 64 6 19 22 55 93 87 17 57 98 88 72 40 15 31 2 4 93 33 26 12 19 50 56 43 21 61 69 14 12 34 73 75 80 42 86 48 62 62 59 94 2 93 61 80 76 89 92 10 84 34 79 51 66 34 34 66 38 2 0 93 61 8 60 12 27 40 33 37 63 47 38 50 26 48 97 81 8 75 43 6 70 38 23 17 8 65 78 29 97 46
 23 47 59 1 95 58 8 77 37 68 16 70 20 94 78 22 18 9 76 51 68 16 9 40 81 14 59 80 75 38 38 36 39 23 90 3 10 10 85 4 83 90 17 23 82 39 19 98 73 19 47 53 82 54 44 40 97 96 74 36 35 32 33 95 67 1 39 30 7 0 48 34 76 28 56 78 77 40 72 5 39 75 13 2 63 52 40 28 58 48 35 31 49 48 17 86 54 82 22 82
 66 64 86 33 28 57 27 46 44 76 43 23 76 82 16 23 65 81 42 12 95 50 8 20 47 16 78 26 24 4 5 52 44 12 23 91 97 71 65 10 34 83 78 14 51 49 61 27 100 97 16 69 8 9 9 78 86 22 8 100 15 72 91 7 39 4 60 2 39 52 0 69 76 46 39 90 48 84 40 75 44 42 9 91 48 60 30 1 20 15 4 8 11 85 82 28 27 50 59 55
 68 45 76 43 89 60 30 87 93 39 3 62 94 50 78 96 27 84 53 2 67 75 13 39 38 93 71 31 96 19 60 37 61 74 74 34 62 17 28 98 44 81 84 48 45 15 4 38 52 7 70 16 3 6 32 62 27 22 89 76 90 40 32 61 91 47 58 1 92 66 31 0 57 90 94 66 4 25 41 61 68 99 77 24 66 22 46 69 17 35 63 58 99 83 16 82 10 97 83 57
 3 27 22 27 16 81 85 15 51 84 16 73 93 45 70 75 12 68 74 40 100 41 84 50 18 2 84 1 48 68 9 48 82 86 55 11 10 4 90 21 17 75 8 37 28 86 24 44 28 61 43 22 50 5 87 16 41 7 35 60 100 42 75 62 1 20 46 19 40 24 24 43 0 96 34 0 30 59 60 79 73 41 39 12 61 10 91 9 70 41 81 78 93 67 89 42 28 65 90 74
 12 87 55 6 37 28 80 35 61 87 58 51 57 89 100 19 100 58 60 2 44 35 28 42 51 92 17 9 69 33 63 60 97 68 1 100 95 72 24 98 92 63 18 46 13 99 94 69 39 85 62 72 96 97 12 28 26 98 19 10 14 81 86 57 99 10 85 71 88 72 54 10 4 0 39 6 29 81 96 48 77 53 8 65 29 82 38 34 80 32 91 28 25 62 51 40 1 71 3 13
 70 60 55 76 69 20 31 80 75 85 72 25 26 53 20 27 22 9 95 95 32 38 74 17 27 65 31 15 31 46 20 82 13 36 35 45 36 7 52 97 60 95 99 35 95 22 87 10 4 43 58 85 51 3 42 27 89 69 17 50 52 66 91 68 84 53 72 5 73 44 61 6 66 61 0 85 75 1 51 84 9 63 33 17 17 28 16 72 24 85 57 74 21 72 34 88 28 52 22 37
 26 40 12 56 89 14 6 80 71 3 73 34 57 5 45 24 18 50 99 46 92 76 28 92 94 90 93 57 60 17 63 72 26 58 91 17 4 89 2 71 92 19 84 66 76 14 94 83 65 35 16 83 97 20 70 10 84 46 74 48 29 69 81 50 99 70 12 29 60 22 10 34 100 94 15 0 80 23 41 8 40 90 95 28 86 90 55 6 3 66 57 91 87 57 78 52 97 14 31 38
 23 33 22 2 24 14 77 68 2 25 29 60 59 30 71 29 91 55 49 19 59 83 61 61 89 72 69 5 23 25 19 95 95 48 77 90 78 68 14 27 83 60 87 40 10 96 40 2 63 87 63 31 78 39 16 62 61 11 90 36 10 32 39 57 49 78 17 51 67 23 52 96 70 71 25 20 0 85 64 35 74 60 3 73 90 40 44 34 24 15 50 0 51 99 89 78 69 7 12 63
 46 56 7 40 45 97 42 91 75 44 82 40 73 32 7 59 38 59 81 50 99 18 15 86 93 82 57 64 82 51 69 75 45 80 44 86 5 19 47 41 56 50 73 95 73 9 78 79 73 54 9 60 38 19 46 96 94 34 70 9 49 3 72 85 94 94 90 77 63 60 16 75 41 19 99 77 15 0 6 47 74 98 70 42 59 3 45 42 32 70 83 50 48 68 95 20 75 1 82 31
 38 71 48 54 27 42 96 90 99 90 32 52 44 24 98 76 41 27 30 1 72 75 16 13 27 67 4 96 42 61 29 47 39 87 43 3 7 97 72 63 98 66 81 7 86 56 37 99 11 31 71 21 68 44 97 25 71 94 79 54 22 77 60 10 68 59 56 1 37 28 60 59 40 4 49 59 36 94 0 51 2 61 97 97 85 91 32 69 6 53 69 56 9 20 67 74 91 59 14 54
 49 62 95 25 24 54 54 3 94 1 4 85 18 2 73 97 42 54 95 33 6 42 79 31 15 28 28 84 56 85 55 81 14 1 90 32 46 77 13 83 2 8 37 64 77 58 77 84 3 97 55 16 30 99 87 70 26 30 54 12 30 67 10 63 25 91 9 44 53 95 25 39 21 52 16 92 65 53 49 0 70 45 12 81 66 15 0 97 20 97 82 59 67 12 69 5 59 54 89 36
 96 18 12 33 86 47 90 94 2 96 37 21 4 98 81 88 36 64 19 76 8 96 75 5 46 4 67 73 100 33 99 27 64 52 24 79 32 51 53 31 23 77 66 55 50 2 17 54 5 92 53 33 74 29 54 22 31 14 30 74 96 49 4 44 53 52 39 61 62 61 56 32 27 23 91 60 26 26 98 30 0 64 29 91 1 53 29 95 39 57 94 10 33 20 68 13 71 93 56 46
 38 54 8 25 71 74 63 86 94 98 46 63 87 50 57 72 71 10 91 15 12 79 73 32 39 34 69 26 92 84 88 33 26 76 33 85 22 83 67 94 99 89 37 92 39 100 39 62 4 34 49 93 79 21 11 61 45 57 8 22 70 82 64 31 4 22 71 35 50 25 58 1 59 47 37 10 40 2 39 55 36 0 99 67 15 28 58 54 75 42 78 73 41 81 65 59 71 88 75 67
 8 51 18 68 82 32 71 43 97 70 67 31 96 58 55 5 58 23 26 21 11 77 99 30 15 24 66 93 13 93 15 66 59 54 82 55 75 45 19 95 4 27 56 77 24 99 95 39 32 26 60 96 96 82 92 24 51 39 67 20 14 28 15 41 74 65 24 21 74 87 91 23 61 92 67 5 97 30 3 88 71 1 0 55 66 99 44 14 21 73 89 83 14 84 71 41 81 72 92 40
 33 55 9 81 63 46 39 15 44 69 69 61 9 79 34 61 57 12 42 86 50 85 54 11 89 38 75 32 4 82 75 90 68 63 67 62 38 58 12 74 65 31 85 36 4 4 76 42 25 78 14 88 1 63 85 12 64 57 8 44 97 39 27 62 55 68 16 3 52 98 9 76 88 35 83 72 27 58 3 19 9 33 45 0 59 51 60 60 0 57 79 94 8 37 16 3 13 43 39 89
 62 90 89 86 60 53 4 5 20 88 63 69 89 3 65 17 59 30 42 19 79 64 9 1 38 24 12 42 6 64 51 49 77 30 15 26 95 66 92 85 59 46 77 15 13 15 97 77 13 42 95 3 71 35 98 43 17 20 55 19 30 95 96 90 7 74 62 61 3 37 52 34 39 71 83 14 10 41 15 34 99 85 34 41 0 18 15 91 72 64 0 80 63 38 17 91 66 85 53 40
 66 89 79 54 78 57 89 89 77 23 41 24 41 52 67 20 85 61 6 14 62 68 52 52 90 41 85 4 29 63 54 35 54 67 58 77 14 20 58 20 95 75 66 54 88 100 8 64 16 77 38 50 65 98 96 84 82 59 98 12 68 29 99 61 16 45 80 31 19 48 40 78 90 18 72 10 60 97 9 85 47 72 1 49 82 0 37 18 17 50 86 35 21 81 23 75 97 54 85 96
 6 21 42 75 81 49 95 58 3 38 57 76 77 16 38 23 54 56 3 27 39 73 82 36 86 48 86 20 18 2 45 25 89 48 92 77 99 25 17 86 88 90 89 66 15 37 44 53 100 93 28 36 69 91 12 11 44 85 99 86 91 14 41 43 72 97 98 84 92 60 70 54 9 62 84 45 56 55 68 100 71 42 56 40 85 63 0 82 73 96 1 17 37 94 5 67 36 27 18 86
 57 48 53 57 65 87 8 67 86 23 78 7 14 67 56 24 18 59 45 91 61 47 4 69 44 6 10 46 89 97 65 81 50 62 62 13 66 24 39 28 8 20 40 73 38 9 63 95 94 6 100 15 83 11 76 75 91 62 25 76 14 77 23 9 12 81 27 41 25 72 99 31 91 66 28 94 66 58 31 3 5 46 86 40 9 82 18 0 88 20 2 49 72 0 57 68 14 16 0 27
 17 79 72 36 78 16 68 19 23 84 41 43 17 8 10 51 21 47 35 40 28 4 55 37 79 32 30 18 27 18 35 24 93 30 19 93 74 72 15 15 21 95 80 42 37 83 49 87 5 45 10 77 60 36 26 9 73 42 78 54 87 84 26 59 20 89 26 57 57 42 80 83 30 20 76 97 76 68 94 80 61 25 79 100 28 83 27 12 0 26 93 6 36 52 24 70 1 16 48 52
 83 12 46 96 64 27 3 40 36 35 22 96 64 99 75 83 87 44 49 92 99 67 51 54 67 16 80 21 42 73 77 45 12 62 16 47 45 70 45 77 20 7 41 61 29 92 44 52 10 79 71 42 90 8 16 53 95 78 7 81 5 23 55 55 96 74 50 73 94 52 85 65 59 68 15 34 85 30 47 3 43 58 27 43 36 50 4 80 74 0 61 64 61 11 62 74 51 2 65 21
 24 79 28 15 3 98 43 23 46 77 30 39 24 6 28 39 56 93 24 34 82 93 30 18 68 28 75 5 41 52 78 35 37 52 78 8 78 53 9 72 6 20 85 61 73 17 5 57 33 79 69 12 11 22 65 56 23 39 100 14 36 27 97 37 78 60 5 71 30 65 96 37 19 9 43 43 50 17 31 18 6 22 11 21 100 14 99 98 7 39 0 54 28 13 53 19 84 69 39 25
 32 22 56 70 90 26 58 46 1 2 17 34 91 22 49 89 23 55 75 15 86 80 13 63 78 88 86 50 75 1 26 5 43 20 72 48 49 33 25 9 7 64 80 31 95 19 15 31 45 42 65 53 93 65 89 34 14 77 64 7 79 8 51 63 39 19 75 32 62 69 92 42 22 72 26 9 100 50 44 41 90 27 17 6 20 65 83 51 94 36 46 0 44 12 77 28 88 64 30 77
 7 73 60 11 97 39 65 59 13 74 56 20 91 38 15 58 73 76 88 34 88 28 6 51 54 96 35 53 15 23 37 68 66 81 26 33 32 48 97 70 46 21 63 87 85 47 64 51 75 29 15 6 4 8 70 46 60 15 32 5 3 97 63 9 31 78 53 45 77 51 89 1 7 75 79 13 49 52 91 33 67 59 86 92 37 79 63 28 64 39 72 56 0 9 12 51 54 31 70 93
 66 59 94 63 48 94 8 72 81 17 11 99 2 31 68 85 72 16 30 79 80 77 95 41 63 51 55 40 38 55 18 68 89 49 25 9 46 17 30 59 47 76 81 48 43 81 8 60 50 13 15 37 82 49 89 7 56 47 17 58 73 77 97 28 78 51 34 55 83 52 15 17 33 38 28 43 1 32 80 88 80 19 16 63 62 19 6 100 48 89 87 88 91 0 91 49 91 32 95 36
 5 28 18 98 37 39 12 97 93 32 5 31 46 62 72 87 73 60 19 20 32 60 80 1 50 37 19 73 81 59 6 50 85 57 74 62 1 20 89 100 77 44 89 66 67 58 62 30 74 62 69 7 52 64 48 51 51 26 8 79 15 82 32 94 22 84 26 36 92 83 18 84 11 49 66 22 11 5 33 31 32 35 29 84 83 77 95 43 76 38 47 23 88 9 0 37 94 52 57 17
 22 31 53 7 13 61 75 44 50 12 32 87 39 52 29 61 29 50 33 8 35 74 46 59 43 12 28 60 55 26 84 14 67 59 47 70 15 57 28 17 39 29 52 68 92 41 8 43 41 37 29 37 18 73 83 9 12 32 46 58 99 88 54 75 13 61 64 98 35 14 72 18 58 60 12 48 22 80 26 95 87 41 59 97 9 25 33 32 30 26 81 72 49 51 63 0 29 58 24 10
 74 19 33 22 48 49 93 31 73 64 24 55 19 83 8 56 25 26 87 51 12 27 45 59 88 31 1 43 67 94 77 73 49 28 84 73 56 35 5 50 87 24 11 73 96 62 65 23 98 42 20 97 24 96 66 4 24 88 12 72 29 29 74 17 79 19 57 13 22 46 73 90 72 99 72 3 31 25 9 41 29 29 19 87 34 3 64 86 99 49 16 12 46 9 6 71 0 6 58 62
 42 3 86 11 78 86 50 34 74 18 46 64 1 40 33 43 91 63 95 19 84 71 89 32 100 87 83 16 17 53 8 62 91 79 54 23 25 21 10 63 24 69 90 15 16 52 63 4 83 43 7 67 39 45 93 46 29 86 86 11 15 22 73 51 33 45 25 14 71 18 50 3 35 29 48 86 93 99 41 46 7 12 28 57 15 46 73 84 84 98 31 36 69 68 48 42 94 0 28 92
 38 3 1 29 30 69 34 11 39 55 17 1 17 70 35 87 80 20 18 94 35 70 46 48 12 66 49 13 11 88 12 4 63 94 90 77 88 6 43 20 67 14 87 27 75 9 10 66 3 85 85 20 100 22 23 93 73 8 88 45 93 67 45 94 75 61 91 45 3 78 41 17 10 97 78 69 88 18 86 11 44 25 8 61 47 15 82 100 52 35 61 70 30 5 43 76 42 72 0 25
 48 35 59 72 87 70 15 36 64 32 16 48 4 5 10 71 60 6 10 100 30 94 47 14 25 79 5 93 41 3 63 94 72 37 88 80 43 49 64 22 14 3 4 72 70 34 68 42 43 51 81 61 86 58 67 33 67 69 63 77 48 75 52 61 20 30 55 68 54 18 45 43 26 87 63 62 37 69 46 64 54 33 60 11 60 4 14 73 48 79 75 23 7 64 83 90 38 8 75 0
