20

 0 91 3 62 77 70 35 23 55 47 67 45 23 99 54 58 85 73 40 97
 17 0 72 8 96 93 61 2 56 49 2 54 67 78 6 68 81 97 44 95
 45 89 0 10 77 56 30 15 50 88 53 9 29 78 92 93 17 40 92 50
 18 86 61 0 25 71 90 43 10 83 82 25 29 10 48 11 54 5 3 54
 85 41 55 24 0 19 46 8 85 24 27 22 68 1 70 58 16 91 43 20
 84 45 4 17 51 0 75 25 11 25 90 15 31 22 55 42 5 85 76 49
 1 85 11 97 29 87 0 55 70 78 9 86 75 90 83 12 26 95 57 55
 20 14 86 26 53 69 33 0 15 35 58 86 20 8 25 21 33 66 34 45
 62 62 67 34 70 10 26 46 0 23 21 44 95 52 9 88 44 84 36 12
 22 19 34 92 70 60 18 40 5 0 0 99 71 78 71 55 95 20 13 19
 62 95 20 99 93 16 64 81 92 38 0 16 96 49 22 96 58 72 17 82
 95 43 67 84 54 24 76 54 54 99 10 0 61 14 92 9 94 40 94 75
 55 8 31 25 31 39 39 40 25 38 50 45 0 80 45 50 18 64 46 60
 45 83 42 4 28 38 15 71 6 78 36 65 71 0 41 88 41 46 11 19
 38 75 4 78 44 13 91 87 1 73 3 83 95 67 0 30 22 30 39 30
 43 52 74 23 33 68 95 24 44 55 17 94 39 86 9 0 28 45 83 20
 63 52 61 63 26 61 11 28 86 84 48 49 68 25 19 60 0 16 19 48
 59 79 86 96 57 37 8 94 4 59 99 60 6 65 13 2 89 0 43 58
 11 35 26 21 80 76 33 53 11 96 42 42 50 54 34 94 78 43 0 48
 66 61 2 47 92 95 38 81 72 95 27 11 35 34 10 36 96 67 99 0
