20

 0 76 95 98 48 20 88 31 14 85 77 47 30 83 53 98 53 31 59 60
 16 0 30 15 37 72 76 96 26 99 5 40 40 28 63 89 9 15 55 94
 11 54 0 95 76 63 96 17 46 22 24 80 55 67 72 5 34 25 40 46
 9 16 13 0 39 18 76 59 44 41 83 93 7 23 35 79 6 54 35 47
 34 17 82 21 0 13 22 22 78 69 10 78 98 8 37 96 65 54 98 42
 98 58 92 14 75 0 22 4 51 35 31 58 64 59 25 99 78 38 52 91
 45 84 63 36 45 70 0 62 57 64 19 87 38 89 67 53 81 40 30 39
 63 73 26 79 96 5 35 0 69 3 49 3 52 15 48 18 47 56 40 87
 22 37 8 67 20 59 55 81 0 94 10 78 18 3 25 10 64 71 80 30
 37 48 64 88 34 87 97 44 4 0 69 48 11 73 40 35 87 25 85 81
 98 22 2 83 56 89 68 0 5 21 0 23 21 89 96 30 62 13 98 85
 20 25 37 61 84 15 98 98 33 20 33 0 48 23 38 42 58 29 0 15
 91 3 39 61 87 14 78 10 77 58 36 43 0 93 94 68 34 90 64 19
 77 8 15 59 67 65 24 61 29 78 4 10 3 0 77 1 33 66 79 94
 78 36 79 20 7 15 69 0 59 51 26 34 91 16 0 45 13 63 70 96
 54 70 56 61 57 20 94 54 28 18 63 30 31 77 60 0 80 1 35 72
 37 72 0 11 17 20 75 16 24 80 66 23 53 97 51 8 0 0 31 16
 12 73 78 37 26 85 49 29 87 78 69 85 8 29 6 10 42 0 62 36
 22 81 92 78 59 97 68 69 72 30 85 67 8 35 54 25 27 90 0 23
 18 92 14 5 44 60 0 54 27 21 71 39 53 39 65 47 55 74 88 0
