100

 0 44 66 33 8 29 54 80 83 37 71 95 23 14 6 42 58 75 20 24 99 87 81 79 41 49 74 50 31 95 55 74 69 41 60 6 48 29 77 10 19 3 20 19 70 43 92 1 74 64 85 15 20 98 43 68 1 12 17 68 44 73 62 70 56 62 28 66 72 36 75 58 76 25 22 64 60 32 43 47 15 72 74 59 62 50 30 48 1 36 58 43 18 41 36 60 14 40 81 33
 51 0 52 26 24 87 88 74 94 12 95 46 7 39 68 34 68 66 63 83 73 60 69 31 1 92 73 9 57 53 38 54 80 76 60 98 54 75 64 14 19 38 61 40 57 4 86 60 12 13 80 50 97 91 20 32 30 36 28 83 21 0 73 32 65 14 63 93 17 14 38 98 37 37 5 38 82 70 33 15 67 75 15 29 19 16 50 39 8 12 8 94 67 32 85 32 14 0 87 15
 73 78 0 87 0 23 53 90 24 22 81 3 24 77 46 91 92 68 19 0 53 2 87 18 93 36 77 92 31 4 12 63 26 56 75 90 25 50 22 4 98 13 24 67 55 13 83 17 96 25 89 7 94 19 27 87 17 46 3 52 67 38 4 72 72 84 65 83 12 31 39 33 41 12 6 81 18 52 86 96 54 20 86 31 76 94 56 4 70 51 14 7 93 57 85 64 16 2 41 36
 9 47 59 0 29 68 25 27 19 14 42 68 55 20 70 57 57 34 31 87 2 59 13 28 70 4 63 44 89 31 35 64 9 62 86 23 11 90 67 37 76 88 86 90 77 53 20 0 56 21 32 46 98 70 24 83 18 43 43 64 72 33 2 32 72 28 59 57 81 31 98 84 77 24 5 89 49 80 57 7 92 55 98 22 84 93 4 60 14 16 53 53 85 40 47 59 71 29 85 39
 81 53 10 24 0 31 40 52 59 25 69 90 7 42 54 39 12 18 70 35 52 76 54 62 34 39 50 24 86 9 78 92 86 53 54 95 46 58 1 24 52 74 32 96 26 89 70 23 50 5 47 87 59 30 53 34 16 87 42 23 44 55 70 56 16 27 97 72 84 78 22 53 58 27 66 58 21 22 5 29 57 70 4 54 87 87 90 99 7 70 87 38 38 77 56 5 26 40 14 31
 48 9 75 46 73 0 82 70 0 85 64 82 55 19 42 67 47 56 62 95 90 45 74 16 3 29 64 43 40 69 57 64 78 33 81 17 58 54 51 19 8 2 1 65 68 42 12 60 84 48 98 52 16 0 92 17 37 12 55 59 58 75 78 29 14 1 13 59 16 15 54 98 98 25 63 17 25 23 67 59 74 79 69 83 24 43 82 79 31 83 4 10 5 95 15 94 97 9 58 8
 63 42 66 30 80 72 0 84 61 44 1 4 43 87 59 71 22 51 74 81 88 3 16 99 75 30 88 86 46 97 4 50 51 70 88 97 10 66 43 64 51 70 15 40 87 30 24 15 58 70 33 61 8 92 88 91 63 39 23 55 65 91 31 77 50 90 54 38 40 69 91 1 77 69 7 99 18 70 65 52 0 3 6 27 70 48 88 78 31 29 93 13 60 5 64 61 60 8 42 84
 48 66 14 73 33 60 72 0 4 73 60 4 55 89 94 42 96 20 44 9 33 27 58 12 30 55 20 68 41 5 60 45 92 56 95 17 21 13 50 55 9 1 86 21 82 65 69 34 13 40 92 61 70 50 61 10 14 26 13 53 52 36 38 5 35 37 66 86 3 0 51 93 8 98 11 90 82 14 12 67 60 77 71 42 92 57 9 12 8 52 59 72 75 85 43 95 2 21 97 75
 75 22 36 30 27 69 11 58 0 24 82 39 30 55 68 71 63 4 58 5 48 50 82 19 73 39 72 53 13 2 7 62 35 79 77 64 53 41 10 72 18 59 45 43 75 9 72 87 21 80 57 40 87 24 34 41 21 1 7 24 66 28 36 74 29 70 0 13 34 27 16 92 31 14 60 15 64 78 34 65 15 78 63 94 65 48 19 51 30 24 57 95 7 85 97 63 84 92 82 58
 17 20 30 50 40 18 76 11 56 0 34 81 38 65 74 60 84 33 48 16 62 26 31 15 28 44 16 58 70 12 8 84 33 12 75 43 41 67 63 19 72 11 31 11 63 45 36 12 5 62 96 74 47 79 36 6 79 26 1 35 45 97 17 5 68 17 61 69 46 85 12 21 46 95 72 37 11 26 5 44 91 80 38 9 95 32 12 54 16 89 73 73 34 11 24 53 70 67 86 67
 25 27 55 71 2 94 24 23 56 80 0 96 34 18 58 70 24 8 98 52 24 74 10 77 6 22 9 69 35 48 54 10 42 19 63 63 39 97 64 20 82 9 84 25 25 84 26 54 36 26 5 62 53 18 99 46 82 10 80 97 83 69 80 49 40 95 44 59 16 79 29 67 57 57 66 12 96 22 77 56 23 45 87 40 45 24 71 68 88 2 31 64 31 25 22 94 24 45 57 93
 68 15 49 61 95 22 44 95 5 71 51 0 9 2 57 64 91 96 3 25 35 20 80 88 42 41 7 73 53 6 14 50 25 52 96 41 67 88 59 78 83 96 51 98 71 74 69 29 0 72 70 4 40 4 30 76 80 52 6 16 40 78 30 80 62 97 24 76 77 48 53 23 98 60 19 11 38 58 48 30 20 29 86 87 72 40 6 70 99 42 4 35 21 26 78 20 44 84 85 91
 67 36 58 87 39 56 89 20 71 79 72 4 0 11 3 48 77 29 31 83 63 10 53 41 61 52 34 67 99 18 99 15 48 50 63 79 77 81 14 75 37 94 87 28 52 99 27 89 63 4 34 56 82 61 67 3 10 94 46 3 56 72 19 34 64 89 59 96 0 78 67 44 63 87 15 64 66 96 48 53 64 76 34 0 41 37 44 52 56 85 22 80 67 77 53 26 29 43 5 94
 41 3 3 50 44 32 11 66 69 31 40 91 4 0 32 40 55 15 64 39 43 1 53 47 10 45 60 7 1 71 68 11 37 26 5 38 20 12 66 92 36 17 70 69 90 51 7 69 5 69 31 74 68 41 50 92 17 46 31 28 71 88 41 78 93 54 5 37 55 16 28 95 97 8 39 70 8 24 45 72 52 44 72 63 25 10 51 20 28 36 3 1 88 24 16 14 81 29 72 82
 17 37 33 61 87 29 85 0 0 19 27 61 98 83 0 25 80 74 36 32 88 1 95 13 25 51 90 74 79 89 75 72 69 61 0 61 7 5 21 97 90 34 67 73 1 71 64 48 28 6 24 37 55 18 54 51 16 99 35 69 80 28 84 41 21 56 32 93 42 53 3 20 32 53 83 92 9 65 13 20 64 43 88 85 92 89 73 15 78 74 49 3 67 99 47 49 33 40 12 81
 17 14 96 61 75 53 16 53 39 27 92 49 40 9 59 0 53 3 36 0 52 8 13 43 95 60 7 21 20 6 47 13 49 32 66 6 21 81 50 84 97 42 15 80 82 16 91 44 58 74 20 44 67 14 18 59 65 70 3 55 20 74 11 34 62 76 8 27 80 33 6 98 49 88 13 77 3 3 2 83 14 58 43 14 18 40 54 62 46 86 54 10 58 58 20 39 63 54 72 5
 83 84 21 14 0 92 74 22 89 96 57 30 70 32 45 50 0 62 40 11 83 18 38 27 36 67 20 63 69 2 43 1 15 43 27 42 31 8 94 23 62 91 8 55 94 51 38 34 26 84 57 45 25 2 75 6 43 60 94 78 63 94 17 31 3 21 42 58 80 55 57 81 31 67 48 96 81 46 49 81 14 47 37 9 30 44 22 45 72 56 69 72 76 69 14 65 1 12 20 60
 8 9 63 44 88 86 41 6 11 52 0 29 25 30 65 32 14 0 2 56 3 67 19 48 0 40 70 76 9 32 19 63 66 90 37 92 1 51 61 87 6 67 95 50 7 24 54 28 60 98 8 89 28 61 33 74 0 42 21 73 0 34 95 72 30 42 79 11 55 8 96 8 40 15 31 76 53 31 41 83 54 59 6 1 27 73 20 79 12 75 60 34 4 56 33 4 95 98 76 90
 20 31 54 7 36 59 5 87 69 13 12 94 13 12 69 98 41 2 0 46 50 7 91 71 9 68 50 1 66 41 4 71 29 40 55 27 37 90 38 6 70 90 95 25 74 45 53 9 60 93 92 55 19 88 59 50 11 41 87 97 6 11 10 86 11 18 86 81 3 8 23 44 52 6 66 90 55 34 79 51 63 81 36 12 94 76 24 53 43 99 53 79 79 72 64 5 17 74 60 15
 97 86 26 83 8 46 11 41 81 3 26 9 47 98 79 27 38 75 61 0 20 66 45 99 12 42 43 88 14 23 55 69 80 21 88 86 15 78 48 54 52 55 86 23 8 42 25 53 6 1 28 79 40 59 66 98 23 78 79 62 17 46 2 90 91 52 78 42 60 89 20 25 13 10 62 29 66 4 56 22 92 16 5 65 5 42 24 48 41 7 89 3 26 33 77 9 50 44 94 9
 46 76 8 80 72 53 9 19 74 75 2 27 60 22 99 48 21 43 14 71 0 25 82 87 78 84 86 63 55 5 85 55 98 56 46 22 97 79 59 64 13 37 65 79 36 46 66 26 2 31 81 76 86 73 39 16 12 3 89 64 90 93 68 85 63 90 35 68 38 87 11 28 91 55 66 29 88 37 1 62 65 38 3 73 73 57 28 27 99 19 37 65 64 67 55 34 43 23 79 82
 45 42 65 33 79 71 75 80 5 86 59 98 50 30 69 23 82 62 74 9 37 0 49 3 20 11 10 65 11 79 7 33 68 42 68 62 76 3 88 24 55 70 72 81 6 81 77 52 51 95 39 81 20 32 83 68 6 17 29 64 54 27 91 96 95 79 10 92 43 86 54 62 40 53 24 24 10 43 18 69 23 63 66 8 10 84 43 53 66 99 20 44 58 85 41 30 64 78 1 23
 64 22 30 29 6 96 25 87 20 33 58 37 19 78 54 56 48 10 89 28 30 0 0 54 21 42 87 26 71 34 9 45 97 65 68 10 9 86 7 24 38 50 94 97 50 89 23 48 87 72 1 0 23 14 79 60 7 59 30 94 56 95 63 3 29 45 38 77 25 29 24 90 15 54 24 31 8 59 97 2 55 46 14 17 64 62 25 57 32 30 38 98 37 24 85 22 35 45 30 98
 9 86 91 6 59 84 81 60 61 42 68 41 62 33 76 74 26 99 72 95 23 47 58 0 49 58 28 94 0 55 3 55 54 56 29 34 6 43 76 47 21 14 89 81 80 87 37 5 26 33 6 64 40 36 90 12 21 34 60 82 66 54 87 40 41 6 89 35 77 30 23 17 4 25 78 55 53 86 32 76 69 13 95 91 59 88 89 51 27 3 79 0 87 0 51 47 36 62 83 62
 73 86 39 71 13 72 5 66 77 16 40 55 28 83 54 98 39 17 37 49 96 7 21 64 0 91 46 56 28 64 46 98 32 5 76 52 11 61 87 32 50 83 52 65 24 9 60 51 32 53 58 3 82 76 45 80 64 80 7 42 65 26 39 93 78 7 65 20 2 37 6 94 2 15 56 75 93 48 19 3 84 97 51 22 83 5 94 78 69 21 99 1 7 61 3 12 42 79 58 33
 18 97 93 41 59 50 28 66 43 63 39 17 78 4 41 77 85 30 46 13 16 10 96 20 7 0 7 82 22 73 71 91 0 66 30 34 84 46 86 79 3 14 70 98 47 38 22 9 6 36 25 68 68 95 64 16 45 9 7 67 37 23 68 6 30 94 44 58 23 35 75 79 33 77 58 38 42 9 76 79 99 31 10 22 24 10 95 74 79 53 31 53 31 6 8 71 31 11 97 87
 90 19 49 29 28 37 58 98 55 71 41 33 90 54 19 98 26 51 94 88 30 94 69 51 23 54 0 21 69 49 60 72 89 3 43 22 10 76 89 4 92 21 77 75 3 67 61 65 20 28 85 21 21 6 70 49 22 55 96 63 91 86 82 56 40 86 91 1 71 13 84 62 23 16 99 23 93 51 2 38 52 0 80 33 55 4 11 33 79 46 79 60 22 69 45 58 22 12 43 66
 42 9 43 79 26 78 94 69 39 3 62 46 78 34 64 42 72 9 7 59 65 70 78 30 10 19 45 0 54 64 43 57 66 48 30 35 66 4 5 69 14 45 5 93 78 35 66 52 88 10 24 9 54 35 92 19 10 40 12 85 56 25 96 94 42 80 52 29 97 9 41 48 66 93 84 98 72 70 60 14 37 56 68 20 15 39 62 24 53 17 26 38 20 53 45 59 49 59 1 81
 97 91 85 15 7 95 85 91 90 69 43 92 78 49 18 84 82 80 76 71 30 78 36 17 57 90 99 82 0 62 56 91 98 96 7 40 97 32 4 35 83 64 92 89 29 16 18 14 22 36 6 64 97 32 72 14 66 95 25 80 81 97 68 45 14 50 77 7 54 17 89 37 21 82 12 86 68 7 57 37 58 96 12 96 55 53 87 44 52 9 74 63 90 31 70 11 78 16 57 24
 25 34 56 88 94 47 78 17 29 34 11 96 20 76 22 42 16 39 62 93 54 77 10 91 56 80 54 59 29 0 81 2 46 59 36 23 22 98 2 61 13 71 18 36 68 21 0 73 15 81 56 46 35 69 71 37 53 89 29 96 71 9 69 22 98 99 73 47 79 23 57 1 2 57 45 58 20 93 2 51 4 84 1 84 92 57 24 40 44 45 96 6 91 60 65 96 83 30 20 59
 86 63 5 15 25 4 60 64 72 17 37 90 14 83 84 40 40 0 29 91 35 91 93 35 74 42 34 12 27 84 0 27 66 85 37 12 63 59 85 38 9 89 31 20 10 34 41 17 64 48 17 53 49 91 8 39 85 97 98 0 82 74 20 0 43 0 6 83 21 59 39 22 70 98 75 89 7 30 19 39 9 89 88 79 52 49 31 1 39 35 65 44 80 7 59 57 46 71 1 97
 33 33 37 6 44 44 78 0 70 44 41 51 71 93 61 35 88 1 48 86 85 7 49 95 64 72 20 47 23 28 85 0 81 63 31 12 50 68 28 53 27 38 38 6 19 15 65 34 95 51 27 93 6 20 88 33 91 28 26 22 62 93 93 47 13 10 79 18 40 56 27 75 64 72 10 67 14 21 56 27 1 39 27 7 25 32 95 42 11 25 71 55 92 18 64 82 75 33 86 55
 55 34 62 90 37 68 43 37 78 86 91 44 83 38 79 68 9 64 39 72 0 35 66 62 26 63 54 67 57 12 59 55 0 17 60 26 24 32 78 0 30 30 24 35 35 39 51 24 59 62 89 21 70 64 75 44 52 14 38 82 86 69 72 97 11 66 33 98 61 36 72 64 1 28 1 90 71 19 59 1 65 61 33 99 0 40 74 52 92 21 84 53 56 15 22 13 80 47 7 60
 31 60 89 48 15 70 55 19 67 6 86 14 20 16 56 99 65 11 69 43 42 51 65 64 35 84 57 69 20 96 35 84 82 0 22 72 53 42 88 6 6 30 81 53 65 39 6 35 17 57 74 29 22 27 96 84 60 15 0 43 54 23 14 73 3 9 80 18 81 65 89 71 47 78 71 63 42 30 26 59 75 98 62 41 0 86 61 25 35 43 2 66 33 57 3 41 15 76 57 44
 40 96 44 22 47 83 71 15 20 77 55 41 54 62 45 37 53 91 21 52 75 17 26 77 55 54 41 47 10 69 33 76 39 67 0 67 67 73 80 96 65 44 72 62 57 39 95 32 26 82 39 39 69 78 82 80 48 27 66 26 49 1 63 44 83 8 43 78 63 97 8 31 13 39 1 27 39 52 45 87 40 27 11 33 56 40 53 0 41 12 84 98 38 96 14 24 22 45 35 47
 56 54 77 37 25 16 39 61 45 40 62 12 34 99 18 38 96 1 33 49 15 40 92 56 74 66 33 31 13 77 36 34 29 88 73 0 51 99 71 20 67 12 41 59 22 80 35 15 63 91 8 16 89 54 39 42 82 81 67 56 86 50 62 28 32 93 0 12 27 27 67 46 45 92 80 40 52 90 37 47 60 15 8 38 19 16 7 65 47 59 10 1 89 74 62 48 97 96 27 38
 13 78 77 75 74 64 46 53 41 58 95 9 31 72 5 33 37 41 74 98 20 30 10 84 15 69 8 10 88 31 13 10 53 31 51 62 0 2 64 7 94 98 29 71 67 36 92 63 2 91 17 90 94 92 44 6 98 33 26 29 74 45 63 41 74 30 89 72 60 32 96 14 87 66 8 56 75 23 15 8 66 63 10 12 65 5 87 75 22 38 43 71 18 12 5 96 28 59 37 15
 62 83 42 90 68 95 40 27 26 64 91 31 73 50 80 9 31 20 14 73 86 52 45 63 88 12 51 91 28 65 19 92 97 33 76 46 18 0 30 61 32 27 40 58 15 17 5 71 22 96 53 17 42 25 36 97 66 24 55 0 87 7 12 80 44 15 52 22 34 7 14 36 7 3 68 12 30 10 68 34 37 65 52 83 82 92 96 39 75 54 82 67 86 94 51 47 73 35 1 20
 67 71 3 79 51 35 8 89 99 7 97 11 94 84 44 28 19 94 3 14 32 40 34 99 80 97 74 67 69 58 51 30 6 37 79 11 0 41 0 64 48 38 70 1 17 60 50 94 23 27 38 3 10 47 61 90 76 81 85 56 52 24 31 27 36 45 80 66 96 9 62 54 86 96 48 98 7 38 34 10 24 68 34 59 79 19 27 35 19 8 44 57 65 1 45 91 59 18 79 64
 19 9 86 72 58 32 45 35 39 94 47 75 64 63 60 3 80 84 10 51 55 33 37 76 25 74 19 38 14 16 26 19 38 41 94 0 85 30 54 0 0 86 51 63 41 6 65 9 84 54 62 45 16 88 26 85 94 20 98 75 19 75 15 16 22 65 54 26 8 58 70 84 80 4 77 10 15 28 80 11 46 34 87 6 30 2 94 30 64 25 10 16 1 42 65 70 87 34 52 37
 97 34 86 31 17 28 9 93 24 61 92 10 15 31 62 16 69 90 18 91 55 29 66 31 93 2 47 94 69 77 71 82 17 87 44 52 62 38 9 54 0 67 74 78 89 30 18 44 54 57 81 78 0 42 12 46 16 26 44 67 93 51 99 69 65 42 27 45 59 78 8 15 59 45 49 84 75 60 35 33 8 74 71 35 25 31 47 85 71 17 22 59 11 85 96 60 69 2 7 25
 25 84 25 9 31 40 83 39 4 11 78 6 33 90 35 81 72 23 19 99 47 32 10 37 70 2 16 38 65 12 66 5 18 22 36 46 78 78 55 22 73 0 47 38 89 39 81 44 83 69 96 59 23 15 15 16 20 28 11 51 84 11 40 70 43 19 22 24 38 54 77 86 24 55 97 32 83 71 81 22 68 9 94 80 74 92 67 80 82 19 95 73 70 44 34 35 54 91 36 30
 9 17 53 54 21 97 68 0 82 73 59 27 12 88 73 98 10 41 72 36 71 59 30 63 85 72 56 73 1 66 37 86 29 28 61 54 11 90 56 17 40 95 0 41 58 34 14 1 94 54 65 98 56 74 65 85 26 73 9 17 73 57 25 59 68 33 19 52 72 77 42 29 40 9 63 81 24 4 19 59 40 86 83 9 51 89 0 20 69 41 94 61 26 10 5 29 53 69 31 21
 56 96 31 91 88 33 83 48 26 85 36 69 76 27 84 67 8 64 25 98 0 44 27 48 85 7 78 72 69 70 5 6 26 67 34 31 43 58 72 48 52 49 5 0 28 84 57 1 5 83 99 0 10 4 98 43 18 20 46 81 11 53 21 8 77 49 89 26 48 98 8 31 51 9 70 83 29 16 11 91 31 18 48 45 89 64 84 55 13 45 96 71 99 82 35 61 58 74 68 17
 17 23 57 3 57 33 41 3 79 57 44 75 12 28 56 81 88 83 89 35 15 28 79 47 40 0 87 63 28 85 58 1 47 79 44 30 96 31 44 33 41 21 39 34 0 47 67 37 21 33 32 83 82 67 38 22 83 62 27 94 0 30 82 89 98 37 12 45 80 90 12 70 1 35 18 14 82 21 80 70 23 27 45 38 28 8 41 43 25 46 47 37 28 37 68 41 57 45 36 56
 78 45 9 39 20 47 20 26 8 54 88 44 18 2 44 3 32 55 45 65 68 15 24 85 92 38 4 99 83 39 43 89 64 70 21 54 49 60 80 88 1 84 3 11 93 0 93 51 90 91 76 27 45 90 50 50 58 77 87 94 34 72 68 87 54 68 69 58 8 46 96 89 99 0 69 39 22 98 42 30 0 85 24 55 39 14 76 46 63 75 65 67 23 24 12 18 90 0 29 76
 25 67 68 94 99 84 34 29 21 73 52 33 74 30 26 24 73 38 72 68 3 13 76 68 34 28 73 82 55 35 21 45 62 44 94 86 70 80 65 40 22 10 2 3 78 78 0 20 45 14 8 61 96 17 44 59 21 55 70 3 96 17 5 5 31 9 48 79 36 14 83 97 78 48 70 14 86 46 83 27 84 37 32 85 73 7 55 71 68 62 50 66 42 19 67 48 20 26 64 2
 3 14 19 79 38 79 17 18 67 99 67 80 95 67 35 47 96 61 6 33 7 68 96 3 88 73 1 99 18 56 39 47 81 12 62 93 40 32 2 47 84 83 26 32 48 55 90 0 98 81 72 30 50 78 96 49 18 46 18 35 49 60 88 60 23 41 57 52 56 76 90 78 35 21 93 39 30 85 4 59 17 58 36 38 48 70 75 7 67 94 19 74 50 97 12 80 79 27 73 41
 59 45 19 28 97 52 16 50 96 80 84 42 71 67 94 59 0 33 86 78 3 84 54 92 95 26 32 67 98 32 27 48 82 55 49 14 25 37 42 81 95 85 56 19 84 19 99 47 0 13 36 76 33 60 28 5 53 4 81 80 35 83 64 63 59 13 60 42 81 62 88 19 80 19 26 34 25 86 97 48 52 20 55 59 8 77 88 75 37 40 92 57 26 30 33 76 12 95 3 16
 10 0 18 58 55 1 27 51 55 73 70 54 91 0 0 92 70 90 34 34 93 27 41 54 59 63 98 3 2 38 38 82 64 9 61 45 77 79 14 76 12 67 3 90 15 55 23 68 71 0 78 99 25 4 33 26 71 40 29 12 53 68 64 97 57 5 31 18 77 41 83 62 57 48 48 91 16 73 21 43 81 17 80 4 75 48 13 31 56 81 57 50 94 75 22 17 31 38 46 88
 60 51 41 83 40 7 94 56 74 13 21 35 31 22 64 46 49 42 59 64 12 81 29 77 63 37 96 41 63 8 59 31 56 3 35 71 42 53 63 92 15 0 6 38 67 88 88 88 33 24 0 66 63 81 38 82 43 18 57 93 24 38 92 53 59 12 24 12 46 6 53 80 29 71 7 48 10 3 12 33 96 70 84 86 84 60 4 58 64 99 13 16 14 54 62 0 62 19 92 46
 98 19 79 4 8 14 33 64 31 96 1 31 5 57 17 27 38 35 3 20 85 77 74 37 94 69 35 75 48 6 34 93 43 91 71 88 83 82 74 81 12 28 97 95 34 94 97 68 11 45 44 0 57 39 26 36 12 87 63 38 3 23 61 23 42 47 23 80 67 26 20 50 78 57 75 41 14 88 11 91 41 8 23 74 47 91 51 31 41 39 75 17 52 56 5 53 11 40 38 69
 45 2 19 75 21 85 94 69 2 12 56 39 6 9 85 44 38 25 36 87 95 94 5 16 27 75 39 9 79 45 83 23 1 48 37 9 51 73 71 92 55 27 67 68 19 45 32 0 67 15 36 67 0 28 81 25 50 95 30 27 12 26 18 75 78 34 79 66 42 20 32 3 20 63 89 29 18 94 3 40 5 85 3 30 60 34 73 22 87 48 18 35 95 67 59 38 35 74 14 55
 87 87 47 78 22 43 11 76 47 80 20 6 2 55 35 8 90 29 33 63 62 56 74 25 78 10 78 33 49 96 86 93 55 88 21 3 85 16 3 48 34 25 35 67 34 38 67 50 79 51 82 14 89 0 29 6 93 89 68 71 75 10 31 23 1 56 76 45 81 25 37 84 19 37 13 15 65 64 82 13 70 46 51 67 57 63 51 75 83 93 25 25 55 55 68 54 15 86 12 96
 0 41 46 66 0 93 99 92 61 46 94 60 57 81 65 70 61 20 70 97 18 66 35 21 21 43 80 68 75 8 91 8 50 61 99 56 42 93 68 34 15 12 33 5 84 35 43 20 43 95 38 70 41 54 0 53 41 74 87 50 91 14 74 69 80 65 42 59 4 17 38 99 42 42 93 36 96 65 97 47 7 43 68 88 37 15 61 16 81 52 24 63 17 49 76 97 33 59 4 44
 5 64 1 84 25 5 72 53 38 17 22 26 53 17 36 41 32 95 4 18 68 59 91 88 16 21 49 24 19 33 32 59 81 99 77 50 26 33 94 97 29 64 8 51 62 43 48 77 50 7 79 88 20 2 35 0 58 1 67 72 94 71 27 72 20 72 93 84 55 44 79 4 76 64 13 51 89 60 50 49 29 95 41 23 0 33 1 82 74 99 66 67 9 39 43 4 89 70 75 34
 68 89 1 52 83 50 1 44 49 76 25 67 56 96 22 0 26 47 58 67 62 21 33 25 76 20 54 95 69 89 23 77 96 95 14 92 18 82 25 39 43 93 35 67 48 43 97 97 65 69 52 13 48 32 58 81 0 42 68 95 82 34 94 87 55 42 17 13 20 14 21 10 86 54 65 47 19 18 50 44 17 90 95 96 3 73 88 42 12 75 30 35 5 66 15 21 41 36 35 16
 92 3 23 24 18 0 82 52 8 32 54 25 87 36 60 84 69 20 42 50 38 61 39 17 64 17 36 15 46 77 88 37 59 10 80 17 12 73 35 38 46 83 38 94 49 27 72 82 24 70 10 2 40 30 6 75 86 0 31 35 54 24 58 79 74 42 61 89 70 83 93 13 13 13 34 11 22 83 61 36 65 7 99 15 50 21 42 93 74 54 67 2 55 93 48 79 89 6 70 53
 4 55 70 33 87 17 19 30 15 81 38 50 19 59 31 75 48 76 82 58 72 76 90 18 52 8 36 62 5 97 16 29 42 22 26 7 87 10 13 63 32 85 0 55 92 32 44 90 0 16 17 46 18 48 94 26 87 87 0 50 15 84 47 9 90 21 69 12 76 91 2 89 74 58 53 60 90 29 46 42 88 30 84 79 38 6 43 54 10 52 43 84 84 20 15 2 3 87 92 20
 80 75 47 98 27 15 98 84 81 1 79 81 55 32 40 28 83 51 32 29 28 14 3 87 64 59 48 31 3 46 25 69 97 28 0 7 37 39 26 10 63 75 14 37 82 35 69 75 77 43 37 73 21 96 27 67 8 13 23 0 16 56 99 46 57 86 83 69 66 85 15 5 8 29 68 92 26 55 21 20 16 68 75 30 71 33 9 22 52 99 9 94 10 22 16 53 42 88 96 20
 64 18 23 71 32 57 69 0 91 16 2 70 9 54 17 51 72 24 8 38 23 81 6 96 12 81 75 10 40 44 83 2 61 97 56 39 49 46 45 89 13 5 61 68 73 26 97 5 9 55 53 68 37 9 18 47 49 69 69 30 0 73 9 18 33 1 81 36 9 62 0 46 98 81 2 92 63 6 27 2 15 32 72 43 31 97 48 62 63 2 76 89 10 3 87 38 25 80 28 64
 3 31 44 92 82 54 2 39 53 66 54 54 36 17 11 54 4 58 76 33 43 40 0 68 43 67 56 67 96 71 11 98 44 50 95 93 25 9 15 72 29 33 97 0 30 27 31 61 62 50 80 32 64 51 28 13 64 97 91 65 4 0 5 87 56 53 70 93 53 89 75 58 84 33 46 12 99 61 29 68 13 9 53 81 62 47 83 26 1 65 82 2 17 23 46 93 5 8 23 57
 3 15 75 58 88 85 85 49 76 28 71 0 48 96 36 23 15 58 63 1 65 83 19 1 26 55 39 41 55 66 27 98 63 0 40 52 84 3 24 89 47 43 54 22 27 11 34 58 45 76 66 15 3 66 81 82 60 50 92 23 83 94 0 5 20 88 28 30 2 59 67 95 16 15 43 21 89 49 73 70 78 35 96 81 79 41 85 95 69 49 62 31 5 88 37 36 69 54 18 93
 95 33 28 27 89 26 25 52 53 80 39 89 9 87 6 87 81 70 90 69 33 3 72 65 41 38 19 78 49 54 29 38 49 76 93 12 65 21 34 50 65 67 29 5 25 53 63 17 30 3 11 41 8 2 81 87 9 30 74 84 19 59 60 0 12 98 44 85 24 86 91 46 69 46 7 41 71 48 35 33 43 23 72 51 44 60 2 3 14 92 1 70 27 76 75 81 93 49 40 14
 21 48 96 12 38 66 87 29 7 33 24 67 34 76 81 16 53 36 30 88 55 85 72 69 29 1 72 75 65 54 33 63 59 67 90 14 39 19 69 68 23 22 41 91 3 15 84 8 33 90 30 91 52 38 50 72 30 20 63 7 20 20 37 71 0 16 5 57 69 71 55 28 21 10 81 93 63 88 90 29 78 8 1 87 84 79 69 86 56 99 44 60 18 83 43 4 39 75 16 81
 69 68 15 71 90 19 52 60 36 86 47 60 88 19 3 92 39 0 5 91 6 69 53 46 64 78 12 72 26 49 6 43 43 43 95 73 64 0 34 28 14 31 68 84 4 69 76 66 57 47 43 66 93 78 43 26 98 73 86 66 3 39 14 66 88 0 44 2 21 44 55 92 57 89 53 43 40 38 24 2 78 66 67 73 51 13 8 69 49 26 91 69 78 8 71 35 42 13 94 38
 48 65 35 41 17 63 6 33 37 11 78 0 12 40 10 72 8 6 0 89 46 15 40 31 57 19 53 92 90 30 62 44 61 59 85 38 57 79 80 24 72 64 66 72 96 72 88 0 16 1 6 26 25 38 70 51 32 26 88 62 57 19 26 62 99 5 0 26 81 8 24 13 71 33 95 54 58 30 18 51 90 49 81 10 41 23 80 55 67 66 52 17 17 68 33 32 58 37 32 29
 72 10 87 40 92 54 33 4 76 69 44 60 81 32 2 44 35 93 9 52 66 1 35 84 93 43 34 78 22 84 8 90 19 46 8 14 91 45 11 33 38 1 60 99 15 77 27 84 97 52 26 5 46 76 81 55 32 88 49 15 88 50 32 20 13 2 71 0 21 3 30 44 53 96 85 19 81 36 91 73 83 28 63 67 26 29 5 35 99 20 83 79 98 28 35 6 69 14 5 43
 74 83 48 93 10 19 72 19 46 97 39 55 15 89 98 69 70 67 23 14 51 83 68 90 65 41 56 11 70 29 57 49 44 53 27 76 24 56 36 27 77 14 20 4 70 41 84 62 51 5 80 99 7 15 64 46 49 56 43 71 67 9 1 96 96 62 50 73 0 1 81 55 15 10 69 61 43 70 36 2 34 79 66 3 87 12 7 94 97 32 35 13 89 62 91 72 9 32 25 57
 60 34 63 61 11 49 58 46 49 70 6 28 17 61 42 23 87 41 15 62 93 56 48 54 33 64 51 17 50 19 41 16 88 81 39 8 17 6 92 31 58 60 34 41 87 1 2 55 57 17 16 66 47 63 69 32 96 25 89 68 62 94 56 87 44 85 44 50 44 0 27 33 4 80 64 66 22 29 40 65 30 17 15 40 45 29 74 83 88 4 63 38 13 3 9 29 77 39 87 62
 51 86 23 15 68 90 33 39 9 98 70 69 59 6 28 1 46 97 21 73 64 24 63 27 7 43 72 39 83 83 65 3 69 78 46 89 63 41 83 3 39 4 97 26 16 60 89 75 67 65 75 85 67 73 65 67 61 47 7 60 2 79 23 14 84 98 76 92 81 7 0 88 24 64 38 35 61 46 3 82 86 82 24 47 72 80 88 13 43 92 98 69 66 39 86 85 86 58 69 89
 25 62 3 58 24 59 79 65 66 47 83 66 94 76 22 64 18 26 95 23 35 13 87 11 79 62 24 25 12 37 13 20 30 39 64 79 79 74 32 23 86 66 66 5 5 44 46 41 86 10 36 51 23 46 94 50 52 40 76 13 8 27 36 95 70 49 9 41 90 26 96 0 95 58 59 6 58 62 77 55 23 64 43 25 3 27 1 6 16 79 21 66 10 37 20 63 81 62 19 69
 45 82 56 90 72 60 12 33 56 92 85 87 19 67 30 64 86 79 30 22 2 99 55 37 52 77 98 67 73 51 62 85 79 34 75 23 83 83 47 77 62 75 86 89 81 80 78 55 50 34 15 53 93 21 36 22 64 49 26 85 24 99 54 20 14 58 96 89 44 25 1 9 0 15 32 47 97 22 10 0 27 49 35 0 59 29 45 29 95 56 41 51 3 94 85 98 75 4 1 1
 17 86 7 45 36 41 59 53 37 5 49 10 89 53 35 84 80 6 31 88 53 40 71 85 3 83 24 59 68 6 87 68 27 75 50 45 4 6 32 8 96 96 47 39 18 45 21 43 2 13 86 45 72 98 52 46 13 16 6 97 61 3 69 21 49 49 70 31 84 47 98 22 96 0 65 43 63 19 46 72 98 45 99 16 77 28 10 29 34 62 77 53 62 2 90 0 10 81 62 59
 62 18 3 89 23 61 55 88 73 67 65 38 45 15 81 79 8 74 77 41 34 67 19 17 16 35 40 92 46 29 64 34 30 10 38 53 92 17 98 76 78 60 30 36 13 39 25 36 22 92 17 88 31 95 45 8 77 67 60 17 80 73 39 69 70 40 15 86 5 81 43 5 68 3 0 63 15 24 81 49 59 50 55 24 99 32 25 33 24 11 35 48 7 29 77 86 38 49 58 32
 93 91 33 19 14 22 22 60 68 91 57 97 87 26 46 40 77 93 39 50 46 49 26 40 24 27 56 66 31 97 28 44 70 92 80 65 32 76 47 84 25 95 10 37 52 52 31 6 94 66 87 39 15 99 51 85 9 21 41 1 42 89 24 73 71 9 81 86 44 2 69 95 78 2 86 0 80 91 7 89 46 90 28 25 35 87 32 50 63 98 98 66 60 48 90 33 66 25 71 44
 56 48 64 84 63 68 51 54 93 36 39 9 44 39 38 98 32 0 33 9 8 95 30 13 84 0 15 48 0 94 52 5 75 73 14 90 8 71 68 19 91 67 68 22 52 1 79 52 74 48 87 50 6 85 19 54 3 57 69 11 3 54 24 56 64 16 77 22 95 65 35 87 73 10 1 74 0 51 28 74 99 34 94 12 30 12 40 99 53 71 35 90 55 8 32 57 22 52 54 14
 66 69 77 82 52 22 62 55 27 70 70 90 2 15 32 49 41 96 20 21 36 89 73 41 43 48 26 99 77 40 89 19 45 50 74 95 95 79 89 29 41 72 14 49 13 8 48 10 42 71 46 14 2 3 17 17 95 94 48 70 28 24 78 26 83 74 17 23 95 92 37 62 12 40 18 28 9 0 26 22 57 89 32 77 19 9 87 29 39 27 60 87 77 90 47 51 90 81 40 25
 94 90 0 89 94 14 9 92 77 74 18 40 97 67 22 60 86 62 41 64 59 1 11 2 68 27 68 31 49 97 61 57 7 34 97 3 59 55 75 98 39 45 8 20 23 2 51 87 61 10 46 45 75 92 26 39 86 30 88 82 1 70 65 98 9 0 53 85 11 1 19 5 52 28 43 87 87 49 0 20 8 87 11 16 43 19 60 30 89 41 91 51 69 88 61 61 86 32 80 41
 43 27 66 86 4 66 19 19 70 12 30 75 31 64 50 71 53 57 39 47 81 74 46 26 79 7 81 91 82 18 97 62 17 38 60 97 20 8 83 37 90 82 51 11 23 70 57 1 29 41 60 76 35 24 50 81 3 63 35 63 16 52 36 81 30 69 54 35 42 99 61 60 38 55 59 81 28 53 8 0 79 81 94 14 80 14 82 44 31 15 44 90 31 28 1 13 21 5 7 78
 29 8 86 81 77 84 16 21 85 22 25 57 43 71 12 9 18 40 57 6 24 68 55 23 50 94 54 86 55 81 29 79 54 85 56 46 10 71 39 17 60 20 31 98 14 67 62 57 40 24 62 86 89 49 2 66 50 48 38 88 31 2 57 60 2 57 36 24 65 99 93 96 10 9 97 26 4 25 10 49 0 51 44 43 16 37 60 39 99 16 79 37 31 9 17 32 76 87 89 75
 23 29 87 30 77 70 95 31 87 67 35 22 16 46 7 76 46 20 87 69 8 37 37 9 61 0 96 18 68 72 71 38 66 81 95 80 85 20 6 84 48 10 52 39 74 15 28 67 1 88 34 33 84 37 95 99 15 46 96 12 46 77 15 15 16 83 99 98 22 70 62 21 18 91 85 93 14 17 49 59 33 0 26 74 5 12 62 9 29 35 86 92 19 62 78 27 4 42 39 83
 92 12 96 76 95 37 11 84 50 26 52 83 61 80 72 35 24 47 99 11 41 40 80 46 13 37 12 65 34 30 33 43 64 72 12 52 13 49 52 22 0 45 24 67 44 58 30 9 19 45 3 68 86 15 44 65 93 42 23 0 13 3 38 83 48 64 25 70 22 74 47 32 68 74 61 57 21 65 57 73 70 50 0 51 74 33 47 77 94 20 90 71 93 72 92 23 74 75 17 36
 2 99 57 56 38 44 59 53 29 2 21 71 19 40 63 71 9 82 43 68 96 33 28 91 1 3 46 73 94 80 72 43 78 8 55 73 1 60 83 1 46 8 44 89 97 97 72 89 84 69 59 9 76 20 66 24 11 98 3 0 67 85 66 10 39 96 84 9 80 46 67 42 26 70 58 88 22 3 97 26 45 29 64 0 10 37 14 58 12 84 67 42 21 40 83 36 6 1 12 45
 47 1 28 68 98 13 58 92 16 53 63 49 76 19 26 93 90 67 48 92 34 25 42 63 74 85 2 97 34 86 54 73 79 67 9 16 30 60 3 62 31 2 19 81 74 74 18 33 92 67 64 9 97 19 22 36 61 83 20 79 83 12 37 79 94 69 27 1 15 55 81 10 76 48 90 12 1 22 54 34 0 18 67 33 0 36 94 78 48 61 5 8 50 42 7 9 89 59 90 77
 12 82 98 60 83 34 31 23 43 60 49 84 19 3 16 76 40 61 99 41 92 68 27 95 64 68 44 68 69 41 90 80 25 50 99 97 9 49 40 43 27 38 86 38 46 25 76 94 37 3 40 66 23 85 15 88 27 80 42 70 11 47 89 48 80 88 22 0 66 82 43 72 70 83 42 51 49 41 99 96 84 33 46 90 54 0 85 3 71 32 80 42 53 17 39 72 34 29 85 26
 4 11 67 64 60 2 82 47 13 99 42 94 61 7 70 59 57 8 99 48 40 3 29 18 42 14 49 56 3 72 64 31 75 26 39 95 21 36 6 16 34 25 98 16 89 43 78 10 5 5 34 35 16 15 57 3 37 2 28 19 76 85 7 11 66 64 29 7 74 16 46 30 55 14 48 34 26 87 88 36 62 24 49 25 1 69 0 79 25 38 88 31 43 52 97 77 11 80 86 0
 60 6 10 93 65 49 14 40 14 29 20 55 44 76 99 22 5 86 43 86 44 46 41 16 88 15 59 29 11 2 97 34 13 53 26 52 13 25 65 44 40 45 72 17 98 88 19 61 36 64 86 93 92 73 87 85 46 23 82 30 66 57 97 98 82 36 4 24 54 41 53 37 5 1 99 55 35 90 9 2 78 23 50 27 98 39 19 0 65 53 21 52 7 95 42 71 9 96 27 68
 51 16 97 4 19 3 92 72 78 49 30 53 4 4 86 54 58 49 17 14 3 77 18 27 88 35 27 7 51 84 70 32 99 33 80 72 8 46 3 51 90 4 81 57 11 10 91 89 97 39 94 14 41 53 22 49 14 63 52 37 59 38 65 18 29 81 0 23 9 50 80 49 82 39 44 83 93 56 10 50 95 16 56 41 71 67 45 93 0 42 8 91 43 16 9 34 28 23 63 38
 92 95 92 15 59 37 53 88 65 13 23 33 33 14 28 80 79 74 49 76 21 94 50 48 1 27 56 14 63 66 65 89 32 0 1 76 25 91 16 86 5 40 52 27 93 27 90 42 24 94 25 7 8 98 88 76 80 70 14 24 76 66 26 46 51 0 61 56 75 33 59 25 32 93 84 22 26 91 90 99 60 3 6 20 70 52 71 29 1 0 16 49 44 85 46 21 69 62 46 57
 6 86 65 76 57 29 88 92 41 81 4 75 40 63 3 90 74 37 82 38 3 94 8 70 47 82 70 46 39 1 98 9 94 96 51 32 87 48 65 97 49 57 93 25 22 50 4 5 61 96 80 42 96 90 25 49 29 14 60 95 46 90 18 1 1 73 8 13 35 67 2 54 13 30 50 69 23 26 97 73 58 84 29 3 26 93 87 28 51 98 0 84 72 70 9 26 2 26 42 23
 58 84 33 12 22 55 70 49 8 15 71 33 7 34 37 88 5 72 69 42 71 47 81 39 17 79 21 69 80 49 86 58 86 70 67 8 24 89 92 33 88 82 0 21 6 44 93 10 51 80 25 64 78 2 65 42 67 24 14 57 93 54 86 15 72 72 40 79 55 88 10 70 68 17 88 25 6 29 35 5 1 95 26 18 86 40 43 39 66 24 13 0 81 69 36 22 3 61 41 4
 0 80 73 98 79 72 39 11 10 69 42 46 85 30 60 9 87 59 7 49 77 25 96 5 23 73 45 25 27 61 54 14 1 15 31 62 51 95 19 37 67 83 52 54 73 35 65 31 51 88 92 99 17 70 40 60 93 2 28 87 86 40 78 36 25 51 35 89 23 44 54 23 37 51 29 52 8 44 50 50 31 69 70 89 41 76 19 31 14 15 32 56 0 26 78 36 41 55 74 78
 1 82 94 68 10 46 61 14 70 27 81 95 52 1 87 62 58 54 51 38 13 29 72 9 84 21 70 58 87 24 61 60 11 39 28 11 83 46 44 44 84 16 4 75 61 66 67 75 73 31 27 43 19 42 9 62 19 28 67 64 12 50 12 82 38 70 32 3 34 77 20 98 11 23 89 67 43 37 7 22 75 31 33 62 58 92 47 67 65 15 57 85 13 0 45 79 71 7 98 27
 40 1 95 50 15 22 49 62 91 2 84 69 48 28 35 96 49 74 74 0 75 58 5 97 40 60 27 7 19 40 78 67 10 26 34 33 99 32 99 89 23 14 74 2 23 35 43 6 26 59 37 52 40 57 58 50 65 39 92 26 15 53 22 35 95 85 87 54 28 74 86 22 14 74 44 97 12 94 17 35 4 99 41 65 57 45 96 56 35 33 41 78 95 7 0 37 78 33 98 25
 21 38 77 29 65 88 68 64 92 81 11 8 59 69 99 72 94 78 63 87 6 53 93 44 48 14 35 82 2 69 55 59 69 55 50 97 33 61 44 5 90 98 78 13 52 85 10 31 86 14 99 46 90 13 27 64 26 21 86 1 75 12 11 10 58 27 37 80 27 74 68 86 80 56 17 10 93 7 52 22 53 20 15 66 88 79 39 15 58 17 40 59 57 68 13 0 8 44 60 0
 32 72 26 7 93 91 82 12 20 32 11 71 72 0 87 84 2 73 82 92 38 93 90 81 6 62 50 72 51 36 7 5 99 69 86 29 10 22 63 8 21 2 73 13 41 12 13 98 28 18 1 2 49 74 17 20 22 94 4 15 14 10 0 28 54 7 56 75 54 56 14 46 78 6 94 56 5 91 19 47 29 66 4 64 87 16 30 79 94 31 15 7 9 26 61 97 0 1 51 77
 84 66 55 75 39 0 27 4 71 6 47 60 75 39 2 15 59 54 90 27 22 12 44 15 45 40 98 87 43 91 80 82 81 96 60 68 41 80 14 34 22 3 37 67 24 33 87 3 83 99 40 42 81 82 8 83 78 51 63 50 18 17 5 79 26 49 31 18 11 4 60 14 45 47 60 76 27 92 77 15 76 60 42 32 11 73 83 82 14 81 69 78 50 48 6 45 82 0 93 49
 26 58 4 17 23 49 29 5 76 16 88 44 2 54 94 84 82 31 88 65 49 68 70 83 90 51 42 26 29 50 41 59 50 31 61 22 50 38 21 14 9 67 20 33 49 81 45 98 74 75 15 80 61 51 8 19 21 45 69 44 66 7 17 46 64 68 56 58 64 72 86 55 55 59 94 17 50 12 56 65 42 50 45 8 96 8 89 73 11 27 43 17 9 4 27 93 66 40 0 47
 80 72 56 93 14 42 98 11 59 65 98 54 13 51 69 62 10 30 83 73 61 83 4 96 75 70 19 4 0 47 58 89 71 94 84 75 12 96 8 77 15 39 95 68 9 85 86 34 28 99 84 36 52 21 27 47 21 53 25 35 28 75 92 12 5 2 21 33 43 46 66 20 15 3 1 54 17 10 14 28 47 30 90 4 78 24 65 76 57 13 88 76 2 96 61 90 36 39 63 0
