40

 0 62 70 74 21 51 34 6 95 4 94 96 63 21 94 1 12 3 34 79 20 44 93 6 20 31 67 27 35 41 65 10 32 34 89 61 70 90 68 92
 56 0 68 50 0 17 64 51 29 90 12 19 21 39 68 62 59 41 69 22 27 18 2 26 99 48 52 76 51 43 54 17 1 47 67 14 32 23 67 7
 22 28 0 24 69 26 43 95 3 95 13 9 41 35 39 67 64 26 30 39 53 48 80 39 59 85 98 2 82 43 60 59 96 17 66 59 86 32 79 49
 73 28 83 0 71 42 55 51 54 17 7 83 23 30 50 86 27 67 62 58 50 57 22 95 98 67 59 89 94 35 61 21 92 19 88 40 35 95 62 36
 29 29 77 47 0 18 66 31 74 32 94 12 98 63 4 91 26 1 64 72 27 18 64 36 78 41 86 22 52 21 77 19 68 75 20 83 85 57 77 1
 24 84 48 92 48 0 57 94 31 2 27 69 37 87 44 24 57 58 86 35 18 24 87 68 60 93 21 29 64 72 38 79 35 81 74 1 9 10 16 48
 77 78 16 54 58 79 0 57 77 91 93 87 18 71 78 51 4 18 59 83 43 39 57 9 44 73 7 50 55 80 19 9 97 66 91 92 30 74 1 58
 45 76 59 35 77 64 13 0 65 63 33 2 26 22 95 51 5 64 85 93 38 66 50 40 67 9 48 22 77 95 94 30 8 18 97 64 45 60 16 46
 5 81 96 43 15 50 12 92 0 57 96 89 43 21 67 10 77 53 27 41 61 3 62 93 51 41 22 93 24 17 44 36 14 72 1 84 45 72 26 36
 49 63 26 46 74 1 1 44 44 0 97 84 45 8 5 22 51 78 86 42 89 38 0 37 72 78 99 48 64 80 7 10 13 55 50 63 15 59 72 98
 27 86 4 14 79 46 56 9 63 63 0 43 74 90 96 16 75 33 12 16 52 74 52 7 88 62 18 85 49 72 79 58 89 66 8 66 96 41 91 68
 86 22 25 54 99 63 93 12 2 38 77 0 87 83 32 91 62 53 47 42 28 57 19 30 44 71 91 15 77 12 51 70 75 13 42 1 85 63 2 67
 99 99 51 56 31 90 4 99 78 70 57 57 0 79 45 72 39 11 49 1 90 28 97 5 2 1 89 83 65 85 50 9 36 13 29 16 10 64 99 36
 29 44 36 53 43 67 45 52 32 71 30 97 30 0 39 35 17 92 33 39 36 14 27 48 66 62 70 79 85 10 32 22 71 76 97 33 12 28 93 57
 32 57 32 14 96 12 29 44 58 22 79 62 35 48 0 83 89 99 74 70 2 18 73 13 91 13 43 48 0 20 76 12 84 7 54 98 59 70 4 90
 91 67 61 63 60 73 22 39 78 16 89 86 20 72 30 0 85 52 0 53 76 12 29 71 3 47 90 44 36 39 96 87 24 39 38 99 96 47 94 13
 28 88 89 45 28 22 91 15 36 67 86 33 38 68 36 64 0 5 54 55 42 62 40 26 88 14 55 45 84 11 83 40 73 86 88 2 26 19 80 86
 15 35 54 25 8 1 47 53 12 90 34 49 67 74 98 50 92 0 99 88 74 99 36 98 46 41 75 77 75 0 9 18 78 3 17 82 80 6 46 73
 49 17 31 97 20 4 58 9 43 3 59 59 62 3 55 63 85 38 0 23 5 74 15 37 20 25 12 42 45 56 3 17 50 44 14 13 48 55 27 12
 51 80 43 52 55 67 54 66 87 61 35 53 0 92 95 35 7 30 66 0 77 21 77 18 23 52 67 10 65 84 79 52 88 58 2 98 32 7 74 98
 76 5 45 50 71 63 13 56 19 93 76 50 29 73 70 40 5 27 0 38 0 47 68 2 1 75 22 58 28 43 87 69 50 67 65 70 6 79 46 91
 17 4 13 92 45 50 21 43 58 11 70 93 64 96 35 23 22 35 89 76 79 0 81 70 96 26 63 97 22 93 74 45 3 70 96 51 31 21 63 9
 27 95 28 85 27 83 40 47 16 86 92 90 51 72 67 64 72 92 39 98 13 76 0 23 41 9 39 20 17 48 3 39 14 4 92 81 6 6 84 98
 47 3 19 44 48 94 44 6 87 10 21 15 42 19 8 43 36 83 1 75 42 49 36 0 94 67 21 73 68 39 32 48 55 4 31 56 63 63 85 80
 97 49 33 5 67 71 2 76 5 65 7 69 87 59 38 50 64 91 34 54 47 64 10 24 0 78 4 25 40 76 52 43 43 48 14 57 63 49 71 32
 54 0 96 81 77 22 55 63 79 90 3 64 63 24 10 4 63 15 18 9 11 92 0 12 23 0 69 71 69 14 60 74 13 41 56 45 80 79 2 24
 70 52 10 11 50 91 55 34 22 56 21 43 53 13 41 22 5 1 94 72 88 89 99 17 60 3 0 23 78 29 15 86 95 7 24 19 85 67 7 71
 59 41 7 43 83 72 63 1 16 23 65 87 83 67 28 53 33 98 53 92 85 91 33 44 60 46 98 0 37 7 32 58 97 18 84 53 38 29 34 71
 69 87 91 21 72 96 84 30 7 45 97 7 21 98 19 3 88 9 10 71 15 57 81 2 58 47 66 5 0 90 4 44 21 33 98 69 67 47 94 80
 17 82 80 99 54 95 31 10 29 95 35 43 24 23 2 0 80 62 72 22 43 18 75 3 4 40 58 6 29 0 66 66 96 65 58 20 71 72 40 60
 44 28 8 77 62 39 97 3 64 41 14 87 27 14 90 60 37 34 49 57 17 9 77 63 47 14 73 47 28 29 0 92 36 5 29 2 36 66 78 91
 17 11 33 51 41 5 70 45 95 80 42 93 92 41 30 5 84 96 64 5 71 26 66 10 37 8 53 23 77 53 15 0 79 85 36 94 56 19 1 1
 64 31 86 1 67 6 43 72 95 57 27 75 66 12 63 88 56 59 43 80 96 36 37 73 53 65 97 29 59 22 59 18 0 29 0 81 21 79 60 21
 37 15 16 89 77 49 36 41 7 94 24 84 8 3 18 75 10 56 6 93 54 2 75 33 89 48 47 26 2 82 22 29 88 0 19 56 94 22 57 90
 32 96 15 56 48 72 28 59 93 13 57 70 12 25 82 92 29 97 20 29 66 41 19 80 64 20 2 9 69 72 97 90 24 92 0 81 14 9 8 97
 20 44 58 90 46 5 11 48 75 87 87 50 4 94 30 89 61 86 1 41 93 51 86 67 68 13 52 1 28 55 95 82 94 81 87 0 33 15 99 25
 50 85 49 45 42 83 72 1 26 82 57 77 68 87 23 83 76 84 9 71 77 93 69 15 48 58 0 99 39 31 79 18 25 29 65 88 0 61 29 38
 23 66 38 2 48 50 51 71 53 24 64 2 10 74 30 39 90 3 17 7 80 11 60 14 79 37 46 5 99 40 51 61 37 70 92 86 29 0 49 5
 45 54 69 28 9 39 54 71 58 93 48 59 84 23 67 74 79 60 87 99 92 32 44 20 98 19 83 59 83 2 81 75 77 65 19 92 59 78 0 31
 47 23 61 9 98 66 87 3 36 89 75 4 31 54 86 82 1 56 59 6 47 27 30 94 8 28 0 52 79 26 43 45 34 45 49 99 10 16 29 0
