100

 0 84 55 8 89 29 53 60 17 5 60 70 71 39 10 85 75 59 19 79 98 9 29 18 0 80 55 69 87 94 83 13 35 57 84 21 68 44 65 59 98 78 75 77 86 91 86 78 30 57 71 63 92 22 24 6 81 82 73 23 49 83 57 60 33 19 1 39 9 17 9 71 69 93 52 44 60 52 68 44 18 70 12 13 8 25 27 0 13 12 86 82 75 6 83 72 16 81 10 60
 55 0 75 0 53 49 52 96 83 60 3 93 12 53 45 53 0 8 76 41 98 7 88 42 53 17 79 7 28 62 47 0 33 85 60 89 83 86 80 85 93 85 46 69 74 73 61 42 29 82 61 15 99 7 9 5 77 74 38 83 95 81 1 48 56 31 42 94 58 59 56 40 22 28 64 49 67 48 52 40 45 0 8 98 76 93 9 75 91 51 7 36 86 68 70 94 54 13 86 80
 80 43 0 15 83 22 40 24 68 41 79 18 68 77 28 74 63 73 65 50 50 82 96 44 95 62 91 3 4 93 54 96 35 98 80 86 14 81 78 91 17 86 75 73 71 13 63 38 45 33 15 75 59 47 49 19 96 51 17 55 79 44 47 91 25 21 1 42 94 99 4 15 29 71 56 65 82 8 35 89 39 36 27 98 26 43 67 81 58 87 83 69 52 58 88 69 48 39 11 57
 28 84 91 0 62 77 80 90 57 89 65 59 69 92 39 13 34 39 83 62 75 0 59 87 3 3 84 39 10 12 48 26 21 36 38 77 63 22 49 66 41 70 73 54 52 87 30 71 16 71 87 39 62 25 32 16 51 81 16 77 10 5 59 15 34 57 56 78 90 51 56 5 39 94 15 84 68 72 61 28 57 96 99 17 85 78 90 8 60 46 64 54 86 38 80 44 90 43 74 22
 12 48 2 33 0 25 60 41 64 94 65 83 68 60 82 6 58 14 57 75 89 20 50 15 15 95 24 78 38 67 61 69 0 38 49 70 54 6 77 49 40 53 83 31 22 1 62 15 57 55 70 73 19 5 27 39 42 92 30 89 2 41 33 11 68 55 95 52 82 42 60 77 90 77 89 54 92 50 59 55 52 18 82 13 94 99 99 9 17 71 37 11 42 26 28 95 31 9 53 0
 15 52 89 95 12 0 70 46 35 30 42 68 44 31 62 13 27 16 37 87 0 62 49 21 22 85 86 35 20 8 1 78 32 57 23 5 34 29 90 54 10 96 37 71 41 58 66 25 95 59 91 18 0 12 4 74 47 54 83 17 74 40 50 6 52 92 30 71 42 38 91 87 31 73 81 92 58 98 59 41 48 81 82 46 42 23 37 97 92 82 57 58 66 47 78 71 27 84 71 49
 5 21 28 47 55 32 0 36 88 75 16 98 46 73 6 64 51 59 67 24 22 74 61 40 94 15 72 22 53 44 0 68 88 70 84 35 36 35 74 11 51 13 77 34 20 60 48 86 28 11 63 58 71 26 98 60 68 37 70 87 14 37 27 37 25 11 86 30 67 72 99 13 90 2 17 3 49 38 18 57 17 52 94 63 16 8 58 22 38 82 64 51 3 64 3 53 61 99 83 45
 95 69 76 10 17 39 29 0 90 84 41 55 22 61 75 25 43 31 22 35 6 82 22 46 90 89 7 5 26 16 91 68 91 7 76 56 7 52 14 82 58 98 90 45 98 79 73 63 38 56 55 48 81 67 30 57 36 97 67 37 86 21 38 14 64 69 61 43 61 53 43 26 1 9 0 97 11 40 25 87 5 72 71 43 40 19 78 86 87 2 39 92 13 41 79 23 37 95 70 64
 70 78 24 5 98 96 87 2 0 57 65 98 26 79 60 55 0 85 71 2 41 77 72 66 43 69 5 40 91 86 41 61 30 81 42 44 91 38 99 80 42 55 65 4 68 60 22 85 10 83 28 7 77 26 15 49 71 82 84 37 5 16 14 3 60 93 43 15 42 69 94 75 23 32 41 90 59 7 96 49 30 94 54 80 88 40 55 69 81 27 77 59 70 19 22 52 59 85 80 16
 70 56 65 82 34 67 48 3 49 0 20 5 64 31 96 71 57 41 31 14 20 93 55 5 93 57 56 43 90 9 56 60 62 58 66 30 69 44 54 26 41 59 99 48 50 96 0 29 47 98 28 81 32 36 70 95 14 46 43 40 41 0 71 24 70 89 29 70 4 24 2 84 90 98 52 80 13 11 34 39 9 44 79 88 67 34 5 78 84 61 65 26 88 71 67 45 79 30 22 44
 60 92 2 11 34 73 50 96 25 94 0 7 24 95 46 28 88 27 58 68 32 38 87 15 9 90 26 41 25 46 80 21 11 87 63 24 39 5 7 54 16 38 62 17 26 50 52 88 78 14 20 80 36 56 33 54 94 41 68 78 33 2 16 23 46 25 48 98 75 79 65 81 0 85 24 31 20 1 57 97 60 52 4 38 6 25 56 35 34 70 97 16 29 64 40 50 67 48 63 78
 32 28 61 89 77 81 56 25 37 39 74 0 93 33 95 48 63 39 71 50 3 49 42 11 71 46 95 68 13 39 14 93 79 84 1 19 86 0 40 15 19 79 37 95 7 49 37 78 5 65 54 56 12 15 54 18 22 54 81 64 37 59 46 91 36 70 68 22 87 11 95 48 26 43 50 89 63 51 89 45 36 59 86 70 80 53 48 74 30 91 84 33 17 33 40 9 57 87 99 63
 90 14 0 39 49 86 5 45 51 77 95 81 0 66 80 12 55 74 44 46 91 58 5 29 26 60 97 21 61 40 82 37 43 2 36 74 86 91 79 71 34 58 46 97 28 74 23 88 56 44 72 85 96 62 36 88 39 78 9 30 6 22 38 19 2 67 92 71 3 49 54 76 52 90 62 68 99 94 40 15 65 10 14 42 61 34 33 33 78 2 9 1 31 52 50 92 67 56 0 8
 49 14 10 96 29 83 49 41 26 90 67 71 11 0 43 63 55 67 80 34 20 26 51 84 30 17 19 6 16 16 0 12 23 6 9 1 23 65 15 99 57 82 38 61 10 14 27 98 87 88 78 98 4 58 11 31 27 77 31 72 16 60 11 64 81 22 69 61 95 59 64 61 88 31 9 61 24 23 28 1 72 19 11 63 42 94 14 68 62 52 72 93 20 88 71 49 83 3 90 81
 12 44 54 91 85 71 60 32 0 10 74 3 91 8 0 20 40 83 52 43 46 79 8 37 82 54 1 36 15 51 64 48 63 46 71 38 49 73 21 77 73 7 1 62 9 34 77 8 59 74 17 84 51 75 45 34 33 62 71 7 20 46 46 86 97 40 87 51 96 44 78 79 92 68 43 61 91 59 49 70 46 38 66 84 11 10 11 85 18 17 64 9 2 50 35 64 59 93 98 75
 83 29 50 64 7 59 59 89 65 88 65 19 37 63 2 0 85 76 93 27 22 65 39 19 52 9 17 60 80 36 69 75 29 78 19 94 54 79 89 71 24 23 59 46 87 5 82 83 79 63 20 87 84 31 67 85 71 37 40 41 1 70 96 78 25 33 4 38 17 87 26 76 0 9 78 64 42 36 50 65 47 13 51 93 34 80 57 88 51 0 65 61 58 30 27 94 57 20 7 79
 55 91 36 27 83 4 35 46 43 41 43 76 34 63 53 16 0 23 54 95 51 47 47 58 3 29 94 92 62 59 60 5 44 9 82 12 26 71 5 88 39 37 71 45 56 36 1 56 56 59 60 47 79 46 55 92 8 65 41 63 71 54 62 96 21 42 92 67 44 92 99 7 53 45 43 35 28 34 60 36 89 57 35 29 78 82 13 46 5 53 77 43 97 38 30 12 32 15 67 64
 0 35 10 62 54 47 39 96 23 92 53 2 23 27 58 90 97 0 27 30 46 47 67 57 32 51 63 34 5 29 57 28 72 79 97 1 69 94 41 99 18 20 27 43 31 41 5 37 94 67 72 40 98 34 15 38 60 31 10 49 76 19 20 74 42 54 81 4 11 37 90 30 77 38 87 66 31 72 95 37 75 83 37 44 80 59 49 52 50 65 27 75 21 60 5 92 42 85 41 31
 54 72 41 73 58 97 0 4 29 29 0 97 95 56 9 9 69 26 0 87 51 74 72 26 72 65 97 35 2 42 45 30 9 84 69 19 69 2 24 6 95 93 93 21 20 80 38 26 42 76 96 57 66 43 10 32 31 24 67 60 32 31 66 51 26 49 37 45 75 40 51 72 50 38 90 74 77 19 28 63 54 75 47 13 50 87 14 7 13 72 12 72 26 80 98 54 46 17 57 16
 30 73 83 45 98 52 35 97 91 84 11 72 95 6 98 77 0 66 13 0 97 23 81 12 53 76 66 60 13 84 67 45 95 5 10 98 10 85 18 79 81 70 65 23 34 1 89 12 48 70 63 9 82 15 65 54 57 74 86 32 65 95 39 32 6 0 16 2 73 60 49 62 74 24 15 67 94 18 81 17 34 32 61 71 10 85 63 61 0 20 86 81 6 57 6 64 96 85 83 69
 20 72 34 46 63 6 80 75 48 15 87 12 69 58 7 31 72 19 90 35 0 24 72 34 65 29 85 20 1 3 40 59 5 55 0 80 64 99 11 21 21 50 55 1 92 69 40 24 9 20 50 39 55 52 98 2 44 63 64 99 59 97 59 3 98 4 16 73 86 90 8 33 69 63 35 63 83 97 49 90 27 12 81 75 45 85 50 35 45 37 96 92 83 35 53 54 63 14 54 66
 3 53 97 91 16 65 44 54 99 27 92 34 87 48 49 52 6 3 52 96 3 0 74 38 27 59 62 85 99 33 67 24 14 53 66 56 40 21 93 99 52 58 33 20 55 91 7 42 18 50 78 97 31 28 46 16 45 45 94 94 45 0 4 33 5 74 15 43 99 12 89 51 64 99 94 97 8 13 6 49 84 32 36 48 69 75 0 44 73 84 55 97 83 2 2 96 13 98 92 31
 9 64 15 50 85 66 59 6 30 89 81 5 31 60 73 47 91 37 65 56 1 8 0 23 44 7 8 9 30 29 75 42 50 33 35 9 69 85 73 3 51 70 3 16 68 67 3 5 38 6 77 73 43 97 91 83 41 0 26 24 95 45 61 22 15 41 41 38 26 91 10 18 14 88 13 3 9 23 56 90 99 60 51 19 5 16 49 99 58 78 12 34 48 83 69 76 41 23 10 40
 51 31 13 58 85 68 66 84 14 11 98 23 51 38 38 80 49 74 74 71 69 96 51 0 15 8 99 27 29 65 29 33 7 98 57 65 4 0 20 0 52 50 93 93 94 66 54 52 91 73 38 10 75 95 37 61 5 1 24 57 29 66 85 59 37 58 77 33 68 26 73 69 8 90 7 26 25 96 25 89 70 48 67 40 68 21 94 96 32 18 72 78 18 19 89 8 75 20 58 52
 42 92 62 61 85 95 70 63 63 79 46 5 26 72 75 66 60 68 6 90 76 31 93 19 0 95 17 45 78 91 98 74 66 81 73 93 76 66 24 41 44 34 32 96 26 14 67 26 5 70 27 23 9 33 98 40 2 14 37 30 0 92 88 7 45 96 82 54 62 95 75 43 23 14 88 45 32 4 67 99 81 34 7 4 56 71 62 72 86 85 26 77 99 60 66 95 47 88 12 15
 50 46 86 24 23 99 80 85 41 65 65 71 53 38 26 82 92 39 15 6 89 2 71 8 70 0 9 89 20 7 29 24 96 8 62 49 52 98 63 89 99 19 26 55 79 70 86 13 91 75 95 5 55 19 55 61 42 17 62 83 19 87 2 8 75 52 83 86 54 59 52 63 25 23 10 64 37 14 88 60 88 60 68 67 73 66 73 38 33 42 88 76 14 64 36 38 28 46 30 97
 46 58 43 75 8 61 93 37 68 12 44 73 60 55 19 92 96 33 1 4 99 86 73 1 49 25 0 73 4 91 43 78 61 24 15 37 52 92 83 27 56 52 48 73 97 30 45 43 65 12 36 48 17 98 15 28 36 47 55 38 63 80 91 28 86 42 93 79 22 78 67 65 15 70 79 45 89 33 82 72 56 33 40 51 84 80 65 69 38 24 52 94 16 92 26 79 17 27 13 6
 76 38 47 28 78 8 11 0 48 56 16 77 3 14 23 32 66 61 47 23 56 25 29 82 19 92 35 0 91 86 89 63 11 31 1 90 26 28 57 74 80 79 2 39 51 39 51 15 8 58 2 44 81 25 97 20 55 83 61 70 33 58 5 45 52 23 21 40 30 76 70 22 36 22 11 71 83 68 80 75 23 79 68 27 9 11 20 6 58 18 23 84 21 36 11 71 47 10 74 28
 6 75 59 23 4 6 62 71 54 81 29 99 18 14 6 26 62 24 25 86 16 59 49 78 19 97 8 87 0 97 52 0 66 50 7 45 78 30 75 9 16 43 54 58 48 10 96 53 39 90 73 50 44 4 65 89 64 77 87 21 35 27 54 89 8 24 54 22 70 72 8 63 81 51 58 95 0 96 31 6 45 14 57 89 10 38 88 65 73 73 52 16 77 3 3 34 46 38 67 69
 91 46 42 8 94 33 57 6 93 79 52 80 20 5 41 35 91 16 83 62 58 97 43 40 52 19 94 75 76 0 62 7 54 64 57 56 0 37 3 15 88 92 34 14 90 41 98 71 22 21 43 61 22 32 70 34 60 65 98 16 36 12 39 1 61 54 55 37 48 48 14 51 35 95 25 10 9 92 90 95 52 87 97 44 36 48 27 32 9 21 79 5 6 97 8 36 93 79 70 93
 75 83 60 11 82 9 83 5 54 16 61 44 90 13 0 0 20 19 88 76 54 55 66 79 7 9 9 48 18 10 0 94 19 84 51 38 92 6 68 50 7 65 98 10 1 61 25 15 55 23 84 39 76 97 57 65 27 92 72 36 28 71 26 97 31 12 75 14 99 36 8 71 67 21 15 70 66 18 13 54 69 42 38 36 56 50 57 18 18 27 18 29 6 38 64 81 84 59 1 45
 63 99 74 15 45 72 38 21 96 83 98 47 21 11 68 57 32 81 20 69 61 98 77 40 17 44 45 35 7 2 51 0 94 50 20 92 59 68 93 11 81 89 68 30 73 55 83 29 99 72 65 18 47 30 98 97 39 87 98 54 30 53 84 45 92 79 84 9 88 73 1 28 68 90 48 35 19 98 82 11 84 12 98 87 64 95 69 60 97 21 58 17 90 0 40 56 60 32 43 42
 68 21 11 0 69 57 66 82 70 95 61 43 1 81 8 43 26 69 10 10 82 54 21 59 73 64 63 84 31 96 27 74 0 71 3 3 12 85 86 71 41 36 53 80 37 35 84 34 69 24 76 89 2 2 77 67 16 94 23 61 63 10 34 4 81 68 8 83 31 80 41 15 99 83 45 17 21 98 8 78 73 12 71 37 46 30 89 4 64 89 94 45 21 65 97 84 21 81 65 61
 8 86 25 47 15 65 61 92 97 75 13 0 49 32 36 95 23 35 70 6 54 27 0 44 74 12 33 20 53 99 73 66 90 0 76 31 94 53 30 21 6 61 21 9 47 54 98 10 9 56 11 6 75 74 20 59 7 78 65 78 54 89 50 93 17 85 52 86 61 84 97 52 11 67 28 10 44 75 26 23 42 89 17 6 46 64 28 98 34 29 60 60 40 24 55 13 63 51 45 58
 75 52 14 93 93 21 16 27 7 57 46 61 41 13 8 1 39 27 15 31 20 98 70 21 21 79 72 49 51 17 23 4 89 17 0 35 86 40 68 34 86 1 81 52 18 44 88 76 83 95 76 28 4 50 71 61 27 73 22 56 59 17 26 16 41 89 82 12 88 97 10 43 74 89 22 71 32 92 42 91 22 7 55 75 63 10 94 58 23 21 58 16 95 36 39 61 60 77 78 41
 85 37 46 90 56 35 83 73 75 19 54 60 51 7 81 10 49 46 10 10 80 88 62 30 98 50 90 58 74 2 56 51 64 23 45 0 29 72 74 89 59 2 7 4 87 62 52 3 46 84 76 2 43 17 52 40 69 3 50 5 83 79 96 67 14 12 70 79 17 44 36 32 42 33 22 45 90 78 8 83 51 18 43 1 75 30 2 24 63 70 85 30 10 85 84 31 26 49 81 57
 48 85 9 8 47 61 72 5 26 37 1 83 15 26 38 59 27 37 93 38 35 43 66 95 72 67 37 65 97 48 40 1 33 96 58 80 0 39 85 90 43 1 88 35 22 39 9 2 96 96 64 98 85 95 73 12 32 63 83 50 26 25 51 52 98 98 60 31 66 53 44 44 30 62 50 22 40 20 85 47 11 65 4 18 72 53 76 85 65 90 26 26 86 42 37 42 7 39 7 52
 0 35 21 59 35 82 30 61 16 89 71 52 10 47 20 78 89 46 92 23 48 45 51 31 36 85 17 9 23 7 31 62 96 50 59 55 93 0 49 78 23 55 18 67 1 98 49 45 62 20 13 67 67 76 50 55 66 86 33 44 66 8 96 96 63 20 5 58 31 63 19 63 44 52 14 11 78 27 73 81 28 23 32 56 85 28 73 56 33 13 26 84 16 9 97 33 63 7 14 26
 9 13 58 72 23 21 18 40 29 46 52 38 35 34 80 15 2 44 78 47 31 47 78 67 64 53 62 44 79 23 38 90 78 22 69 81 18 29 0 85 94 17 51 62 70 37 93 48 95 90 52 3 33 42 81 64 93 12 96 67 95 43 59 97 62 38 91 41 41 30 6 43 58 75 14 41 48 67 89 34 19 94 54 97 14 11 20 42 65 50 36 22 25 8 98 14 37 38 19 61
 82 95 77 36 31 56 9 84 5 25 90 78 29 79 97 20 21 81 44 46 69 92 48 30 27 3 23 0 88 41 47 20 86 73 64 36 36 64 27 0 17 55 45 35 50 41 98 98 39 61 31 78 95 12 67 22 90 2 66 46 52 7 79 77 96 81 45 15 93 37 26 54 81 63 92 79 1 63 29 72 66 16 63 82 18 4 40 35 80 79 74 98 48 34 63 32 48 16 66 52
 60 13 98 25 47 99 20 46 51 75 85 3 73 14 40 49 80 9 16 42 49 98 55 61 46 43 89 26 99 86 53 48 59 4 72 9 61 59 57 49 0 97 30 36 66 46 74 41 44 43 65 85 95 65 71 43 63 51 27 78 29 31 89 15 93 33 67 62 62 95 82 92 30 37 52 54 98 17 30 98 24 32 49 48 4 90 20 11 56 30 62 55 85 96 82 9 29 78 51 40
 47 50 13 59 22 72 7 70 67 37 96 55 40 76 74 27 30 71 87 97 91 13 49 92 0 2 41 59 39 23 74 44 69 12 89 98 48 55 19 70 94 0 66 40 4 86 0 12 87 71 62 1 50 23 34 46 42 65 61 58 77 17 53 21 85 64 64 50 49 80 69 87 90 94 73 8 33 28 93 43 4 74 53 1 22 48 57 6 21 97 7 9 12 19 28 68 39 14 58 11
 35 10 64 46 90 97 3 93 33 55 85 6 32 2 60 68 57 84 65 18 44 58 11 24 68 98 64 33 43 68 29 98 6 5 66 45 71 42 78 3 86 98 0 5 6 84 27 9 20 39 43 43 68 10 16 9 32 56 59 72 39 15 80 11 44 44 3 61 39 24 44 43 47 32 45 38 13 85 6 31 44 50 60 76 63 76 60 76 54 11 59 19 89 59 71 75 21 62 35 10
 19 84 61 53 2 40 53 50 69 37 85 66 44 64 37 99 98 27 15 25 59 78 13 80 79 78 81 60 44 11 97 64 56 46 92 17 15 72 5 95 65 96 11 0 47 73 75 59 54 35 54 48 54 7 46 36 69 72 90 31 18 73 45 86 20 44 89 60 19 51 54 90 83 4 9 90 78 69 55 61 79 8 82 64 35 14 14 70 99 66 54 93 31 43 32 53 70 57 84 47
 74 81 95 82 48 95 97 62 28 67 89 53 72 36 85 9 88 11 10 46 36 10 39 84 49 65 10 96 73 3 17 26 65 49 97 81 23 89 6 60 41 78 50 25 0 30 1 51 48 91 12 52 46 3 19 92 3 98 83 84 56 15 75 15 15 35 0 27 22 3 15 15 18 10 58 77 60 48 98 32 86 41 68 0 22 60 30 46 12 84 65 82 8 32 58 71 6 25 64 93
 34 23 6 28 54 50 69 79 22 17 38 1 11 47 83 55 84 89 88 91 46 43 64 71 53 38 6 3 42 95 52 64 59 41 10 93 39 18 97 43 59 57 97 13 39 0 31 48 99 49 45 10 16 52 22 53 0 58 98 41 81 32 35 10 85 63 82 47 52 20 45 4 37 99 83 22 74 31 6 51 58 6 81 90 45 41 24 76 32 87 71 12 69 80 67 67 11 77 34 82
 48 35 19 61 65 69 85 39 48 14 90 62 60 39 47 83 9 10 32 61 10 56 35 78 80 50 37 57 76 76 91 13 78 3 83 28 7 82 32 27 87 90 24 32 55 31 0 12 38 65 7 12 67 78 28 16 83 63 95 6 5 46 60 54 93 65 3 87 25 4 94 71 31 45 41 75 52 39 40 65 96 71 51 34 75 89 5 81 99 15 73 55 50 28 1 41 30 99 86 39
 88 66 94 74 29 47 64 46 84 90 36 94 63 62 36 18 87 32 18 91 24 62 4 62 12 38 96 4 65 27 49 34 98 52 13 77 61 38 31 67 51 51 42 35 14 17 46 0 93 60 63 23 47 16 56 82 64 70 37 79 3 72 39 91 53 15 98 70 70 49 3 21 40 26 76 42 35 92 71 70 57 26 14 96 63 45 72 97 75 81 64 81 1 34 42 66 24 21 54 0
 4 79 11 59 81 85 48 50 74 29 89 9 37 6 79 35 12 0 17 63 6 38 61 53 11 87 61 69 86 50 96 83 58 7 18 95 77 26 67 82 98 32 71 68 10 30 21 59 0 80 11 96 22 60 4 53 45 86 15 92 36 50 43 82 34 8 93 99 31 87 69 93 98 4 84 87 59 31 56 62 19 5 31 62 71 36 51 41 78 39 4 54 47 81 95 91 61 98 98 90
 2 71 80 62 39 68 5 98 3 85 80 11 57 44 36 41 26 18 69 45 47 98 35 47 50 73 39 37 40 46 14 4 27 83 64 19 58 88 66 21 99 3 16 39 88 2 95 1 75 0 90 12 83 8 12 10 89 2 99 8 95 8 65 74 94 83 72 36 87 49 86 61 56 56 48 12 56 68 74 26 0 83 70 2 21 41 61 11 73 71 0 23 94 59 51 21 74 8 3 18
 99 84 11 13 54 7 80 41 62 88 70 12 61 57 26 97 26 42 1 64 44 52 80 19 44 57 49 36 62 21 60 27 57 50 79 81 56 79 52 65 35 16 42 53 9 27 11 96 55 62 0 62 32 20 16 40 75 37 64 96 60 23 33 98 82 52 38 91 61 58 4 13 23 21 95 96 65 38 86 85 37 37 82 40 56 99 46 67 75 53 92 37 19 9 48 46 83 80 77 58
 90 53 56 84 74 23 5 76 8 22 11 9 21 9 91 61 98 45 6 85 45 41 67 53 54 75 22 51 54 3 37 35 3 45 96 33 93 97 3 91 28 60 0 91 55 91 95 83 39 94 46 0 55 91 71 84 44 86 89 23 0 81 58 18 29 87 9 16 72 98 46 47 90 27 56 98 76 15 69 19 99 96 26 41 11 57 49 39 61 57 61 94 58 13 12 23 12 25 0 92
 10 68 58 57 38 38 49 4 47 40 17 2 27 82 35 55 87 6 18 17 49 78 87 45 62 11 17 97 84 52 75 48 46 68 73 73 25 91 55 92 70 19 2 19 52 65 46 38 88 83 15 96 0 92 67 32 4 17 39 56 51 88 78 13 23 14 49 64 12 84 77 4 20 63 63 71 85 49 99 16 60 5 64 59 67 13 64 36 9 87 85 85 68 89 16 51 68 74 80 38
 93 76 67 73 4 98 13 73 81 58 48 29 64 44 39 88 31 64 47 58 27 30 84 57 64 51 1 22 93 26 40 74 59 27 55 51 38 98 10 84 70 90 23 93 62 66 81 84 51 73 78 32 71 0 17 17 62 49 84 9 70 97 94 97 75 51 3 88 81 70 74 81 44 84 18 70 48 47 92 34 59 61 39 34 37 16 52 83 29 0 7 93 55 51 69 93 18 47 64 78
 27 34 40 53 17 9 18 54 34 4 21 86 82 65 51 41 11 56 97 30 44 32 29 10 28 12 29 4 24 47 45 1 29 21 98 20 68 95 8 14 60 79 87 15 95 67 42 9 3 78 97 11 23 63 0 61 72 51 70 22 95 38 38 50 41 50 87 46 19 36 95 59 44 65 95 95 7 82 10 96 9 43 84 24 5 61 49 76 45 93 83 28 68 82 65 13 57 11 48 71
 80 70 84 34 34 84 23 26 37 31 53 89 40 5 54 83 73 56 25 26 19 41 63 30 40 93 44 53 59 73 48 87 13 73 11 68 76 12 45 99 27 78 74 53 35 70 67 50 25 51 51 42 34 0 74 0 75 46 85 24 67 62 79 78 61 60 33 33 92 29 48 12 16 50 90 34 69 69 32 49 99 77 6 80 81 72 16 93 81 70 96 75 12 66 68 6 27 66 15 36
 71 26 12 75 95 25 98 70 56 43 57 0 18 51 43 31 15 76 21 28 96 38 58 81 35 9 21 99 97 26 64 3 80 67 51 62 30 99 89 38 45 88 8 21 84 50 32 73 6 74 3 29 27 5 36 84 0 73 66 78 94 6 98 25 95 78 20 3 79 69 20 20 89 26 81 74 92 65 10 10 46 91 28 77 25 9 98 24 62 51 5 49 4 52 12 16 30 57 78 69
 95 76 43 90 45 57 90 53 22 36 55 30 62 66 86 39 0 67 35 5 11 40 3 79 35 22 36 69 71 6 96 44 36 56 32 44 76 73 44 90 55 3 68 72 91 13 4 57 61 25 30 9 12 31 18 29 94 0 15 86 72 8 9 2 61 27 3 53 18 59 66 99 72 22 24 77 91 17 12 16 17 82 31 31 29 80 98 79 57 30 19 14 52 75 62 56 80 66 41 15
 73 47 28 92 32 34 93 30 61 17 64 29 34 56 16 40 11 42 20 79 30 68 13 10 69 74 87 0 19 44 69 29 66 74 43 25 38 82 50 67 59 26 15 62 12 94 39 44 82 47 15 37 19 39 43 96 69 25 0 4 41 78 97 37 34 94 45 46 95 21 2 30 35 2 14 29 89 31 70 29 23 70 97 35 5 72 75 74 25 99 74 91 3 85 59 45 17 86 57 21
 18 50 91 5 84 16 35 37 36 43 15 47 58 80 21 10 18 7 45 61 72 82 82 53 75 88 74 93 29 90 24 59 40 87 75 17 25 56 17 62 39 93 17 78 3 30 30 81 71 74 70 54 14 61 1 59 19 82 63 0 53 43 4 9 78 78 39 29 49 92 89 68 97 65 79 95 81 65 83 29 7 32 0 65 13 38 52 7 79 61 3 29 85 54 56 1 28 75 72 65
 88 48 66 28 74 44 73 4 98 1 73 16 78 5 4 20 83 94 46 51 85 57 8 62 49 83 83 64 52 83 62 51 16 46 91 83 14 93 79 65 66 45 16 70 18 62 36 68 34 2 18 32 50 89 2 84 33 96 55 28 0 21 33 62 99 8 14 50 39 82 39 35 19 37 15 76 81 84 90 2 96 17 86 8 37 41 95 64 4 67 82 98 7 39 59 18 56 87 42 82
 20 42 12 50 23 7 21 61 59 47 99 90 82 36 82 34 82 47 38 28 32 11 70 81 25 54 39 77 28 56 35 31 55 5 3 24 89 29 81 83 3 34 14 73 14 78 11 58 21 20 70 78 18 17 15 26 44 94 88 39 26 0 21 23 27 28 33 83 11 0 61 59 6 88 97 1 94 78 72 6 83 10 43 29 70 76 10 0 50 8 8 39 62 65 86 29 58 98 16 62
 92 52 41 77 81 75 44 24 12 58 12 28 96 48 21 98 36 8 99 12 80 12 23 21 3 29 94 76 49 42 20 57 6 16 57 77 21 4 78 38 38 58 51 77 7 34 61 64 27 79 58 26 69 10 64 70 83 13 22 64 38 73 0 97 31 15 98 81 22 80 82 34 4 72 86 1 14 74 4 1 82 47 91 92 90 63 95 12 40 14 38 85 58 50 68 98 74 10 61 71
 58 92 36 42 68 44 6 58 84 29 7 86 49 93 71 76 31 69 76 66 80 12 45 20 50 95 44 60 13 38 63 71 39 15 6 98 20 88 70 74 96 63 81 70 72 77 52 55 30 76 66 57 3 42 30 58 43 63 23 91 83 8 9 0 58 91 41 10 95 40 8 85 6 60 4 8 66 73 33 68 24 17 22 21 92 64 34 41 11 99 15 11 36 56 12 62 23 63 75 79
 1 19 92 41 39 30 61 25 49 88 4 98 14 39 71 14 80 9 75 64 38 22 28 89 36 12 96 37 18 95 18 21 93 65 22 25 37 70 65 1 49 45 35 51 10 62 68 79 37 5 85 39 91 5 36 14 28 22 17 91 55 16 8 9 0 76 1 30 11 37 39 48 89 70 20 78 53 58 94 3 14 0 85 40 94 70 1 47 30 66 14 33 60 8 96 82 3 31 70 29
 54 95 35 76 66 74 68 57 70 60 87 52 19 83 10 81 75 40 33 1 95 26 3 87 62 20 59 0 96 63 44 70 21 64 53 91 54 8 84 76 91 98 80 99 96 53 55 34 82 12 6 31 45 71 42 44 65 74 91 55 99 3 89 4 62 0 24 23 80 43 67 93 29 2 50 73 20 90 30 19 67 2 0 20 89 95 13 84 13 65 83 56 0 82 44 8 82 10 19 3
 39 28 59 80 26 76 67 57 26 24 86 47 26 90 3 75 39 65 85 52 44 40 30 61 18 26 43 49 23 60 30 23 57 42 28 21 58 28 30 58 4 5 16 4 6 44 64 93 88 84 3 0 62 26 63 10 53 45 21 19 54 37 89 11 78 11 0 95 99 29 11 3 98 79 46 54 53 33 63 95 85 33 20 71 28 98 77 46 95 31 88 65 19 55 94 83 16 35 56 6
 79 4 59 73 9 61 69 96 17 19 55 13 22 10 1 84 65 38 57 83 90 15 68 3 91 7 4 19 58 84 5 66 39 60 73 34 70 70 93 29 95 53 33 20 38 36 97 80 66 11 43 75 12 86 68 67 76 47 30 51 18 50 14 11 19 19 62 0 78 65 14 94 43 89 81 54 36 90 60 69 17 17 18 71 40 50 0 89 33 8 49 92 73 3 31 3 91 87 33 10
 91 59 60 73 75 27 8 6 24 70 35 77 68 71 96 61 37 11 50 34 69 64 38 93 64 22 46 78 1 64 5 96 78 23 8 76 7 17 89 62 31 84 89 71 43 91 2 23 31 66 76 56 52 12 87 83 66 39 42 33 43 51 90 7 74 7 66 57 0 55 76 89 24 20 15 45 8 51 69 50 73 76 68 12 86 69 45 19 36 36 45 61 54 29 93 56 26 40 32 86
 42 15 75 51 27 68 77 79 81 99 29 41 49 43 74 25 47 44 72 47 4 71 74 4 91 44 39 61 15 57 72 75 21 4 43 40 10 71 49 50 34 46 86 61 77 63 15 4 85 44 18 62 27 16 54 82 32 77 18 84 38 13 69 74 69 63 89 67 85 0 50 65 40 70 14 70 88 69 78 93 74 22 93 83 25 66 71 64 74 96 36 86 8 78 6 54 22 67 51 16
 89 30 92 43 61 41 41 30 43 39 26 44 63 82 6 45 71 17 9 14 39 2 25 13 65 10 92 86 51 50 63 97 29 84 45 83 76 57 98 85 93 28 94 50 31 34 15 43 88 40 28 4 9 88 49 49 9 44 61 10 2 13 38 6 88 74 92 4 95 76 0 88 30 47 4 49 0 4 36 31 44 49 14 71 59 75 3 91 16 59 88 99 90 25 94 59 44 72 92 93
 51 9 56 21 79 75 65 28 15 71 15 3 51 15 10 76 57 12 60 40 85 43 13 58 23 28 7 67 99 16 75 93 17 95 28 5 12 87 50 27 76 27 97 21 14 43 17 24 43 7 14 35 41 91 4 49 12 69 10 42 63 41 42 97 68 57 96 27 46 21 20 0 60 9 92 12 48 20 50 23 14 27 94 1 59 26 74 71 65 38 18 31 44 61 27 50 29 56 90 96
 96 62 94 79 15 99 28 44 3 68 54 43 64 82 89 28 40 55 77 42 24 66 4 98 46 77 46 93 68 98 79 48 74 65 77 96 56 5 13 90 63 43 40 55 98 99 13 93 65 45 58 25 42 49 42 96 39 63 30 58 39 14 90 3 9 2 91 63 25 25 2 27 0 79 70 43 8 90 89 56 59 33 10 35 15 77 23 77 47 50 55 45 17 89 56 90 96 42 77 71
 50 82 4 97 31 3 96 46 39 97 95 81 91 1 22 33 92 84 46 49 90 16 42 83 37 96 3 70 65 54 33 5 87 38 39 76 93 88 13 78 50 6 63 12 68 41 10 69 87 95 49 43 92 74 89 43 48 55 36 24 90 20 5 3 71 10 13 59 16 85 17 79 9 0 38 95 82 97 60 86 87 50 40 85 65 14 96 28 98 43 86 30 93 46 49 83 92 70 59 35
 10 17 62 14 40 48 33 13 61 36 17 71 32 24 62 21 53 42 53 69 10 20 11 88 98 39 68 9 36 33 30 43 93 11 48 21 95 67 20 68 84 5 35 87 23 90 88 8 37 65 1 76 77 14 87 38 81 19 74 54 19 20 61 3 48 22 95 41 51 82 51 32 33 60 0 39 16 80 38 92 46 51 70 69 60 16 9 47 3 41 78 87 46 42 57 7 37 11 62 46
 89 98 57 96 64 28 89 63 62 11 21 92 23 24 76 8 74 51 20 18 32 40 35 95 86 92 46 29 7 17 46 82 66 65 58 99 51 23 43 97 33 33 71 26 89 50 26 89 97 36 21 81 79 43 13 85 48 55 6 40 53 93 9 61 40 80 24 43 55 21 42 92 74 54 40 0 84 52 70 68 17 39 17 91 59 11 34 98 55 35 8 22 4 67 97 81 13 41 32 86
 73 0 23 97 39 17 78 14 22 55 55 28 24 6 94 41 72 51 95 20 54 36 33 33 41 57 84 54 0 90 68 52 13 54 59 80 61 12 89 9 19 84 99 85 96 14 3 71 79 51 8 71 30 4 87 45 77 92 88 90 43 4 88 12 23 22 46 22 29 14 73 57 46 48 17 72 0 91 33 29 3 13 65 35 62 81 37 34 48 50 60 47 86 88 95 22 40 46 51 97
 71 24 16 84 79 90 62 10 25 87 66 13 9 83 69 64 89 43 89 92 92 40 75 5 81 44 93 16 77 0 0 5 40 46 9 26 26 76 54 87 45 85 26 64 3 66 91 4 22 53 98 23 97 7 49 3 75 51 53 4 57 51 22 1 93 27 95 62 5 92 60 83 10 81 35 48 47 0 51 26 30 38 53 78 45 21 44 85 29 58 25 36 88 2 45 38 87 82 14 92
 15 9 85 77 90 40 30 37 41 6 88 98 55 43 65 94 3 71 28 75 54 54 61 79 60 92 71 67 89 79 44 99 91 95 15 75 25 97 94 54 47 65 9 23 1 96 44 74 41 14 12 19 97 57 44 53 17 79 39 62 72 36 59 37 27 25 12 72 83 55 98 85 9 48 39 60 22 29 0 97 42 72 45 11 20 55 78 56 9 71 97 56 94 3 32 78 72 48 29 12
 89 86 85 32 19 43 93 26 97 93 22 24 21 17 86 51 52 44 90 41 17 23 82 9 56 56 25 55 39 87 69 6 42 96 97 57 46 40 2 94 90 14 48 77 75 45 49 9 31 44 18 10 65 90 68 76 83 6 84 66 59 19 89 46 18 77 69 24 3 32 16 42 63 38 42 14 84 91 83 0 50 59 95 77 64 23 44 83 54 72 61 5 35 49 89 16 41 33 75 45
 51 7 4 70 67 96 53 71 38 78 64 33 56 80 73 46 69 93 76 93 92 36 40 86 14 61 97 87 32 71 51 4 27 41 48 21 87 36 20 38 71 11 5 19 71 57 48 43 15 95 14 36 54 94 50 13 3 20 11 36 18 68 97 74 53 17 80 13 10 38 11 44 7 42 14 81 45 31 7 98 0 22 92 55 38 19 91 69 22 65 15 65 19 86 46 4 11 7 81 88
 68 91 16 36 34 65 99 69 91 7 28 8 23 74 42 94 2 32 21 15 62 16 0 74 76 2 17 87 4 89 45 20 41 7 33 80 72 74 8 43 26 77 31 82 4 71 52 15 40 59 2 9 53 48 98 95 57 91 34 73 57 35 7 38 11 81 93 65 72 25 8 15 85 81 3 39 98 97 13 76 26 0 63 60 65 30 70 2 25 49 33 69 96 55 40 34 84 23 4 49
 0 1 22 99 7 1 10 15 83 29 56 36 87 37 1 69 49 10 33 26 39 37 19 58 96 80 59 91 98 55 71 66 71 73 37 30 71 34 13 20 87 16 59 35 36 80 14 12 79 88 71 3 40 5 7 80 47 25 14 43 79 34 43 77 21 43 15 46 45 37 48 41 2 1 33 96 34 83 91 86 30 4 0 7 25 54 25 55 68 31 6 16 92 52 47 25 50 88 58 43
 13 5 10 86 63 25 77 21 70 71 12 38 84 86 9 55 36 9 68 5 88 62 95 10 90 47 59 84 12 41 18 89 81 95 64 45 29 12 13 88 68 38 47 53 59 80 95 88 5 51 23 97 22 56 34 95 46 58 63 81 78 35 44 55 27 26 29 50 97 82 93 5 50 70 85 27 63 50 31 68 59 12 44 0 75 69 95 66 57 2 40 28 66 88 74 71 53 74 41 44
 32 87 27 6 97 59 6 45 40 41 6 32 90 4 81 12 35 57 91 91 88 90 44 78 22 35 29 19 84 15 38 92 21 17 17 22 81 82 1 6 90 6 45 14 5 88 46 60 20 78 33 24 27 24 22 36 56 57 44 60 10 61 99 68 57 98 91 76 82 20 85 40 61 56 8 10 66 8 87 66 96 84 78 7 0 90 1 41 31 44 89 89 92 52 55 53 30 13 68 91
 36 19 86 13 69 75 55 58 53 97 77 31 95 14 36 22 16 8 20 8 19 10 38 83 31 67 36 99 68 23 33 31 2 20 77 24 97 31 57 97 12 94 18 49 13 31 31 48 55 84 10 19 18 42 39 46 53 4 58 61 70 84 61 57 79 43 73 50 63 45 47 83 77 95 43 28 34 89 37 8 29 54 13 42 82 0 19 58 43 99 18 62 70 90 28 48 52 82 56 25
 61 36 8 99 68 81 70 49 34 24 1 7 31 76 16 19 67 19 67 40 46 78 0 49 83 97 30 36 30 94 58 76 3 15 46 65 35 88 46 18 57 50 34 43 85 37 84 79 7 61 99 73 35 47 84 14 18 97 22 95 91 31 68 69 50 12 72 43 1 49 77 60 95 90 84 78 99 57 31 65 17 82 71 55 60 72 0 85 29 63 18 79 20 5 79 94 84 59 7 93
 4 4 52 52 95 96 15 29 64 39 78 9 60 10 37 70 7 91 5 85 9 44 25 51 60 28 73 34 49 51 40 46 92 17 64 49 2 86 51 43 58 62 4 27 99 6 65 92 17 72 21 75 3 20 35 75 42 12 21 61 61 75 13 96 96 26 68 50 55 47 27 9 76 62 44 30 53 60 89 6 99 93 31 35 33 22 11 0 42 23 58 13 47 99 41 18 28 48 28 22
 82 91 49 10 84 19 32 67 70 73 74 27 45 5 66 4 46 40 33 94 9 32 19 38 59 92 75 60 25 58 88 32 97 77 94 61 95 80 32 36 93 89 35 84 3 26 33 80 20 36 36 97 65 4 40 28 81 81 99 41 76 74 66 60 78 12 52 29 92 61 54 68 62 0 34 20 96 68 67 9 6 36 73 82 98 17 62 84 0 62 22 39 87 76 0 58 81 46 29 94
 0 35 81 22 72 32 94 78 97 9 55 52 81 48 88 25 94 48 97 60 88 82 40 76 47 40 1 17 23 69 72 3 73 59 70 46 81 34 16 20 15 81 46 48 62 29 83 81 29 32 51 33 89 63 75 26 52 15 94 78 32 85 30 50 99 3 47 79 36 2 88 37 31 56 80 99 11 1 39 75 84 29 82 93 53 17 40 47 81 0 30 24 70 58 4 55 8 73 83 21
 2 15 43 33 26 80 89 9 49 86 67 20 79 74 45 81 39 71 67 31 46 87 27 67 68 74 28 68 7 36 6 77 3 5 83 26 41 18 65 40 63 67 80 95 36 27 67 28 28 99 31 1 37 38 87 15 66 42 27 33 42 51 56 18 11 68 87 33 57 94 16 51 65 84 88 37 82 12 70 58 55 98 20 31 49 52 80 89 46 69 0 24 57 88 16 24 27 58 94 47
 35 85 54 49 37 51 37 82 26 80 55 48 29 2 38 24 56 68 40 7 73 23 93 30 23 51 46 48 54 95 50 88 81 11 37 36 31 69 67 82 13 87 95 6 76 37 75 72 2 35 91 7 17 99 69 17 12 20 97 40 42 41 76 12 54 63 84 50 74 62 88 44 58 30 72 78 31 58 40 99 69 16 62 61 28 20 52 3 80 30 57 0 84 86 39 89 79 98 67 76
 3 60 57 14 23 58 33 13 21 54 18 82 55 1 38 1 70 83 28 23 34 19 14 12 69 4 13 99 92 61 21 60 97 21 23 34 38 77 48 59 77 87 55 94 86 80 69 16 86 84 75 1 68 53 57 29 21 99 90 28 64 4 89 90 21 58 69 18 28 56 43 67 69 6 90 37 75 0 57 32 13 87 2 66 75 55 46 50 90 19 58 54 0 40 2 78 21 81 40 0
 82 85 97 10 90 51 20 32 46 13 61 58 87 5 94 21 10 25 88 39 80 82 64 59 35 39 40 15 96 38 70 44 40 77 91 17 99 43 18 46 10 42 0 33 6 32 54 17 39 85 63 23 19 72 55 69 86 99 78 86 75 71 12 91 58 75 50 84 17 22 56 28 99 63 1 42 11 88 10 88 19 31 51 76 64 89 81 37 56 10 91 65 80 0 65 73 90 27 92 87
 53 13 71 7 10 20 32 61 27 31 25 50 42 78 59 40 36 80 64 19 88 36 70 9 82 29 4 66 86 60 49 0 96 6 29 44 96 47 27 80 54 25 57 90 35 29 73 83 43 98 50 83 77 2 52 99 46 76 49 74 92 14 13 90 55 1 65 13 62 30 8 76 55 81 76 45 86 86 54 75 98 44 36 23 61 90 68 19 73 84 33 19 80 93 0 37 69 40 83 76
 13 36 57 8 32 28 89 88 93 19 89 43 79 22 68 85 30 67 69 89 33 71 27 88 32 20 84 61 93 57 44 62 39 55 11 51 93 22 37 43 77 55 94 51 90 23 47 37 81 31 67 30 12 56 53 81 90 79 62 97 19 86 21 19 97 89 5 79 63 86 90 43 50 71 21 52 54 30 29 61 95 99 69 73 72 86 57 2 76 59 0 0 79 26 47 0 68 2 34 38
 61 31 92 49 30 36 9 36 59 38 89 37 33 82 69 41 31 24 40 42 25 91 34 91 89 59 98 69 11 4 18 12 46 65 0 11 14 40 35 42 67 53 48 82 29 86 1 4 80 27 3 29 86 59 0 48 39 62 75 28 79 19 79 67 15 71 72 84 11 63 63 22 98 46 59 6 5 38 64 52 59 63 60 45 64 14 16 88 58 21 61 97 41 65 38 75 0 75 91 63
 43 13 13 83 50 1 19 20 22 92 94 53 99 36 21 84 67 92 47 83 23 68 21 66 37 29 11 11 41 7 92 25 33 93 50 95 18 93 77 53 69 26 8 69 17 14 4 26 38 17 71 53 24 6 69 74 89 53 7 48 48 94 63 4 63 42 56 24 99 52 3 81 92 17 54 82 53 36 55 82 84 45 8 19 18 93 64 98 26 21 92 10 59 86 40 39 5 0 56 0
 62 32 67 57 46 92 27 29 0 1 29 15 10 77 86 50 64 3 51 0 1 18 19 23 35 25 56 91 18 62 5 86 45 7 57 13 50 65 54 86 65 92 3 15 76 18 75 35 28 95 32 52 66 12 74 68 9 87 82 35 10 49 79 0 23 24 66 17 54 41 43 70 52 29 94 90 14 52 21 64 38 20 80 55 16 13 16 44 37 19 55 38 58 32 39 26 87 46 0 23
 50 47 29 20 95 6 34 30 96 27 26 73 74 77 43 15 76 37 12 1 25 86 77 66 48 90 41 79 79 48 0 3 88 31 53 84 19 9 54 79 5 54 48 90 77 55 57 64 50 45 5 62 65 77 95 21 62 52 93 62 34 65 71 45 56 54 7 57 35 98 57 96 25 46 4 22 75 24 53 8 68 92 6 49 52 90 76 49 7 49 13 66 32 69 39 30 9 44 15 0
