40

 0 13 59 72 67 95 75 75 36 62 31 39 35 70 41 14 85 71 38 67 32 31 25 88 49 48 38 86 17 84 35 55 98 45 67 50 95 51 33 15
 10 0 54 73 94 78 15 65 26 8 43 19 87 3 46 88 46 55 61 96 38 45 3 55 18 33 53 6 41 35 92 92 68 96 23 48 83 29 6 91
 59 36 0 82 8 12 81 30 61 33 56 6 15 47 61 25 57 16 18 56 21 97 90 36 23 24 25 96 2 55 20 59 23 69 31 69 64 38 56 5
 24 19 88 0 88 92 98 31 26 12 49 89 91 58 5 96 2 3 49 23 87 69 31 89 57 81 45 64 69 20 90 41 20 44 49 8 47 86 20 97
 45 63 27 47 0 34 68 1 78 69 83 86 95 97 18 26 69 30 25 38 64 5 0 77 35 69 74 38 43 71 82 61 71 49 36 57 69 63 42 82
 71 59 17 26 1 0 13 7 93 86 54 76 58 62 86 18 3 51 73 59 94 15 54 67 23 77 54 79 20 60 65 27 32 58 37 76 8 3 88 94
 43 57 4 48 89 62 0 88 42 31 91 86 74 83 32 18 11 91 47 64 20 11 21 40 83 60 80 12 17 38 29 41 19 74 9 7 69 52 1 63
 6 6 67 46 1 15 51 0 42 74 74 54 20 18 2 95 72 30 30 61 13 69 97 19 3 92 42 63 79 97 69 18 82 42 50 34 90 5 4 98
 6 37 3 97 23 22 24 59 0 46 90 36 76 15 65 83 92 67 52 65 91 46 17 60 24 35 14 45 38 62 30 34 61 63 55 13 29 62 80 16
 21 63 94 74 95 7 74 18 41 0 67 60 87 76 36 22 58 41 90 88 3 47 54 74 75 12 43 78 36 49 51 67 20 96 55 51 22 11 78 72
 92 57 39 52 74 2 86 43 33 40 0 44 4 67 13 37 10 65 3 79 77 28 9 32 11 64 64 46 88 10 8 21 31 5 50 79 22 93 51 45
 96 33 84 17 60 36 26 8 64 88 53 0 9 97 72 75 58 73 35 75 53 65 2 6 51 52 88 31 78 44 9 9 7 20 30 86 86 0 31 90
 93 63 24 38 4 61 32 94 25 25 64 18 0 35 58 16 1 42 61 53 4 68 25 85 85 17 76 29 65 97 35 97 86 57 87 81 81 14 81 63
 90 5 8 13 77 69 39 12 27 51 87 51 30 0 99 27 19 86 67 76 24 54 55 36 65 19 97 78 86 8 75 96 15 46 51 13 86 20 22 12
 35 90 1 14 67 20 62 16 52 4 85 27 9 80 0 70 63 94 41 12 4 59 91 53 64 88 26 53 53 80 16 99 74 60 18 74 1 21 11 56
 56 85 22 80 79 86 4 96 3 60 52 0 34 63 39 0 61 58 4 14 73 58 29 6 9 53 10 46 26 44 30 42 16 73 39 23 24 32 48 80
 74 84 98 25 4 93 98 92 57 44 17 80 84 44 74 36 0 33 39 92 55 82 26 55 25 1 41 16 29 27 38 59 34 22 47 26 8 27 38 25
 67 48 46 31 76 35 75 75 22 34 20 60 66 75 70 14 2 0 34 59 41 78 82 81 75 47 74 94 80 3 65 63 13 73 55 68 73 73 26 10
 30 46 86 27 38 31 24 61 93 79 39 84 3 53 88 81 61 83 0 33 50 84 71 75 19 18 82 46 92 13 34 31 85 34 2 60 47 85 62 19
 29 10 39 67 10 20 47 34 0 26 18 25 37 82 12 37 2 66 92 0 84 32 26 75 37 42 36 20 97 61 75 46 23 3 6 58 90 78 38 99
 47 68 75 73 46 38 35 63 86 65 80 32 53 25 53 39 9 11 97 29 0 31 43 50 75 33 42 73 40 79 80 27 27 33 95 48 62 31 96 86
 29 11 89 27 4 87 57 68 22 14 50 95 22 37 3 62 11 83 3 87 42 0 49 46 89 1 23 84 71 77 48 80 56 22 70 79 28 34 75 60
 98 79 52 83 39 51 28 25 75 48 49 86 95 34 9 96 21 41 84 35 20 89 0 63 2 13 6 69 18 55 64 84 32 8 82 7 88 87 66 7
 74 8 55 41 30 8 19 31 91 35 85 80 62 19 9 11 65 68 28 88 83 97 16 0 18 45 45 47 59 79 68 0 15 17 60 44 98 30 86 5
 34 27 80 78 89 52 57 95 9 22 97 50 65 30 53 94 94 20 4 61 51 21 72 72 0 18 4 94 21 48 8 92 62 23 34 16 58 19 31 18
 1 32 98 60 7 74 2 52 44 15 16 71 75 95 63 93 18 55 6 49 35 73 33 86 11 0 95 66 27 17 23 56 33 59 0 7 67 54 72 13
 83 49 77 39 27 13 53 10 41 42 91 77 83 89 19 64 19 23 44 89 20 75 39 44 85 22 0 70 43 66 79 69 77 25 62 73 32 50 37 76
 94 94 30 78 31 81 11 74 50 99 5 43 91 10 94 23 38 19 33 57 26 41 58 35 68 64 52 0 77 21 81 7 56 15 98 24 50 17 47 26
 16 94 55 3 73 68 32 5 63 34 37 33 21 82 14 27 62 20 5 59 34 60 2 19 69 57 94 5 0 20 9 90 98 73 41 45 22 39 87 59
 44 31 9 91 81 99 26 89 5 44 18 18 98 26 74 68 88 33 79 21 15 81 81 83 36 89 10 9 3 0 19 85 97 69 26 65 5 55 61 95
 44 50 53 71 36 98 70 20 12 7 62 62 37 10 49 89 13 36 24 64 75 1 12 96 15 94 32 24 98 23 0 87 71 18 30 24 71 39 84 32
 9 15 4 1 66 4 39 26 69 86 16 88 38 38 76 41 74 90 85 7 94 7 9 11 35 31 86 57 6 96 29 0 67 14 28 51 54 45 35 47
 43 74 63 94 33 49 16 57 93 90 94 56 0 96 84 73 62 63 90 87 11 45 28 80 54 77 58 3 22 9 89 8 0 10 55 44 58 20 54 77
 61 29 83 26 91 90 45 5 4 28 40 86 47 92 60 10 32 77 74 36 74 39 63 83 26 57 40 45 45 77 49 72 33 0 30 14 32 24 1 76
 96 37 75 50 61 98 20 99 96 65 94 50 17 97 23 71 61 38 89 95 58 38 88 77 53 99 81 96 53 20 4 4 48 31 0 81 41 33 25 66
 48 15 11 0 65 8 94 34 43 97 17 54 52 51 3 90 36 87 72 98 19 18 78 2 48 87 93 29 28 93 94 29 10 55 25 0 17 88 72 51
 49 68 42 93 36 0 61 85 6 71 74 34 66 86 47 7 29 5 39 43 40 78 64 3 83 66 69 47 95 66 16 22 71 99 76 93 0 26 75 62
 61 99 15 71 68 40 68 40 1 80 46 77 80 31 74 50 3 10 94 38 53 41 49 16 20 38 98 31 45 21 39 20 78 20 6 99 92 0 91 64
 97 18 58 1 79 83 82 82 56 6 66 54 58 77 79 92 30 59 64 20 64 63 46 72 77 77 61 84 17 22 99 34 98 93 87 28 67 75 0 12
 87 8 2 60 79 40 6 98 76 92 69 28 8 78 25 84 69 76 85 62 85 85 61 53 21 10 15 28 35 59 54 20 64 16 68 25 44 96 10 0
