100

 0 61 51 73 18 82 25 22 54 6 67 55 37 60 67 36 99 92 5 43 33 52 23 8 99 99 64 42 99 35 39 29 92 46 95 17 24 87 47 56 22 8 60 3 83 46 0 80 13 51 48 93 25 8 69 11 89 45 8 88 11 28 94 87 67 35 13 77 40 94 92 14 86 43 98 48 55 98 73 82 61 75 34 28 89 46 64 94 31 84 53 45 60 92 70 54 62 72 16 15
 31 0 44 29 78 6 45 82 44 43 65 60 2 42 20 20 52 65 53 37 36 61 64 25 44 1 88 56 2 29 60 80 86 14 97 25 54 11 54 69 0 41 19 73 46 21 11 34 22 72 44 49 36 69 67 27 18 7 58 69 72 91 65 68 34 77 26 65 1 49 78 8 18 53 95 28 51 81 89 74 32 13 5 20 8 71 47 78 19 45 74 96 13 78 55 97 13 59 98 32
 48 74 0 59 43 12 18 97 92 78 68 8 45 88 28 21 11 52 99 7 92 58 39 97 38 45 76 87 93 77 61 69 74 66 45 71 70 23 86 83 75 5 24 18 82 12 51 56 98 93 23 37 6 81 99 71 54 99 10 82 27 12 87 79 29 80 83 59 71 9 37 30 87 99 81 37 45 82 24 77 77 3 31 58 48 77 75 24 59 60 41 51 19 50 53 70 88 18 91 58
 28 30 99 0 97 21 83 25 35 99 28 19 81 89 1 51 61 85 27 48 40 94 91 63 45 78 63 13 85 56 67 89 81 11 96 16 16 2 59 63 69 62 11 42 24 28 91 37 62 31 1 56 34 58 69 80 72 83 55 38 82 43 22 41 0 7 39 2 7 66 27 52 9 0 42 45 38 87 75 85 26 85 48 74 16 60 78 86 48 45 49 22 53 9 7 84 38 44 54 85
 28 6 78 66 0 27 65 43 92 50 99 90 43 0 28 38 10 3 66 9 75 99 37 97 52 2 83 70 74 60 98 70 15 96 61 60 50 3 41 99 11 80 36 14 40 26 99 27 6 80 49 98 93 52 40 78 46 84 76 62 27 11 32 1 3 78 10 66 18 35 42 16 49 4 79 85 56 29 18 33 87 20 81 77 43 59 61 79 49 35 96 87 55 88 76 93 16 57 96 40
 90 7 51 13 65 0 16 2 91 15 50 27 95 71 54 17 57 5 9 54 2 20 47 51 25 18 12 63 34 78 92 48 22 23 4 51 11 62 42 14 71 0 53 39 51 54 77 95 43 64 84 28 72 91 36 41 53 83 85 83 37 72 96 98 45 6 38 64 37 84 43 99 68 10 41 91 22 72 88 49 29 31 8 93 26 98 51 67 42 20 1 21 27 5 45 46 61 50 19 13
 49 0 6 48 43 85 0 3 85 23 52 53 45 6 53 24 39 76 93 74 62 0 18 86 83 17 68 19 16 27 74 32 53 22 10 47 27 7 48 92 87 71 58 39 23 57 28 43 63 88 91 2 90 25 60 68 64 96 89 62 3 41 51 87 87 12 50 16 51 2 57 16 17 6 64 13 57 93 7 15 7 41 89 21 57 85 79 69 97 70 43 28 18 58 34 83 91 15 61 90
 53 70 91 10 27 65 91 0 81 59 62 12 33 20 23 57 10 50 16 61 79 9 34 76 37 84 43 3 52 75 7 32 68 15 58 54 16 71 42 61 97 34 47 8 37 81 31 20 75 22 22 44 51 44 18 3 74 9 4 11 96 8 27 51 66 95 35 80 66 45 59 98 48 88 81 89 59 89 65 21 76 17 95 82 78 11 11 86 76 69 19 54 25 48 49 73 4 89 40 98
 98 78 74 75 78 62 88 78 0 40 27 45 66 37 86 34 46 48 95 76 59 93 56 12 58 23 13 91 85 37 82 48 76 89 46 80 33 39 21 71 99 43 51 11 75 28 92 71 57 61 30 83 94 87 64 43 59 54 27 11 20 10 68 82 45 51 87 82 20 46 94 89 4 74 62 34 2 90 26 8 91 39 63 84 63 60 73 60 32 69 0 21 46 17 95 66 46 92 22 19
 61 87 66 59 7 14 72 6 57 0 74 50 99 72 3 43 48 21 35 96 16 32 54 43 45 13 9 1 38 78 90 79 90 55 21 85 55 15 27 82 14 96 76 15 75 39 17 49 80 74 17 24 78 43 13 9 53 4 44 99 38 93 9 96 15 8 34 64 42 2 8 74 16 97 11 8 64 88 7 88 22 69 93 63 19 8 76 40 53 67 96 27 69 18 0 81 32 0 58 0
 26 92 41 87 53 3 14 82 94 98 0 32 40 95 40 17 50 68 29 25 13 64 86 32 63 72 97 89 9 7 20 70 38 0 73 67 29 32 11 92 76 65 16 69 64 24 98 42 89 34 1 90 11 28 66 77 59 84 15 43 51 10 9 59 99 89 93 87 69 10 49 59 84 88 45 45 49 95 15 62 6 79 80 14 83 92 35 33 61 72 5 92 29 45 73 73 34 76 69 9
 26 15 30 81 80 82 88 2 25 48 41 0 72 26 38 37 12 97 68 18 55 33 72 59 68 23 71 33 58 46 88 34 95 89 84 86 85 97 52 59 58 60 4 69 13 3 89 25 87 50 92 37 63 13 72 89 23 36 66 40 68 32 37 86 65 90 74 15 73 35 73 15 57 95 9 26 74 45 40 89 72 33 59 14 31 68 34 3 42 76 56 18 69 7 41 67 34 52 40 4
 73 6 35 16 38 26 0 61 47 29 93 74 0 17 93 26 5 83 17 40 10 0 73 4 9 15 64 55 77 24 53 79 0 19 42 32 77 53 26 74 87 71 73 83 67 16 9 72 44 16 40 96 63 22 35 88 38 65 82 93 29 64 71 91 21 80 77 45 45 61 86 60 50 26 77 78 31 67 55 60 39 81 26 86 77 63 25 70 15 68 96 13 45 41 17 97 29 5 70 34
 20 11 98 18 83 39 52 2 93 28 54 33 63 0 23 79 48 2 36 63 43 72 81 29 16 97 17 57 68 21 52 35 86 1 41 62 62 72 1 80 79 74 29 21 70 80 55 45 13 86 56 1 26 86 92 25 57 83 18 62 59 33 18 87 87 79 11 59 10 67 64 11 57 69 32 67 81 32 22 35 13 66 70 51 60 2 90 94 99 22 23 83 21 88 66 15 53 24 35 53
 70 91 10 79 86 51 30 81 91 18 2 32 50 56 0 60 47 73 32 24 80 96 98 10 8 5 90 57 54 24 47 71 90 94 42 55 59 90 13 80 39 82 12 51 30 21 50 28 15 83 93 40 18 69 34 80 91 27 43 79 46 23 85 1 97 21 13 41 82 41 46 39 59 51 25 84 39 8 85 95 11 70 53 41 55 30 67 64 3 8 13 9 29 37 4 82 84 76 94 71
 51 30 19 44 31 54 91 46 49 44 80 83 74 18 71 0 97 21 33 76 14 3 1 96 82 98 10 30 11 43 84 86 32 98 45 39 74 99 52 88 5 44 65 29 12 50 45 81 32 91 83 66 22 30 66 66 52 36 49 30 84 49 97 14 99 58 80 35 84 83 35 69 23 18 26 32 69 3 47 69 79 73 42 23 90 7 17 39 1 57 23 35 65 35 68 83 1 19 84 76
 79 51 12 55 66 30 55 88 60 39 17 11 1 27 45 44 0 25 42 8 60 8 47 88 19 96 93 43 47 83 98 35 98 60 25 96 29 80 93 52 75 55 64 90 70 35 13 2 80 20 98 95 45 17 19 63 11 46 13 45 91 83 85 87 16 52 78 21 23 94 32 13 28 56 42 97 91 7 30 26 70 63 32 78 8 38 8 29 4 71 32 41 62 24 70 61 36 71 36 13
 74 5 26 58 83 45 42 26 2 90 39 67 99 27 62 2 26 0 24 62 21 62 61 87 14 54 51 79 50 2 9 90 85 51 29 22 38 14 28 26 87 75 3 4 93 61 85 38 81 26 8 0 47 78 78 30 87 6 9 15 69 6 60 84 17 0 1 53 4 11 34 62 15 9 44 9 33 73 57 79 96 42 33 88 98 26 42 60 67 49 93 98 23 15 32 6 14 18 67 1
 71 74 48 65 44 31 19 87 37 94 95 48 78 76 47 60 22 74 0 94 14 40 10 87 75 99 58 40 79 48 68 37 54 45 0 31 7 58 55 43 90 14 91 50 38 91 59 3 99 89 54 18 46 14 74 45 18 20 50 95 47 39 79 94 91 7 85 6 96 0 24 60 9 52 58 87 13 41 88 68 45 11 1 42 54 73 2 25 50 17 71 77 73 31 67 44 65 17 68 88
 4 93 6 73 94 12 79 72 56 60 54 21 90 38 43 85 21 61 15 0 63 81 76 40 54 0 97 97 97 74 28 1 25 60 66 53 72 60 30 23 84 45 34 76 79 25 15 31 40 40 94 78 99 19 92 88 47 37 23 46 72 80 33 39 70 52 2 98 31 77 35 62 75 76 60 21 81 96 97 87 36 73 93 94 40 36 95 63 77 41 98 38 57 96 34 76 33 74 61 69
 71 1 47 34 70 19 43 76 96 30 72 92 74 62 14 6 87 31 24 87 0 26 15 10 33 40 75 76 9 50 27 89 87 12 90 60 93 15 30 15 60 74 38 98 86 31 71 24 39 5 0 26 33 93 22 96 9 99 71 28 0 92 73 23 21 47 39 83 27 5 2 84 77 7 99 41 89 11 95 24 76 72 49 46 67 2 10 91 80 73 39 98 49 57 28 71 97 91 75 4
 73 18 88 28 31 11 65 54 51 22 31 76 9 64 21 41 8 89 76 77 81 0 16 19 45 52 29 73 37 53 0 14 39 55 73 96 63 5 44 11 82 68 53 58 82 16 95 49 11 34 65 90 52 19 42 49 9 96 1 84 84 98 46 45 36 83 69 38 12 96 61 90 97 43 74 52 26 47 1 76 38 82 77 34 7 96 71 23 14 43 42 51 87 55 31 72 92 16 1 72
 12 4 75 57 66 99 48 85 51 92 25 22 46 57 24 28 63 41 7 12 5 77 0 82 86 79 50 35 61 51 82 95 14 94 62 43 99 86 10 25 31 90 28 74 0 56 39 8 17 37 35 6 60 28 73 60 75 98 81 21 74 3 52 82 45 20 82 91 98 24 28 35 62 46 93 50 70 98 8 14 23 20 92 90 14 47 93 55 79 71 85 12 58 33 42 62 31 9 78 23
 57 79 48 40 71 85 6 49 96 84 24 78 29 78 11 38 93 11 44 52 95 65 78 0 66 40 52 83 77 31 51 22 62 79 15 25 28 69 92 64 16 47 37 28 2 39 47 51 99 63 39 69 77 2 21 45 20 72 92 5 71 48 57 28 47 26 81 65 76 76 38 34 43 88 77 42 45 97 91 71 22 94 96 87 56 30 31 77 88 21 72 75 21 95 16 91 46 22 3 22
 90 55 47 84 60 9 53 57 48 34 68 23 46 12 6 59 39 71 39 16 17 62 51 7 0 14 54 34 89 53 41 97 22 23 59 62 50 69 24 47 51 69 40 74 5 25 28 15 56 61 87 3 3 45 30 38 68 25 89 56 48 75 63 1 92 77 8 59 94 8 42 32 88 63 76 31 61 14 78 50 33 71 54 52 61 92 19 57 54 33 3 17 33 35 8 27 86 61 64 88
 37 84 37 16 72 59 93 62 55 49 72 79 46 79 7 36 80 90 37 7 99 5 42 31 35 0 38 81 54 53 17 44 82 88 47 23 32 14 84 17 51 91 62 81 59 97 44 9 81 94 31 71 63 10 32 58 38 61 6 31 78 67 94 35 9 64 75 2 91 50 59 16 1 49 63 75 65 41 27 97 34 69 49 91 44 69 55 33 33 61 50 27 99 66 91 47 4 70 81 8
 63 42 5 85 98 67 92 39 94 21 82 81 40 6 91 27 54 54 11 58 13 90 75 64 96 47 0 36 79 97 87 95 56 79 47 19 4 2 52 16 3 58 46 20 79 44 30 3 48 83 19 46 70 21 85 44 89 63 35 25 22 48 61 92 68 78 35 77 45 5 92 74 35 4 47 22 71 75 72 99 51 26 95 94 80 64 34 18 67 82 0 78 45 76 46 6 33 1 17 15
 19 37 26 22 46 9 40 46 36 42 12 92 9 59 18 53 4 22 15 49 54 35 92 4 15 89 26 0 86 33 43 93 43 89 95 39 68 28 47 20 82 8 72 9 1 80 15 11 92 42 95 47 55 94 34 6 20 39 51 49 25 3 10 16 87 18 75 17 11 77 1 44 68 65 25 76 79 97 50 86 33 60 65 11 23 8 64 48 85 18 2 63 70 36 76 89 30 98 17 24
 63 19 69 67 76 46 18 82 30 74 26 22 16 77 22 66 8 31 27 83 77 82 18 49 82 80 56 89 0 16 49 94 65 22 59 6 2 19 89 90 76 6 35 78 29 53 86 28 24 45 67 52 36 68 66 79 66 7 26 84 28 55 17 40 35 21 35 9 47 57 77 17 58 48 71 32 56 17 60 20 26 40 83 39 47 50 14 18 74 62 89 91 87 62 11 54 37 98 16 52
 39 92 45 80 83 61 78 10 12 10 51 13 15 67 72 43 11 96 16 24 36 66 1 21 76 94 60 22 96 0 19 43 12 22 79 1 78 94 1 89 38 31 85 78 79 83 66 33 81 28 15 95 91 26 93 40 24 95 8 62 6 34 62 56 93 83 21 78 17 84 31 0 33 7 45 66 95 76 57 47 92 26 24 76 31 57 76 50 6 11 0 77 95 9 41 89 79 31 67 18
 58 14 1 4 9 36 67 15 17 57 86 4 60 26 56 46 48 22 85 42 27 30 77 66 23 41 14 94 78 18 0 40 27 56 74 97 19 31 94 36 35 37 40 94 69 7 13 17 20 46 92 12 56 63 28 82 93 5 15 60 35 2 18 97 97 22 21 82 91 47 85 53 84 51 69 93 63 88 15 74 64 61 27 80 94 51 16 56 80 4 97 15 59 59 88 57 99 10 13 52
 15 38 90 42 77 90 22 79 49 97 76 19 13 47 9 10 96 54 76 33 97 69 47 44 90 23 95 73 86 67 15 0 70 56 73 38 50 25 58 42 87 92 23 38 5 45 96 29 21 85 24 89 29 82 72 56 7 83 92 40 94 93 3 48 95 92 23 61 15 39 5 8 28 92 72 42 17 82 67 23 93 91 11 58 17 20 59 73 79 70 85 24 51 5 11 21 98 93 6 34
 4 71 8 84 58 9 71 9 44 35 59 50 53 59 47 14 94 94 13 92 91 16 26 30 77 24 42 71 93 50 12 74 0 81 59 23 77 43 23 87 7 9 83 79 44 75 50 43 89 88 57 53 15 46 42 70 24 81 39 9 48 4 16 90 69 78 72 35 92 13 59 53 58 47 27 49 46 40 36 81 30 21 63 22 56 92 39 42 87 44 83 55 65 7 3 16 47 68 25 5
 24 46 33 63 85 19 47 83 94 60 27 56 7 80 34 72 32 50 36 41 89 14 94 12 23 65 45 16 84 85 70 90 52 0 82 16 35 54 26 96 24 52 9 34 57 74 35 24 88 23 14 58 36 8 20 62 16 51 60 4 50 86 72 46 72 95 41 95 66 61 86 58 14 34 82 63 93 89 17 74 51 46 10 98 91 47 95 88 49 45 57 21 40 58 28 35 72 24 27 49
 30 48 18 65 10 32 68 60 63 27 85 23 63 47 20 12 41 17 82 23 34 93 35 20 92 86 84 89 97 74 67 26 67 54 0 46 62 78 15 95 60 81 19 41 76 63 17 60 88 56 98 31 68 60 2 75 56 7 6 51 73 62 93 79 32 77 9 14 40 30 39 8 48 18 13 75 11 71 96 0 43 57 41 17 98 51 15 81 82 48 71 63 75 92 99 36 66 30 83 43
 49 34 22 9 75 78 71 53 63 31 41 75 64 61 27 85 73 50 43 89 16 98 93 85 15 89 75 53 5 27 79 77 25 67 23 0 42 99 81 46 97 69 23 97 22 53 85 66 86 57 67 91 35 91 77 27 74 39 36 94 91 48 81 15 28 95 50 85 59 19 66 93 72 70 21 97 33 38 1 52 44 95 85 30 9 51 75 13 53 95 18 91 5 25 9 9 26 64 33 16
 99 53 85 56 14 59 85 46 38 8 43 76 80 12 93 19 0 53 74 94 32 42 22 79 32 72 83 84 82 12 69 0 98 76 7 98 0 25 60 51 17 63 73 3 4 46 35 14 67 91 91 16 12 36 71 5 1 55 16 12 93 18 59 38 18 46 92 20 4 87 41 3 98 95 94 71 35 5 77 60 77 45 73 68 55 61 6 38 41 19 96 26 31 52 70 50 61 29 90 22
 75 44 79 4 48 38 31 67 9 97 47 97 59 2 4 91 15 13 87 63 85 25 5 76 33 55 88 76 9 16 0 28 77 55 17 15 95 0 7 18 87 23 84 12 4 62 9 49 62 8 5 44 76 68 85 57 25 69 93 59 48 59 41 48 94 10 13 89 2 86 31 97 95 27 43 77 50 95 39 11 30 25 20 54 23 69 75 16 5 38 29 5 60 11 91 18 98 62 19 60
 41 58 79 14 0 98 51 22 23 29 97 99 72 2 0 93 91 37 54 34 77 23 60 33 42 90 62 42 75 92 68 88 42 78 36 64 97 55 0 77 26 15 42 78 61 60 31 98 54 45 1 80 60 17 85 19 9 2 19 63 17 63 47 9 37 12 96 81 42 7 89 14 50 77 84 60 55 88 45 35 13 30 18 33 67 51 27 22 21 70 50 36 8 98 2 55 40 76 78 8
 89 81 93 94 49 1 63 28 93 25 11 85 28 73 84 66 76 4 55 28 88 94 3 15 39 98 54 5 89 16 62 23 96 1 79 31 54 68 57 0 18 54 87 20 51 87 61 21 22 35 86 68 77 37 81 75 68 61 75 38 13 58 69 54 2 63 67 8 18 21 23 24 81 56 60 39 22 76 65 86 12 78 25 34 30 38 95 43 26 93 81 30 89 36 15 82 92 33 31 22
 7 86 41 66 66 49 16 17 7 62 78 85 11 19 34 76 53 73 34 27 67 69 67 59 74 75 53 80 97 25 8 43 76 11 93 12 18 1 89 59 0 97 54 0 79 31 19 18 94 65 27 24 55 16 5 22 62 40 32 28 89 52 65 79 49 62 89 95 88 24 40 51 28 54 97 37 50 39 99 69 33 41 26 60 94 41 36 20 9 65 96 19 99 9 55 5 45 51 66 84
 33 27 86 63 81 43 92 89 34 47 3 17 74 92 78 22 84 86 51 30 61 8 20 42 85 91 10 38 57 12 86 19 50 4 49 73 82 57 92 69 26 0 84 87 75 84 91 41 14 75 28 57 24 53 20 21 55 58 6 95 94 89 7 66 76 94 81 2 10 49 34 60 24 98 47 1 33 28 35 15 40 75 91 21 67 17 53 71 64 79 16 39 38 31 52 51 72 49 34 17
 20 27 51 12 19 84 33 28 34 42 76 66 61 68 23 67 14 17 80 78 57 11 40 34 76 98 25 45 48 52 88 41 76 32 45 34 81 28 72 72 19 68 0 38 42 92 99 61 84 44 96 87 56 55 73 69 67 71 50 61 6 40 80 97 43 37 96 80 26 58 54 57 37 0 39 33 65 76 21 57 30 5 97 5 44 1 18 75 16 31 1 46 44 77 45 21 97 54 46 19
 90 70 10 13 59 96 91 4 31 7 80 14 19 60 70 10 64 15 42 42 33 72 64 88 47 85 79 15 88 43 22 45 80 31 16 34 19 5 8 21 50 83 43 0 39 45 63 34 43 57 84 3 56 62 58 38 22 60 2 98 73 89 44 32 66 92 72 1 59 27 27 98 81 99 23 67 86 95 42 47 97 11 19 3 92 58 11 74 58 44 59 25 57 61 72 52 42 52 69 54
 1 0 48 15 72 25 53 31 78 70 85 56 67 59 43 83 45 93 71 26 34 72 79 59 87 66 72 27 47 62 55 82 44 71 43 60 44 35 66 72 9 23 25 44 0 1 37 41 77 0 27 9 79 42 97 8 23 34 27 0 95 45 1 93 20 38 84 87 39 76 30 91 12 26 46 94 36 3 42 81 20 26 98 12 91 43 46 47 15 44 86 28 72 9 4 33 65 79 26 9
 4 7 47 49 59 44 27 73 95 93 95 95 8 79 75 70 10 47 7 97 87 25 50 57 48 93 53 47 30 44 91 79 58 21 37 85 58 53 10 77 71 37 68 32 60 0 84 14 86 22 85 66 29 80 5 52 29 28 63 22 93 49 7 73 45 69 71 77 96 58 73 2 3 52 28 52 39 7 2 79 89 92 18 38 82 64 18 39 96 5 7 22 71 32 39 51 76 12 97 95
 33 95 12 8 75 4 45 67 82 67 75 65 27 4 51 13 8 24 25 85 26 26 80 15 47 15 54 91 36 66 22 95 64 89 67 29 1 33 28 16 39 42 31 69 24 29 0 22 71 14 75 75 2 36 56 31 23 2 77 16 30 39 17 52 98 71 0 63 53 68 29 14 60 77 63 13 28 40 62 40 22 0 85 24 7 40 92 78 45 31 60 75 62 23 16 37 31 54 74 57
 8 76 38 53 93 65 65 62 72 63 80 59 51 18 82 99 94 8 69 76 52 22 8 78 90 96 2 1 33 85 17 74 40 1 48 73 72 90 48 56 98 27 36 11 38 87 6 0 15 77 55 60 65 32 17 28 81 80 66 62 69 8 53 32 88 11 46 10 75 31 76 42 51 22 47 75 91 53 22 25 36 46 0 1 5 34 43 58 83 93 5 26 17 88 53 5 62 26 30 55
 7 57 67 60 35 82 51 5 12 58 74 44 29 16 80 49 95 25 98 49 36 83 90 76 38 73 65 31 17 68 84 11 32 98 47 13 66 40 10 5 86 29 93 19 95 55 87 33 0 65 89 59 6 71 92 57 78 13 8 50 85 7 18 74 6 53 42 8 66 62 81 76 90 53 70 34 70 2 86 36 91 32 52 35 95 49 60 77 49 2 98 51 93 62 97 97 35 31 43 3
 13 95 21 4 17 11 6 81 67 47 24 72 81 55 89 48 83 67 76 68 60 64 0 32 82 66 42 72 53 26 32 15 31 12 77 57 88 51 22 56 32 98 66 75 3 51 1 38 43 0 84 50 73 32 99 34 22 16 67 65 57 52 42 37 78 16 81 31 73 72 59 69 39 89 13 17 24 0 67 58 33 96 83 63 50 49 9 10 21 37 17 86 60 66 46 28 47 96 52 57
 68 90 57 51 78 82 95 46 2 76 25 19 7 57 34 14 52 1 10 29 29 99 63 59 94 12 40 24 63 88 80 75 46 97 33 99 6 51 22 56 76 95 53 94 48 0 94 38 76 66 0 37 81 49 22 40 75 50 74 34 77 88 86 96 50 69 41 57 51 52 47 46 33 17 11 1 70 44 49 82 43 21 41 39 16 15 21 58 65 81 66 26 24 20 64 78 85 0 20 92
 4 93 51 62 94 72 54 36 19 93 98 79 48 27 90 73 84 48 31 10 63 95 66 13 74 78 57 20 30 17 71 61 63 65 70 47 91 37 70 15 40 18 75 77 3 19 60 70 69 16 76 0 45 24 57 40 77 66 10 14 10 36 41 69 53 80 30 47 46 72 56 30 81 71 91 40 48 13 3 90 72 1 63 17 62 84 95 65 21 59 33 15 8 68 55 91 75 7 28 86
 49 58 19 72 24 17 50 96 48 3 69 2 55 41 90 30 29 39 27 79 29 76 77 73 82 89 50 37 18 4 84 45 60 11 16 14 72 11 47 6 27 10 72 93 67 79 81 90 26 46 37 8 0 40 40 57 77 1 27 87 77 74 16 47 65 30 84 64 74 81 29 52 14 85 73 76 52 92 84 3 52 74 12 49 74 9 67 87 23 31 25 60 44 96 25 92 43 92 47 40
 10 19 64 75 29 84 69 20 32 27 30 94 65 9 67 29 77 61 69 99 93 39 1 91 7 3 14 85 90 20 94 20 7 51 63 16 64 31 4 45 0 19 63 92 57 42 63 84 70 56 17 64 14 0 75 94 90 40 5 79 75 87 5 38 40 18 26 44 73 80 51 32 99 21 64 39 35 97 27 85 95 70 57 51 74 62 66 50 4 91 42 30 48 80 36 59 55 11 21 48
 34 74 81 9 44 87 91 84 51 76 36 14 82 12 15 89 47 85 81 4 95 22 29 23 39 90 54 32 65 3 2 61 70 52 59 31 54 86 21 9 75 10 15 12 92 57 80 89 58 74 67 61 79 63 0 2 83 96 29 59 30 31 45 91 3 81 92 19 49 53 89 79 42 31 95 73 55 88 92 72 3 6 93 89 43 76 15 1 5 1 76 87 26 85 26 99 29 28 91 47
 53 33 66 70 95 53 92 51 86 38 21 69 10 7 16 16 56 32 34 45 37 88 36 76 36 19 75 2 92 59 44 91 75 34 0 56 18 61 79 45 36 49 3 72 62 69 79 26 88 28 96 29 28 98 86 0 22 78 1 89 97 29 55 44 56 53 35 38 98 21 64 96 39 73 51 47 98 15 36 73 11 8 90 94 54 73 0 20 47 39 81 15 65 58 78 41 83 7 20 73
 82 10 91 77 48 16 89 37 18 56 77 51 31 52 26 83 79 58 15 12 52 5 7 60 48 56 58 36 0 12 52 55 78 68 7 62 38 91 57 18 7 49 72 55 32 8 2 30 57 57 82 54 46 72 5 51 0 28 52 98 76 21 4 11 59 1 39 43 75 21 95 37 51 0 77 18 79 83 33 42 11 78 91 64 15 15 63 17 8 71 60 19 3 22 65 55 53 91 99 19
 86 57 15 98 44 33 55 7 29 32 27 13 43 25 82 57 17 71 58 31 35 52 15 90 60 44 59 57 50 68 54 84 84 63 47 52 63 0 0 63 24 88 22 4 64 85 40 27 97 88 22 35 74 87 23 67 45 0 11 84 15 42 49 12 11 25 14 14 88 62 10 38 30 14 9 34 63 35 38 26 18 39 40 35 98 22 72 30 4 81 2 51 62 8 91 65 55 84 73 69
 46 19 6 19 10 17 32 65 78 30 63 36 60 62 87 99 96 63 35 5 95 54 75 60 32 49 78 19 2 0 99 90 32 63 74 8 54 39 23 52 96 27 28 90 26 74 9 49 35 0 42 43 76 22 31 17 42 79 0 7 17 29 64 97 62 50 92 95 55 38 47 49 34 82 45 56 15 46 49 52 79 96 46 77 52 73 79 23 19 21 46 14 0 59 9 4 72 11 87 72
 22 10 26 77 3 37 49 55 73 44 88 66 51 5 95 22 79 33 78 83 56 32 83 85 50 65 15 32 95 63 26 33 34 43 9 26 55 12 92 79 26 77 25 99 52 54 53 97 64 34 10 59 8 16 23 93 76 78 3 0 24 34 65 71 82 86 9 28 5 69 28 77 6 78 96 17 62 60 77 99 63 85 56 77 37 46 83 85 76 5 58 49 77 96 34 27 77 44 74 72
 50 55 1 62 37 40 33 11 63 0 43 10 18 18 19 88 99 10 13 57 75 6 35 16 50 88 64 13 81 73 69 1 31 98 96 69 11 39 75 22 1 22 61 72 5 88 1 21 2 29 79 93 3 16 25 58 70 70 7 16 0 78 84 11 6 29 39 51 96 25 30 57 94 74 43 96 54 84 5 67 40 64 94 13 35 62 66 12 6 32 98 79 9 27 31 22 26 87 77 9
 0 1 28 17 11 83 98 87 54 49 45 92 84 39 57 24 19 34 9 22 66 22 94 87 60 91 77 14 75 52 66 56 17 44 8 94 55 63 6 18 61 6 13 69 16 64 88 64 30 18 10 30 2 44 91 66 12 61 92 47 39 0 39 71 59 17 81 77 57 54 51 19 16 87 31 15 10 68 86 14 58 88 76 22 3 48 60 23 59 64 23 80 99 8 85 38 39 48 49 91
 40 40 94 81 50 44 61 64 93 84 45 44 37 51 38 64 90 42 69 78 78 70 9 89 4 83 10 46 67 40 69 18 96 30 97 52 53 98 89 33 52 50 51 17 60 56 23 43 34 26 33 6 48 54 27 93 14 42 81 81 86 84 0 24 72 46 82 70 65 3 78 85 3 2 89 29 32 87 76 14 40 58 55 49 6 7 1 2 37 82 3 68 5 36 85 11 77 76 34 37
 21 57 60 87 57 61 16 78 16 71 17 78 11 11 81 23 34 28 56 64 97 43 88 80 56 49 56 60 74 90 70 2 57 16 40 7 47 25 0 88 71 2 38 17 63 3 87 49 88 81 31 2 22 19 67 9 2 78 80 66 65 40 40 0 2 15 50 20 50 17 29 71 15 78 33 59 39 9 35 42 15 17 93 38 43 44 62 69 14 1 52 71 50 15 76 86 28 66 34 20
 83 91 8 56 19 47 20 97 19 20 45 14 93 8 57 19 8 15 12 71 8 60 12 78 98 61 66 44 65 30 91 81 88 66 46 86 55 7 25 85 82 5 83 34 41 54 48 67 22 40 0 97 24 24 52 33 40 21 79 36 77 37 90 90 0 24 68 34 22 7 27 43 9 9 47 72 78 48 37 8 67 96 40 36 40 26 46 30 93 31 36 59 39 49 85 89 35 10 83 42
 41 27 42 24 54 90 31 63 54 94 82 48 35 33 88 68 70 5 87 11 62 96 74 74 7 49 27 22 50 20 4 37 59 64 30 27 58 9 71 86 57 81 1 95 15 46 93 58 20 84 42 62 21 1 81 91 61 48 23 49 75 11 77 77 71 0 30 22 81 35 92 88 20 96 80 32 94 16 93 37 85 71 80 57 8 75 14 37 35 56 81 18 73 21 52 62 62 35 45 82
 36 54 49 71 4 77 72 4 1 23 27 3 6 59 33 75 32 77 58 43 61 70 71 54 44 0 93 5 53 56 98 85 35 32 76 65 20 93 68 3 68 64 81 0 11 97 58 49 13 5 88 32 43 1 97 56 66 81 46 88 75 47 64 52 3 26 0 88 11 25 89 7 49 88 81 0 13 20 44 19 6 93 51 14 5 86 9 67 3 1 98 35 0 84 26 37 80 56 64 96
 40 24 30 48 21 5 53 61 54 57 52 52 26 22 31 42 56 28 29 57 41 56 14 28 67 88 36 19 24 2 77 48 28 62 53 27 4 79 12 67 81 8 40 62 39 8 39 89 5 11 67 94 93 6 44 60 38 36 20 2 30 97 17 37 66 11 66 0 55 53 56 36 75 18 2 35 21 7 34 37 95 42 80 42 47 27 22 91 38 45 43 45 89 81 12 40 81 88 7 28
 53 32 37 93 32 95 32 54 81 26 22 59 65 65 99 77 28 55 88 22 69 15 34 38 13 51 21 63 54 99 26 94 33 37 65 69 93 76 71 84 15 84 66 61 99 19 91 78 22 4 9 7 48 65 45 71 56 6 81 46 80 67 27 43 27 97 70 38 0 83 30 16 31 52 22 83 54 62 62 69 7 89 58 18 60 63 10 57 68 52 65 83 35 72 72 69 99 26 86 26
 52 79 26 99 50 58 0 61 41 85 35 65 1 53 21 33 85 71 85 27 95 52 28 92 93 7 86 57 76 45 37 70 43 74 11 0 1 99 14 31 69 28 13 84 29 6 36 80 77 26 42 95 88 50 17 57 86 17 55 78 98 8 36 76 89 16 91 85 56 0 23 47 47 23 99 85 29 2 41 82 24 53 60 96 81 27 20 3 17 12 85 51 31 2 43 26 97 71 51 50
 19 24 85 69 17 30 66 9 35 41 79 36 31 15 53 39 77 67 41 53 92 7 47 39 60 38 99 37 33 95 22 95 35 49 47 79 86 33 53 79 40 11 84 40 5 37 39 59 16 31 30 45 14 76 31 69 40 21 70 7 33 95 97 54 12 74 79 3 99 6 0 40 98 83 23 27 95 7 14 27 42 28 73 49 25 85 57 26 93 49 89 11 74 60 42 51 68 2 79 7
 99 32 4 25 24 63 91 47 71 19 73 22 10 37 16 72 21 53 24 86 41 25 9 36 34 58 92 51 61 29 96 45 69 59 27 32 97 89 4 26 44 73 98 33 1 88 27 55 24 88 93 41 10 78 81 76 18 41 91 8 50 75 39 62 73 24 8 59 13 81 62 0 25 32 61 86 35 92 89 91 63 13 88 82 36 42 24 37 38 79 65 81 26 14 26 11 8 65 96 84
 89 39 6 72 34 84 61 26 68 68 2 7 41 60 63 6 63 24 59 66 17 85 74 77 38 14 95 48 96 7 52 42 47 74 70 99 14 90 58 72 40 72 78 86 92 37 47 77 38 78 81 45 26 0 25 66 52 88 61 53 28 52 18 68 26 94 35 77 75 97 22 13 0 63 33 37 48 91 59 20 18 0 31 16 24 97 95 1 21 21 86 53 7 37 31 68 75 56 80 78
 32 92 81 13 7 87 84 89 50 48 29 52 27 41 84 49 85 61 60 36 40 73 57 34 21 50 4 44 80 84 95 51 78 55 5 7 56 74 71 11 9 73 36 55 43 55 8 78 40 4 14 40 86 30 98 97 24 82 74 75 31 37 54 0 56 68 53 14 85 14 71 66 45 0 86 97 29 27 99 8 79 30 27 61 55 24 59 62 69 76 8 81 50 60 94 85 39 47 92 29
 98 96 77 27 99 46 85 3 31 5 30 39 60 58 50 81 11 3 22 67 57 84 62 67 42 78 54 42 61 90 60 21 79 46 77 53 94 56 42 49 55 86 37 75 39 80 73 85 95 34 37 50 42 10 61 27 85 38 72 3 81 16 20 39 20 42 11 7 13 15 23 49 20 63 0 58 5 55 68 3 65 60 5 82 93 35 53 75 9 9 51 42 68 59 87 10 61 49 48 59
 71 33 0 21 21 72 89 22 5 34 96 11 66 96 73 35 15 29 4 25 97 89 57 36 5 43 63 98 45 27 47 66 14 21 14 69 20 5 23 27 92 64 30 41 76 7 5 33 40 19 58 24 15 71 20 7 42 82 64 90 44 37 6 28 81 28 77 5 54 9 68 17 93 53 35 0 4 74 99 32 12 82 40 96 95 42 99 48 43 91 36 4 34 36 19 85 39 19 14 78
 67 91 76 32 41 98 33 42 28 57 20 82 25 0 66 27 79 27 72 87 75 18 46 77 53 13 97 42 81 93 65 32 84 84 81 93 15 86 59 70 51 43 15 24 17 30 75 0 99 41 35 11 69 12 23 33 70 73 41 31 59 66 98 40 4 20 41 5 8 82 36 44 7 45 38 0 0 0 1 68 5 35 42 53 35 18 22 94 33 31 22 84 61 11 6 78 9 98 40 33
 16 13 33 67 75 13 96 50 24 50 95 8 9 80 36 18 2 22 50 78 27 54 26 81 64 64 98 17 34 30 22 36 38 72 27 29 87 13 35 51 93 30 59 39 7 24 1 24 32 33 22 5 25 93 56 68 82 23 51 80 31 50 36 51 90 8 1 79 41 10 11 63 82 22 54 46 39 0 3 55 46 66 63 52 69 35 58 63 76 9 70 57 87 99 25 54 38 42 82 4
 62 37 4 29 53 81 69 89 87 29 34 7 3 87 40 8 84 67 30 7 57 77 69 78 99 68 5 84 9 63 52 45 12 63 93 30 37 32 57 53 55 58 44 85 95 14 40 27 33 34 47 13 25 89 51 23 19 66 85 92 52 33 99 43 81 5 66 19 53 16 99 84 96 9 96 41 81 16 0 64 46 57 34 68 8 11 72 96 97 49 16 38 81 63 85 19 89 95 23 89
 63 66 20 70 89 83 95 16 98 87 73 84 39 78 2 81 89 26 25 42 47 59 45 77 90 64 21 65 0 68 81 16 20 41 27 97 11 39 97 73 30 25 74 33 56 4 59 57 45 20 17 18 53 13 60 90 57 73 18 92 36 52 70 82 64 83 40 76 98 67 68 77 2 12 88 4 56 11 15 0 64 92 89 63 42 9 88 22 67 11 42 46 81 23 94 14 28 58 88 23
 31 49 67 80 85 46 66 88 68 60 26 45 30 64 84 93 1 38 57 45 45 10 13 75 67 46 18 61 94 79 10 74 9 91 60 24 63 7 49 27 43 63 37 56 81 39 14 57 73 14 3 35 65 32 81 99 73 13 54 46 50 67 1 92 85 26 17 42 64 55 10 16 17 32 90 1 57 87 55 70 0 59 44 68 99 83 70 76 61 32 49 84 94 87 31 1 60 19 59 51
 62 93 30 10 87 97 14 1 46 43 60 8 11 98 0 39 19 63 98 81 7 95 2 5 4 58 28 97 21 52 36 45 95 67 80 66 94 5 92 95 50 42 33 69 28 47 26 56 39 4 56 15 23 56 35 48 23 19 59 1 5 79 19 91 74 85 82 28 30 43 30 15 95 72 88 14 23 83 9 60 90 0 37 23 49 0 47 68 78 60 92 94 43 69 19 32 79 2 28 88
 53 82 82 61 15 31 12 81 65 60 68 24 57 15 20 27 90 42 43 17 34 14 37 56 22 0 29 97 68 35 35 38 63 84 24 17 50 21 65 6 76 12 8 58 14 44 32 82 54 60 87 73 89 47 78 42 99 64 27 27 43 74 46 13 66 63 13 82 54 78 31 62 5 36 93 92 41 47 70 8 27 90 0 37 75 74 74 46 22 46 88 63 45 0 52 2 6 50 0 28
 20 15 65 84 20 99 8 37 35 82 89 70 20 10 36 2 14 30 63 4 73 52 43 32 64 14 92 70 29 29 49 35 15 2 26 24 44 86 73 98 94 41 60 68 25 36 4 74 45 17 64 13 16 37 53 70 68 37 98 23 38 84 82 17 32 26 67 44 39 54 14 13 74 64 55 96 25 77 69 26 72 18 98 0 18 9 90 94 22 78 44 37 70 84 16 39 8 5 96 51
 76 26 3 49 39 45 43 98 44 86 89 70 33 30 33 86 93 28 0 30 77 10 18 95 0 41 62 41 89 94 85 61 22 84 4 65 84 48 61 7 29 50 95 81 11 23 67 8 72 76 47 53 43 60 10 61 77 23 26 36 70 89 25 77 81 49 87 16 72 87 49 20 50 92 98 19 68 49 41 13 69 78 93 11 0 4 29 31 88 74 41 8 29 63 19 9 33 45 41 44
 16 85 88 74 86 90 85 65 73 56 19 9 42 49 65 34 65 61 19 94 29 97 77 58 81 0 61 15 49 56 52 66 26 77 1 33 15 70 93 7 20 41 18 94 0 1 6 51 45 91 73 52 89 35 21 85 59 42 64 24 52 16 39 76 83 51 88 98 13 83 74 52 27 19 54 21 38 38 0 20 56 60 66 78 0 0 11 90 71 48 71 64 83 2 30 13 19 45 26 58
 20 99 6 24 9 11 8 53 28 65 79 76 45 1 36 63 88 41 68 0 58 37 82 66 70 40 66 19 76 11 93 39 10 4 79 54 57 9 46 5 12 63 97 88 85 64 54 41 41 51 62 21 9 6 82 29 59 68 36 82 81 56 0 78 47 38 20 99 18 94 27 76 67 18 42 13 56 24 49 75 7 9 48 63 30 8 0 88 87 65 9 67 88 76 29 82 12 28 85 96
 66 27 45 47 83 46 65 56 92 66 22 66 38 97 88 49 87 16 46 0 12 27 0 50 5 4 6 29 62 36 31 29 22 43 98 75 36 99 59 38 43 12 61 82 92 75 9 84 27 34 86 94 22 16 58 32 98 84 87 24 58 98 47 6 80 81 88 52 14 74 60 10 93 78 15 43 11 2 55 88 50 74 63 94 21 79 1 0 7 6 86 3 80 53 91 85 68 65 56 65
 29 22 55 5 32 62 76 28 27 98 1 75 53 23 25 58 33 27 10 91 9 50 43 2 63 62 72 82 9 28 46 31 47 34 10 3 54 42 0 17 79 72 89 10 82 60 81 13 0 14 42 87 95 66 99 28 31 78 1 72 25 82 70 96 97 46 44 46 90 51 5 61 2 99 84 74 8 61 44 65 42 70 33 5 60 6 28 0 0 60 75 3 72 77 82 86 63 34 54 61
 32 56 44 35 90 48 43 57 75 33 62 95 63 18 89 43 34 32 10 36 14 25 91 99 2 85 63 26 90 69 77 80 26 39 50 21 33 56 24 96 73 34 98 73 16 22 41 44 63 4 13 39 14 8 64 17 90 80 59 11 70 30 78 78 50 88 59 48 80 21 19 77 68 46 77 46 70 87 82 55 12 4 70 64 14 74 13 60 75 0 20 36 10 96 76 78 59 80 24 2
 54 86 88 3 72 87 25 6 68 49 98 74 49 39 0 10 41 73 63 69 64 75 27 9 77 70 50 14 47 89 56 52 68 51 6 65 67 92 39 50 25 48 48 97 70 72 49 79 57 78 17 64 54 3 69 76 5 32 21 58 99 13 60 33 29 51 13 70 38 68 33 69 59 22 26 26 46 43 74 67 76 87 44 25 34 78 28 35 45 38 0 56 77 26 56 87 82 61 93 86
 91 3 57 25 1 7 20 97 32 82 71 15 92 30 38 40 40 48 46 7 92 73 26 80 86 32 55 77 82 64 75 91 52 53 22 89 61 7 53 49 80 44 89 24 27 84 52 18 50 51 66 3 52 3 30 80 45 71 58 89 46 2 85 21 46 52 75 0 55 74 34 68 46 60 32 0 35 16 44 20 64 6 56 92 68 85 24 43 47 38 5 0 60 85 41 19 30 65 56 95
 10 70 13 91 89 79 78 43 49 64 44 65 54 20 21 75 2 33 55 69 74 98 46 42 70 52 7 35 60 72 50 88 10 8 11 68 5 31 50 16 16 32 58 55 21 3 65 15 32 92 87 63 11 83 80 59 62 27 14 54 93 61 25 20 78 66 9 25 6 8 10 11 38 79 20 9 20 74 93 81 9 72 97 42 10 69 85 81 71 81 11 4 0 83 29 28 83 58 46 3
 39 17 22 96 97 43 38 67 29 80 44 94 39 75 82 28 39 57 76 96 10 82 30 45 72 97 21 2 35 57 80 65 22 58 66 90 99 31 99 9 27 54 73 10 9 92 42 16 18 48 29 81 92 50 63 68 96 66 98 14 28 55 54 37 19 34 52 33 89 89 31 16 88 57 95 14 71 44 9 82 90 77 52 86 44 34 85 98 25 32 80 44 60 0 17 82 17 32 66 16
 28 17 39 86 3 63 44 67 52 49 77 94 5 24 38 43 77 14 13 69 57 94 6 4 45 33 81 52 70 41 4 65 88 61 20 58 48 41 85 44 95 83 93 25 70 91 91 31 72 45 61 5 43 73 28 79 37 84 56 1 88 59 12 0 93 52 15 87 24 13 28 88 65 36 36 27 77 46 29 64 66 0 30 27 93 18 2 23 10 7 7 15 55 24 0 21 70 87 94 82
 89 35 88 55 18 38 60 16 96 28 55 82 61 28 43 52 60 9 54 7 55 71 48 26 80 4 23 7 90 56 10 94 95 61 52 46 84 64 97 35 50 6 49 59 56 71 61 15 55 65 18 48 15 55 11 60 65 3 8 56 40 78 23 45 89 94 27 11 62 3 14 51 2 49 48 82 60 25 40 66 23 41 57 98 34 12 60 38 73 83 3 17 23 99 77 0 39 55 35 77
 39 74 89 33 99 35 45 11 8 65 24 91 95 85 13 39 55 18 27 4 1 82 87 23 27 54 37 99 39 94 63 66 28 68 28 65 33 23 15 49 26 31 85 51 40 25 0 60 90 13 24 98 40 48 20 91 7 9 25 23 1 60 83 69 95 55 7 37 88 61 35 0 4 58 23 78 17 8 12 72 46 0 99 49 86 1 0 65 13 55 38 73 69 29 17 12 0 94 69 7
 68 36 1 37 72 25 60 57 49 99 43 32 91 75 35 31 45 27 61 20 65 67 56 61 7 90 53 19 60 37 45 54 68 96 49 77 20 55 64 1 60 95 23 29 78 24 26 91 78 68 74 77 20 11 61 99 57 69 73 32 44 91 24 96 96 58 50 14 86 95 20 43 31 28 75 22 71 18 39 60 61 55 35 72 28 65 18 85 77 44 30 68 7 44 26 91 58 0 56 78
 98 97 7 74 91 0 13 65 11 35 76 51 96 89 60 76 71 39 1 71 19 40 0 82 47 89 90 75 57 78 87 53 10 91 99 55 97 41 32 95 10 51 42 83 10 50 69 51 91 69 37 50 12 0 84 29 43 83 62 20 90 26 46 12 64 36 91 82 35 66 21 73 90 52 52 67 85 56 37 75 33 36 35 71 76 74 63 65 23 13 34 8 39 31 13 90 54 52 0 75
 2 6 86 10 70 34 88 54 60 54 36 0 90 61 60 71 59 62 82 77 53 3 26 1 4 82 40 94 47 27 13 79 55 58 12 37 4 21 3 11 55 29 32 93 79 94 12 1 50 26 60 92 92 20 22 69 25 93 86 85 69 31 33 10 48 57 95 23 21 34 11 38 91 56 32 49 12 55 98 35 87 56 74 66 77 39 49 22 69 45 38 10 44 31 71 11 10 27 50 0
