30

 0 5 8 84 4 44 53 61 31 16 32 22 25 30 2 76 28 81 35 99 17 65 56 62 49 50 27 81 28 57
 95 0 99 27 33 2 23 74 75 45 92 96 80 39 77 2 90 50 40 69 52 69 4 25 81 67 54 3 95 72
 92 1 0 6 84 52 82 74 49 27 74 32 34 8 52 7 47 60 39 66 39 47 67 44 13 75 56 48 31 88
 16 73 94 0 40 23 66 81 96 11 81 22 30 8 8 54 5 94 30 36 23 41 70 41 11 19 17 60 24 6
 96 67 16 60 0 6 59 54 43 36 18 11 21 98 91 8 19 8 24 24 26 96 36 62 4 35 16 58 64 67
 56 98 48 77 94 0 55 68 14 47 71 32 62 26 62 29 47 71 26 41 66 78 56 13 53 72 90 37 86 95
 47 77 18 34 41 45 0 3 27 51 70 72 16 24 51 51 13 75 52 17 85 84 22 51 9 72 93 24 21 71
 39 26 26 19 46 32 97 0 65 20 38 42 25 36 4 89 90 97 67 20 31 47 42 32 86 48 1 72 12 68
 69 25 51 4 57 86 73 35 0 69 6 46 47 47 20 29 96 24 59 2 9 3 57 46 97 75 2 13 96 47
 84 55 73 89 64 53 49 80 31 0 96 13 99 67 40 69 91 75 48 64 33 11 14 3 6 76 44 79 50 56
 68 8 26 19 82 29 30 62 94 4 0 94 49 86 65 12 47 55 36 94 98 49 14 53 88 11 96 83 23 82
 78 4 68 78 89 68 28 58 54 87 6 0 97 54 51 3 23 38 67 24 9 4 56 12 84 32 22 62 9 1
 75 20 66 70 79 38 84 75 53 1 51 3 0 28 79 75 61 7 32 35 31 53 54 18 50 29 27 55 61 19
 70 61 92 92 2 74 76 64 53 33 14 46 72 0 84 68 25 14 84 41 62 76 82 39 49 51 2 50 93 49
 98 23 48 92 9 38 49 96 80 60 35 49 21 16 0 63 9 27 71 25 75 37 6 63 74 47 15 39 57 91
 24 98 93 46 92 71 49 11 71 31 88 97 25 32 37 0 39 79 10 79 96 10 68 19 66 8 13 2 1 62
 72 10 53 95 81 53 87 10 4 9 53 77 39 75 91 61 0 49 53 86 0 38 67 61 45 66 48 94 52 54
 19 50 40 6 92 29 25 3 76 25 45 62 93 86 73 21 51 0 28 31 40 51 84 15 92 28 38 66 46 80
 65 60 61 70 76 74 48 33 41 52 64 33 68 16 29 90 47 72 0 57 4 38 73 10 39 86 43 19 23 28
 1 31 34 64 76 59 83 80 98 36 6 76 65 59 75 21 14 69 43 0 37 82 95 46 29 25 84 73 64 60
 83 48 61 77 74 34 15 69 91 67 2 91 69 38 25 4 100 60 96 63 0 15 30 13 55 18 95 34 60 71
 35 31 53 59 4 22 16 53 97 89 51 96 47 24 63 90 62 49 62 18 85 0 29 57 52 57 70 93 34 54
 44 96 33 30 64 44 78 58 43 86 86 44 46 18 94 32 33 16 27 5 70 71 0 84 12 7 6 56 37 0
 38 75 56 59 38 87 49 68 54 97 47 88 82 61 37 81 39 85 90 54 87 43 16 0 50 13 11 41 18 99
 51 19 87 89 96 47 91 14 3 94 12 16 50 51 26 34 55 8 61 71 45 48 88 50 0 97 59 4 49 10
 50 33 25 81 65 28 28 52 25 24 89 68 71 49 53 92 34 72 14 75 82 43 93 87 3 0 83 44 42 42
 73 46 44 83 84 10 7 99 98 56 4 78 73 98 85 87 52 62 57 16 5 30 94 89 41 17 0 58 76 12
 19 97 52 40 42 63 76 28 87 21 17 38 45 50 61 98 6 34 81 27 66 7 44 59 96 56 42 0 35 42
 72 5 69 76 36 14 79 88 4 50 77 91 39 7 43 99 48 54 77 36 40 66 63 82 51 58 24 65 0 11
 43 28 12 94 33 5 29 32 53 44 18 99 81 51 9 38 46 20 72 40 29 46 100 1 90 58 88 58 89 0
