50

 0 47 47 91 7 41 82 24 77 27 29 31 92 28 10 29 34 70 6 71 7 3 25 87 28 51 3 46 27 96 98 93 40 25 65 5 57 38 14 96 31 51 31 76 19 46 44 39 18 74
 41 0 15 51 36 75 86 36 51 71 1 89 48 71 64 10 69 53 29 84 22 5 51 62 88 18 17 89 87 26 97 28 83 79 82 91 82 1 72 59 33 6 61 46 53 95 99 78 74 57
 51 12 0 51 16 50 93 34 58 31 65 80 39 74 66 64 57 29 98 20 29 80 93 12 5 65 8 6 24 42 48 51 34 81 29 28 56 67 22 78 68 51 23 26 24 64 75 9 0 79
 60 8 54 0 84 16 91 27 56 60 38 25 69 81 22 76 53 53 95 71 51 35 29 63 48 15 29 64 45 70 52 14 50 38 58 79 84 75 26 96 92 82 57 35 37 75 2 75 29 70
 82 67 96 18 0 45 87 91 73 91 46 58 83 98 70 62 54 69 90 54 50 2 93 92 15 30 93 67 80 13 95 65 31 21 50 44 49 6 67 69 30 66 75 94 2 8 67 20 64 74
 48 18 83 37 90 0 71 18 94 73 71 78 80 11 24 10 7 30 9 36 86 32 72 36 45 88 40 67 15 12 68 37 17 75 10 4 6 70 30 50 20 44 83 16 37 7 4 31 21 31
 26 52 26 20 23 25 0 95 17 28 60 51 78 64 40 40 46 70 17 73 48 61 58 78 96 2 83 14 27 83 49 9 72 32 60 89 56 91 22 63 22 94 23 96 46 20 95 41 62 44
 82 66 10 35 88 20 79 0 57 63 75 41 77 18 86 80 97 23 87 29 20 33 84 14 99 59 24 81 18 57 48 27 32 0 58 88 49 52 88 13 5 46 69 76 48 3 7 41 17 12
 66 53 55 9 70 95 68 65 0 7 47 97 32 31 15 93 24 20 21 2 75 65 63 70 37 71 77 85 88 20 28 71 39 4 79 52 10 53 8 1 65 20 3 84 47 35 40 91 89 92
 54 57 46 65 88 79 60 87 29 0 1 84 56 35 55 20 12 31 76 75 33 50 36 50 59 58 79 32 11 4 47 90 4 50 17 54 80 88 56 51 9 35 88 3 2 18 37 48 28 74
 36 71 24 22 65 54 15 11 14 89 0 85 48 39 66 51 20 76 57 81 28 9 79 67 97 83 12 54 43 86 63 22 1 36 42 10 4 5 39 84 10 64 92 68 18 55 11 45 45 13
 37 51 95 97 88 66 96 20 5 76 58 0 67 28 38 82 28 43 59 17 29 68 82 60 20 97 29 35 70 39 80 68 42 35 77 41 7 71 33 82 32 26 10 37 91 75 16 21 5 18
 29 90 14 56 72 67 44 74 38 9 95 32 0 93 32 68 95 74 4 72 95 66 8 12 55 15 33 40 38 20 93 92 13 41 12 75 60 33 23 65 65 51 44 93 4 75 81 27 3 70
 3 69 18 41 99 1 57 81 82 8 8 17 41 0 1 4 52 66 58 4 70 49 77 77 86 36 25 16 74 40 42 52 36 43 12 14 25 59 69 56 24 83 54 43 17 43 25 52 24 28
 66 24 1 45 20 96 10 39 44 63 90 65 93 53 0 86 80 95 15 13 45 58 21 64 11 96 28 47 48 66 80 17 28 91 86 78 90 35 22 64 4 4 97 96 66 94 38 4 75 90
 34 9 54 77 50 45 22 3 19 50 98 82 62 59 7 0 59 92 59 19 27 87 47 2 93 15 73 21 32 95 47 36 95 35 38 81 34 4 25 59 80 72 55 33 62 24 97 16 28 96
 16 66 88 55 92 61 96 17 95 26 31 1 44 49 85 62 0 84 37 43 72 45 7 54 4 40 9 42 57 27 22 49 69 1 49 78 69 9 16 78 17 5 84 99 92 98 83 53 82 79
 34 9 52 68 30 34 81 52 31 67 23 88 60 4 43 51 20 0 24 65 58 32 42 6 50 10 27 38 36 5 98 67 80 83 92 76 15 12 45 44 84 15 64 23 46 94 91 36 6 39
 3 1 38 61 4 28 97 49 49 64 69 39 23 99 80 85 29 33 0 42 38 50 19 67 7 56 55 41 23 30 1 91 15 76 31 78 60 46 84 77 2 77 29 79 2 82 18 90 24 19
 31 27 81 27 74 63 73 45 30 67 49 30 39 92 97 92 47 48 99 0 49 25 26 26 80 45 79 84 14 56 93 80 28 10 55 12 35 20 94 74 30 75 16 59 45 80 93 10 83 27
 36 30 48 11 76 99 68 43 59 81 69 7 13 34 94 97 88 60 15 32 0 75 60 89 45 82 5 15 85 12 56 43 95 85 1 91 54 68 50 18 70 56 73 39 43 52 44 20 94 21
 32 98 42 86 53 51 66 7 97 99 35 30 3 87 36 65 41 84 83 80 25 0 92 42 71 66 21 79 24 40 9 28 1 60 65 82 51 79 65 16 89 79 68 79 55 90 39 72 47 51
 12 52 57 83 87 55 18 22 2 6 80 89 48 6 55 36 4 75 71 8 13 43 0 55 9 62 51 29 84 77 57 66 62 42 20 96 45 36 65 70 85 59 73 38 33 7 77 51 88 69
 75 62 76 4 21 53 41 57 70 67 48 89 41 47 53 81 56 32 0 36 0 43 45 0 52 46 41 92 82 13 44 57 74 91 8 6 88 26 65 81 34 97 53 39 59 97 14 10 94 75
 89 58 30 77 16 90 44 59 59 74 98 90 76 25 87 51 0 1 56 32 8 87 40 81 0 17 76 39 67 91 89 4 34 91 46 81 18 92 5 47 91 42 89 16 62 58 86 79 5 71
 23 76 19 50 1 0 46 48 30 21 30 82 43 26 70 97 51 52 67 15 93 46 16 14 52 0 12 91 67 94 13 77 13 47 88 19 96 74 60 3 7 31 17 46 97 9 16 84 22 91
 75 5 37 11 57 51 78 12 12 69 33 84 40 98 30 32 12 79 32 61 29 72 45 43 20 60 0 45 53 98 58 52 70 3 12 85 25 35 77 32 11 28 8 91 93 3 46 79 46 24
 5 74 89 71 10 25 93 78 25 96 18 12 14 87 93 41 73 54 90 4 43 45 76 96 48 94 46 0 73 83 79 82 2 23 49 68 36 22 80 50 68 16 4 27 79 33 17 96 14 27
 26 20 90 73 69 96 66 36 47 48 51 91 78 83 27 15 25 81 77 75 91 6 19 88 23 23 73 55 0 21 20 23 22 95 3 64 48 50 8 78 91 91 92 95 73 14 96 38 3 21
 68 19 93 83 88 85 59 92 48 32 83 38 43 6 85 25 16 69 41 44 65 54 6 80 97 44 32 32 78 0 1 8 99 26 87 98 87 47 44 12 12 60 87 36 27 75 0 35 18 2
 96 34 69 34 95 84 17 25 18 20 68 13 79 53 64 4 17 11 30 88 41 9 93 12 68 59 70 30 70 42 0 66 94 20 44 72 30 24 38 3 82 39 95 13 96 9 37 85 38 35
 68 99 20 62 30 3 11 49 56 26 34 22 5 13 17 71 2 5 15 7 98 40 54 96 3 49 63 35 75 24 33 0 41 77 7 10 53 31 16 95 23 79 4 96 63 28 53 20 28 28
 52 59 60 30 16 35 90 34 52 80 88 21 2 58 34 27 29 80 74 93 77 34 43 18 60 98 82 10 87 40 62 29 0 71 65 24 87 55 98 41 38 42 7 44 33 35 5 2 34 67
 98 79 28 88 36 67 79 19 62 59 90 37 32 63 46 14 52 73 63 86 56 31 3 3 28 44 96 61 3 23 48 83 31 0 52 26 34 19 72 4 15 11 24 20 30 11 12 45 60 8
 89 49 12 36 84 2 21 85 4 23 83 27 23 46 70 32 33 53 81 33 92 10 57 85 56 8 39 39 5 81 23 81 48 62 0 66 4 56 20 75 40 23 94 47 15 7 66 29 33 4
 81 40 28 38 22 69 78 79 88 78 37 6 64 10 31 55 55 83 52 91 79 49 91 26 62 39 78 23 19 72 17 17 7 75 28 0 37 82 36 15 18 40 69 86 29 54 64 23 53 47
 38 12 62 11 61 97 24 41 38 83 92 70 64 14 8 94 7 80 57 71 61 54 41 80 60 9 75 71 76 43 92 66 69 35 76 18 0 86 91 61 63 42 97 0 70 50 24 88 44 1
 91 95 16 98 94 61 32 93 12 95 36 74 79 89 55 81 95 33 77 34 64 71 34 11 68 98 44 25 81 77 46 71 69 55 39 15 39 0 37 39 1 89 1 41 49 13 62 69 36 91
 87 7 66 78 77 50 20 47 93 87 50 15 71 86 10 38 51 45 25 29 84 25 37 97 51 52 91 36 15 28 17 51 95 45 49 58 37 64 0 54 33 9 86 88 34 3 46 4 52 11
 97 57 11 60 11 53 8 31 25 85 12 97 25 82 75 98 36 8 12 14 29 61 93 72 52 79 9 33 22 74 32 47 32 89 47 80 68 88 85 0 11 19 4 17 62 61 78 40 10 28
 15 62 48 62 73 56 85 2 89 93 70 30 72 57 24 5 51 1 89 89 73 54 70 46 60 5 40 32 23 97 97 94 14 31 43 79 90 82 66 27 0 6 50 31 86 28 70 32 43 28
 27 72 18 11 8 17 36 25 43 6 2 45 95 20 68 10 92 29 8 16 35 54 84 79 61 1 35 85 56 10 32 41 34 90 94 85 26 94 32 82 55 0 59 5 3 34 97 76 55 40
 90 90 62 8 64 0 92 94 37 24 25 85 13 9 16 8 45 9 33 33 84 42 98 58 53 9 17 87 6 56 23 36 22 22 43 35 26 77 92 65 37 67 0 40 32 51 41 44 54 51
 25 14 23 56 30 36 69 91 59 35 76 15 41 16 80 15 35 57 59 56 28 35 35 9 57 64 95 26 98 12 98 86 54 55 17 96 46 53 70 38 69 39 1 0 81 74 0 19 46 47
 62 90 66 15 11 18 47 48 83 31 32 10 46 60 95 33 40 68 0 22 26 58 97 0 85 63 58 72 99 4 67 43 50 36 40 53 93 37 98 98 72 76 36 52 0 36 70 68 55 15
 34 1 26 61 92 6 27 23 38 63 82 57 42 20 80 82 47 35 81 92 61 88 15 98 53 47 65 25 45 28 29 44 32 74 83 35 40 73 26 3 62 59 73 66 83 0 57 45 13 21
 80 71 18 13 47 63 13 93 85 87 63 71 87 46 29 8 48 48 63 37 33 67 90 7 92 48 24 17 19 16 76 12 77 57 98 67 22 35 68 36 16 76 10 61 38 91 0 26 22 23
 43 60 32 8 94 65 28 10 10 3 83 44 54 96 97 33 43 42 57 8 52 40 6 6 9 7 52 28 63 95 6 7 21 51 99 59 14 50 30 44 75 79 50 82 70 48 47 0 97 86
 53 41 72 82 96 10 46 55 93 80 52 54 87 52 62 95 53 57 95 73 24 71 97 9 9 58 21 74 40 57 70 4 62 97 76 61 15 71 67 5 14 37 8 76 70 60 59 48 0 61
 44 67 77 36 93 65 39 26 70 58 85 26 96 18 77 24 72 8 68 33 67 57 65 41 93 27 38 35 53 95 87 87 12 57 64 49 56 12 81 1 78 4 1 13 99 96 6 53 3 0
