100

 0 61 55 74 26 16 81 25 44 12 94 35 81 72 39 97 5 99 27 41 67 63 33 40 43 34 1 49 9 42 51 49 43 28 30 41 33 42 94 48 36 41 53 27 41 41 99 28 41 34 23 72 96 91 23 56 44 66 21 87 86 34 1 42 74 33 83 77 89 7 64 92 91 66 8 42 16 79 71 84 68 96 58 85 92 3 66 4 48 32 98 61 68 4 86 30 98 24 78 97
 39 0 25 33 40 97 53 29 65 26 57 85 83 8 26 99 48 37 42 91 93 77 17 42 7 25 17 6 30 51 13 26 55 79 25 41 97 25 13 24 70 28 47 41 78 48 33 75 93 43 9 42 14 20 83 41 54 37 9 98 42 85 19 22 74 56 13 13 8 19 33 90 68 53 92 83 14 89 56 88 90 77 70 56 50 92 24 73 23 94 53 0 19 99 69 10 30 58 80 60
 45 75 0 9 68 10 94 67 15 66 79 95 8 35 66 73 62 96 30 34 10 98 4 2 31 60 19 89 10 42 85 73 72 58 8 60 37 30 43 46 98 86 61 21 51 18 34 90 18 0 57 78 56 21 7 82 47 69 30 34 59 62 86 27 80 65 68 51 16 45 94 94 78 61 14 63 64 46 91 36 88 88 51 85 36 32 18 59 16 64 44 41 61 64 1 1 85 92 20 83
 26 67 91 0 15 47 26 83 58 67 85 45 96 44 11 59 7 10 27 51 32 42 86 87 10 70 17 13 95 81 16 35 54 6 87 35 72 23 84 47 88 1 21 17 80 41 83 41 20 15 10 40 98 32 18 68 97 6 0 87 5 60 46 99 42 2 29 64 91 24 75 24 62 58 23 44 32 46 68 84 55 27 51 53 0 80 54 40 97 74 50 20 16 46 88 25 99 20 54 83
 74 60 32 85 0 58 94 32 92 77 76 15 48 96 55 90 97 52 63 88 56 42 70 35 84 51 27 79 18 60 15 33 17 96 6 54 90 33 4 72 66 98 61 9 84 38 89 9 2 5 18 42 95 2 60 66 50 89 5 19 76 46 91 35 15 32 62 57 99 62 18 34 14 72 0 9 69 36 72 25 71 2 87 51 92 85 65 16 42 39 97 83 17 8 63 93 14 26 8 20
 84 3 90 53 42 0 69 45 40 84 95 51 59 89 80 16 43 61 6 31 74 60 74 78 82 98 5 11 15 95 64 70 8 95 53 21 58 22 2 57 8 76 60 36 51 13 61 46 76 28 23 63 72 34 17 82 31 58 39 66 36 18 27 46 0 41 17 81 94 77 2 26 33 4 72 73 83 43 90 88 85 76 27 16 73 39 3 95 57 49 60 71 76 24 80 2 26 34 98 88
 19 47 6 74 6 31 0 1 17 64 0 20 64 28 86 69 56 78 18 21 69 89 43 52 93 23 32 77 34 74 43 75 91 18 83 47 13 95 27 17 40 70 42 5 86 44 68 54 80 81 20 13 74 9 87 11 46 9 22 7 68 1 89 52 29 66 31 90 95 52 22 44 84 6 44 95 67 21 95 86 90 31 19 52 48 5 5 52 80 6 97 73 22 10 6 9 38 33 64 57
 75 71 33 17 68 55 99 0 51 95 74 49 65 56 60 32 74 62 37 4 43 2 4 80 42 19 36 71 6 95 2 46 46 28 10 50 71 51 85 74 83 73 36 89 77 53 47 72 14 33 32 94 59 20 75 26 21 94 74 66 77 0 41 98 37 72 71 47 44 46 48 87 12 95 35 61 89 95 54 17 16 49 83 79 34 35 50 89 34 13 29 31 63 34 57 11 65 97 47 44
 56 35 85 42 8 60 83 49 0 12 5 90 12 75 60 64 35 63 17 37 80 12 71 63 88 66 72 12 64 13 76 99 97 31 55 40 55 96 81 77 63 45 95 27 79 72 56 10 24 44 65 32 32 61 64 91 15 97 72 62 93 44 36 8 9 67 61 71 32 14 12 70 0 95 12 5 97 57 22 59 72 70 39 33 81 20 61 9 19 98 80 54 58 50 60 48 94 48 39 66
 88 74 34 33 23 16 36 5 88 0 27 26 56 89 47 74 58 79 89 69 45 99 48 31 23 26 52 19 24 1 10 8 65 95 64 92 32 99 34 77 72 96 59 65 24 40 78 74 41 93 90 31 12 72 55 19 41 83 43 50 32 80 52 42 4 6 4 99 80 52 87 1 5 33 45 3 56 62 92 3 25 4 78 79 63 71 15 0 66 23 59 24 79 28 88 18 84 21 89 57
 6 43 21 15 24 5 100 26 95 73 0 46 2 7 76 88 25 25 58 36 54 74 90 65 25 36 28 75 53 4 67 52 67 30 97 37 78 14 98 61 25 82 98 83 0 52 97 41 95 64 57 6 89 90 83 16 26 99 81 36 47 40 59 93 77 36 80 81 31 74 5 79 57 9 19 6 51 65 31 82 0 20 86 20 85 35 52 48 59 20 53 0 82 90 25 28 26 2 67 55
 65 15 5 55 85 49 80 51 10 74 54 0 50 67 67 43 28 91 52 69 75 74 31 77 3 12 84 70 57 1 18 39 77 8 20 91 96 75 39 5 68 45 29 90 88 81 66 62 8 10 14 6 51 7 35 31 4 89 2 72 8 62 43 13 90 18 0 81 10 49 10 25 97 76 75 62 10 1 84 62 73 86 24 35 34 84 79 56 99 18 6 9 9 29 26 58 30 10 28 95
 19 17 92 4 52 41 36 35 88 44 98 50 0 63 51 90 49 2 59 56 67 26 91 34 20 8 13 64 42 50 49 90 47 66 61 96 91 25 81 66 63 33 62 39 21 87 8 51 62 40 29 0 7 36 8 31 48 38 73 12 85 54 68 13 56 4 1 7 37 12 87 92 58 69 19 98 82 94 61 84 93 29 49 52 99 57 71 85 87 74 23 32 15 61 41 72 93 0 32 29
 28 92 65 56 4 11 72 44 25 11 93 33 37 0 5 88 60 72 88 11 51 36 55 84 84 93 57 0 34 77 32 20 10 80 88 17 92 90 76 70 65 23 49 3 25 71 47 2 4 21 31 73 39 8 68 65 35 80 98 30 47 56 58 82 98 73 50 23 70 82 3 74 78 92 23 94 92 99 66 72 98 74 97 46 5 87 9 6 66 33 47 80 81 5 80 63 67 19 75 23
 61 74 34 89 45 20 14 40 40 53 24 33 49 95 0 7 21 28 55 72 19 53 80 6 83 61 20 34 47 73 53 3 15 2 68 89 8 3 39 85 82 43 79 80 45 55 19 34 60 54 43 77 31 83 11 46 37 64 13 94 10 78 22 16 49 85 58 72 41 84 15 2 79 97 20 93 12 25 88 2 42 58 76 30 2 73 93 85 23 26 94 98 30 4 21 78 12 63 28 3
 3 1 27 41 10 84 31 68 36 26 12 57 10 12 93 0 24 42 32 91 16 55 66 32 27 12 40 83 1 50 39 51 4 57 55 40 40 53 45 68 60 7 97 46 29 88 79 44 57 7 21 20 76 64 46 29 91 4 11 0 68 17 60 47 94 46 85 68 89 80 73 17 22 39 14 56 10 70 18 31 9 69 96 95 58 16 59 98 60 40 64 62 91 65 10 41 87 51 15 56
 95 52 38 93 3 57 44 26 65 42 75 72 51 40 79 76 0 94 87 37 15 4 65 69 15 24 7 58 27 84 10 21 10 72 55 40 80 1 59 20 65 78 29 21 62 66 72 32 77 17 47 27 54 41 47 54 7 80 58 84 29 15 43 59 73 71 11 74 31 7 83 71 57 50 57 91 58 9 53 99 77 79 33 39 1 98 38 35 57 12 50 47 41 98 26 67 8 88 39 90
 1 63 4 90 48 39 22 38 37 21 75 9 98 28 72 58 6 0 38 75 59 58 48 58 7 74 2 32 94 73 93 32 51 70 71 9 93 41 39 27 51 32 66 11 96 55 79 1 95 47 68 72 56 93 0 84 32 83 8 99 1 35 82 77 23 84 70 2 46 86 59 40 54 61 61 84 90 24 92 53 9 52 2 7 91 55 56 63 45 86 85 40 72 70 90 30 62 49 54 96
 73 58 70 73 37 94 82 63 83 11 42 48 41 12 45 68 13 62 0 42 7 6 6 77 43 96 78 80 13 22 46 2 35 57 41 95 94 15 27 38 13 98 49 39 58 44 41 11 95 52 53 27 31 40 75 24 24 35 91 39 17 84 17 90 60 52 75 15 72 2 89 96 11 85 75 11 81 61 15 11 59 21 61 9 76 49 51 40 51 60 2 68 40 2 21 56 23 70 90 26
 59 9 66 49 12 69 79 96 63 31 64 31 44 89 28 9 63 25 58 0 83 36 17 45 2 2 58 75 9 7 49 4 90 42 47 17 13 85 88 67 86 67 48 8 80 36 55 47 47 13 91 81 64 96 51 92 56 56 34 12 59 8 90 2 77 32 75 95 96 76 61 19 86 9 37 37 17 33 59 38 36 73 52 20 98 58 94 67 37 56 48 4 5 13 36 12 12 4 41 61
 33 7 90 68 44 26 31 57 20 55 46 25 33 49 81 84 85 41 93 17 0 24 56 22 70 92 16 94 33 6 34 88 24 81 62 78 96 77 10 43 39 93 3 84 85 1 29 87 68 22 50 44 8 89 20 43 99 64 3 95 30 25 48 19 91 46 98 51 60 34 24 92 21 78 93 89 76 41 34 83 89 83 23 5 52 50 75 28 39 85 54 90 96 41 34 8 98 21 84 52
 37 23 2 58 58 40 11 98 88 1 26 26 74 64 47 45 96 42 94 64 76 0 90 99 78 21 90 50 90 52 47 86 52 91 46 31 56 57 16 21 72 73 24 26 25 42 22 0 74 74 64 74 46 51 41 30 30 55 32 79 17 9 38 26 60 8 93 54 7 41 6 12 44 88 91 17 83 2 59 54 18 95 11 0 56 4 41 63 14 40 25 41 94 59 39 20 78 61 28 14
 67 83 96 14 30 26 57 96 29 52 10 69 9 45 20 34 35 52 94 83 44 10 0 47 6 48 82 27 29 18 56 2 21 47 95 91 50 37 12 74 43 70 14 42 48 27 79 69 70 42 27 93 0 42 50 3 98 20 57 57 61 66 99 95 73 44 28 91 70 4 30 94 28 51 76 13 6 2 80 0 39 54 71 57 63 29 41 54 58 66 82 41 63 43 3 12 23 80 84 98
 60 58 98 13 65 22 48 20 37 69 35 23 66 16 94 68 31 42 23 55 78 1 53 0 13 25 10 67 50 24 24 71 40 61 83 41 95 55 30 38 98 30 98 68 92 11 67 25 65 37 3 56 87 20 41 49 64 36 14 16 47 52 89 29 75 61 51 76 88 36 58 41 77 72 61 89 15 68 91 66 6 82 33 10 73 32 95 35 77 47 37 19 97 36 94 81 23 38 27 61
 57 93 69 90 16 18 7 58 12 77 75 97 80 16 17 73 85 93 57 98 30 22 94 87 0 64 97 97 0 91 84 91 66 4 31 5 24 66 91 99 72 30 33 43 2 90 20 86 42 92 57 68 18 13 33 19 64 8 25 15 62 10 32 28 36 30 42 42 98 87 82 56 89 39 56 55 62 86 5 33 50 73 65 99 51 18 1 22 63 72 62 34 23 91 30 2 39 7 64 60
 66 75 40 30 49 2 77 81 34 74 64 88 92 7 39 88 76 26 4 98 8 79 52 75 36 0 20 92 74 83 62 18 55 61 13 68 12 12 4 46 85 53 56 90 82 15 72 11 59 62 74 82 67 70 0 76 61 50 90 27 19 36 19 42 15 88 81 94 39 52 62 3 37 21 33 60 32 83 66 91 44 50 63 60 63 40 86 54 23 38 96 56 99 41 75 93 55 70 52 65
 99 83 81 83 73 95 68 64 28 48 72 16 87 43 80 60 93 98 22 42 84 10 18 90 3 80 0 77 9 90 84 61 1 11 44 77 97 56 18 80 81 87 43 31 63 93 95 31 17 73 9 75 1 79 75 5 56 59 65 53 40 58 15 36 46 30 48 36 74 27 69 96 54 13 41 77 37 82 60 4 37 99 83 77 28 71 28 43 41 44 87 96 75 59 22 7 67 52 34 0
 51 94 11 87 21 89 23 29 88 81 25 30 36 100 66 17 42 68 20 25 6 50 73 33 3 8 23 0 49 48 67 92 69 68 38 30 77 8 77 57 49 55 20 56 13 70 96 97 7 14 24 58 98 59 62 11 56 41 53 25 11 78 44 53 25 70 97 25 16 75 44 23 90 88 4 89 47 61 70 31 95 10 65 65 64 5 77 79 63 18 50 95 18 62 31 33 71 65 10 62
 91 70 90 5 82 85 66 94 36 76 47 43 58 66 53 99 73 6 87 91 67 10 71 50 100 26 91 51 0 17 35 88 87 18 0 23 73 64 4 31 60 65 32 66 80 6 1 21 9 37 17 36 47 41 37 27 84 70 67 62 17 7 78 17 34 92 32 53 49 29 64 98 24 40 90 88 69 96 97 31 10 74 75 17 72 15 90 74 8 9 30 23 8 74 41 97 21 29 77 97
 58 49 58 19 40 5 26 5 87 99 96 99 50 23 27 50 16 27 78 93 94 48 82 76 9 17 10 52 83 0 78 33 43 2 90 34 69 20 28 31 47 24 59 61 25 32 74 40 91 34 93 35 75 69 78 88 82 38 63 41 78 87 89 34 50 2 26 38 81 43 33 77 17 80 57 48 28 30 21 29 24 41 26 64 36 43 89 23 12 66 78 47 26 30 75 35 99 31 88 6
 49 87 15 84 85 36 57 98 24 90 33 82 51 68 47 61 90 7 54 51 66 53 44 76 16 38 16 33 65 22 0 2 3 48 83 91 37 91 73 19 49 20 25 29 39 53 22 23 23 29 41 93 98 83 50 52 80 9 54 17 58 99 78 38 6 65 57 7 89 35 77 94 0 88 3 72 77 99 54 19 89 14 91 54 98 73 24 86 29 98 18 85 69 21 22 91 83 45 4 16
 51 74 27 65 67 30 25 54 1 92 48 61 10 80 97 49 79 68 98 96 12 14 98 29 9 82 39 8 12 67 98 0 4 45 84 83 16 52 54 12 6 50 13 99 54 21 68 20 96 89 49 36 6 52 90 41 29 74 3 38 54 40 49 74 63 55 41 60 58 13 25 45 59 41 53 73 94 10 20 37 85 21 81 83 18 23 4 29 22 78 50 11 93 53 8 23 71 21 59 45
 57 45 28 46 83 92 9 54 3 35 33 23 53 90 85 96 90 49 65 10 76 48 79 60 34 45 99 31 13 57 97 96 0 38 0 50 85 43 80 21 88 44 69 69 42 26 98 24 57 4 1 18 88 83 28 18 50 24 63 49 89 79 28 99 85 31 92 68 10 12 79 31 4 28 25 40 76 47 51 58 34 62 89 2 44 38 18 62 55 79 95 96 19 57 78 77 37 5 53 75
 72 21 42 94 4 5 82 72 69 5 70 92 34 20 98 43 28 30 43 58 19 9 53 39 96 39 89 32 82 98 52 55 62 0 24 64 45 92 87 65 78 94 79 0 51 69 38 80 18 34 19 58 62 53 54 96 21 60 63 12 99 65 56 97 85 58 70 1 31 79 38 45 74 28 16 54 64 81 97 32 80 21 17 60 60 51 32 20 41 4 81 89 58 54 59 24 40 76 67 17
 70 75 92 13 94 47 17 90 45 36 3 80 39 12 32 45 45 29 59 53 38 54 5 17 69 87 56 62 100 10 17 16 100 76 0 32 1 65 6 75 34 1 62 67 79 26 54 8 86 95 53 12 76 70 2 0 73 55 28 65 87 13 61 24 86 48 22 99 14 99 96 26 49 44 15 2 43 76 76 5 84 77 2 82 74 12 64 25 2 45 25 79 43 69 70 24 17 86 67 8
 59 59 40 65 46 79 53 50 60 8 63 9 4 83 11 60 60 91 5 83 22 69 9 59 95 32 23 70 77 66 9 17 50 36 68 0 12 15 30 38 38 80 3 18 28 84 90 12 27 6 45 34 84 90 88 94 76 44 15 2 89 22 79 67 3 75 7 40 59 36 59 29 29 18 48 45 18 14 3 5 56 74 95 12 92 94 40 63 24 46 17 97 84 89 0 58 42 84 17 28
 67 3 63 28 10 42 87 29 45 68 22 4 9 8 92 60 20 7 6 87 4 44 50 5 76 88 3 23 27 31 63 84 15 55 99 88 0 10 13 28 1 91 87 76 19 46 13 69 18 96 53 42 48 35 81 87 24 13 87 34 12 55 20 59 70 93 43 49 17 80 75 49 61 87 26 49 70 23 4 56 28 78 39 7 14 60 47 99 98 74 37 4 49 62 38 21 51 59 4 10
 58 75 70 77 67 78 5 49 4 1 86 25 75 10 97 47 99 59 85 15 23 43 63 45 34 88 44 92 36 80 9 48 57 8 35 85 90 0 78 33 64 98 67 11 55 40 64 32 98 65 5 85 36 86 29 3 39 22 70 3 40 60 44 50 0 3 4 60 54 83 22 54 85 77 29 93 14 13 84 17 83 68 90 50 12 84 36 31 61 41 78 1 77 52 46 66 68 3 82 86
 6 87 57 16 96 98 73 15 19 66 2 61 19 24 61 55 41 61 73 12 90 84 88 70 9 96 82 23 96 72 27 46 20 13 94 70 87 22 0 86 74 52 36 59 65 50 31 63 9 68 31 76 77 78 9 15 7 28 71 33 82 98 73 89 63 12 46 56 60 42 32 58 65 82 31 32 11 64 35 74 47 7 17 5 78 74 96 71 8 17 64 36 43 56 77 79 55 41 7 47
 52 76 54 53 28 43 83 26 23 23 39 95 34 30 15 32 80 73 62 33 57 79 26 62 1 54 20 43 69 69 81 88 79 35 25 62 72 67 14 0 22 47 66 92 88 61 15 72 90 30 23 17 56 15 59 40 55 49 57 22 92 72 8 99 83 97 92 79 21 6 10 7 7 11 89 6 2 29 75 48 66 78 30 99 76 80 30 40 61 24 34 92 26 55 48 51 79 76 79 75
 64 30 2 12 34 92 60 17 37 28 75 32 37 35 18 40 35 49 87 14 61 28 57 2 28 15 19 51 40 53 51 94 12 22 66 62 99 36 26 78 0 42 93 31 57 76 90 76 7 96 66 35 58 17 29 94 3 38 45 88 24 18 59 66 11 61 73 57 33 7 48 96 43 59 13 38 20 73 68 11 56 86 0 74 33 37 17 43 14 3 26 46 41 52 51 88 59 12 86 78
 59 72 14 99 2 24 30 27 55 4 18 55 67 77 57 93 22 68 2 33 7 27 30 70 70 47 13 45 35 76 80 50 56 6 99 20 9 2 48 53 58 0 95 21 66 50 42 72 58 11 90 47 51 90 49 87 20 26 0 74 11 55 17 16 83 45 12 7 15 95 91 62 95 81 53 93 97 80 89 28 8 35 45 21 23 91 99 8 49 62 11 7 79 26 0 11 23 0 74 63
 47 53 39 79 39 40 58 64 5 41 2 71 38 51 21 3 71 34 51 52 97 76 86 2 67 44 57 80 68 41 75 87 31 21 38 97 13 33 64 34 7 5 0 27 59 32 74 36 43 65 64 44 99 52 79 59 4 74 5 29 86 44 92 63 82 32 83 69 29 90 93 11 5 75 5 10 80 35 79 58 45 47 79 96 22 30 6 39 78 51 47 10 51 1 5 67 68 58 28 30
 73 59 79 83 91 64 95 11 73 35 17 10 61 97 20 54 79 89 61 92 16 74 58 32 57 10 69 44 34 39 71 1 31 100 33 82 24 89 41 8 69 79 73 0 31 59 53 48 23 95 60 90 16 71 74 13 75 41 23 21 33 32 99 98 65 21 91 84 89 26 98 46 41 11 43 99 61 99 19 48 33 27 5 21 3 87 94 66 35 39 62 29 84 14 51 98 19 1 60 97
 59 22 49 20 16 49 14 23 21 76 100 12 79 75 55 71 38 4 42 20 15 75 52 8 98 18 37 87 20 75 61 46 58 49 21 72 81 45 35 12 43 34 41 69 0 70 60 17 85 77 87 31 44 34 3 42 80 84 78 92 45 22 42 14 14 34 63 48 89 13 60 23 2 33 97 33 38 51 70 8 17 18 76 21 97 10 51 73 69 57 47 98 60 59 49 68 74 93 97 39
 59 52 82 59 62 87 56 47 28 60 48 19 13 29 45 12 34 45 56 64 99 58 73 89 10 85 7 30 94 68 47 79 74 31 74 16 54 60 50 39 24 50 68 41 30 0 6 6 45 48 77 76 66 26 57 48 55 92 57 41 54 84 85 88 28 32 41 17 64 54 61 52 49 74 49 92 13 22 91 38 79 16 48 46 24 70 50 86 28 26 26 7 38 53 70 4 70 5 27 79
 1 67 66 17 11 39 32 53 44 22 3 34 92 53 81 21 28 21 59 45 71 78 21 33 80 28 5 4 99 26 78 32 2 62 46 10 87 36 69 85 10 58 26 47 40 94 0 32 53 44 98 64 61 33 35 53 55 44 8 1 7 34 64 23 84 65 51 7 45 34 20 21 93 54 66 30 33 91 50 4 3 26 96 50 4 71 17 52 81 41 51 28 34 8 36 47 34 90 12 96
 72 25 10 59 91 54 46 28 90 26 59 38 49 98 66 56 68 99 89 53 13 100 31 75 14 89 69 3 79 60 77 80 76 20 92 88 31 68 37 28 24 28 64 52 83 94 68 0 72 23 21 36 42 64 47 20 36 25 26 53 60 85 6 90 67 5 92 79 12 68 62 56 96 79 75 23 11 30 20 46 86 51 45 40 94 34 51 2 35 72 17 89 74 7 68 36 92 38 53 9
 59 7 82 80 98 24 20 86 76 59 5 92 38 96 40 43 23 5 5 53 32 26 30 35 58 41 83 93 91 9 77 4 43 82 14 73 82 2 91 10 93 42 57 77 15 55 47 28 0 77 15 38 20 13 32 46 25 9 88 50 70 13 33 55 53 4 7 76 15 35 10 47 83 46 77 77 30 53 21 28 90 55 28 19 24 31 28 11 83 81 85 81 32 68 2 4 77 25 2 88
 66 57 100 85 95 72 19 67 56 7 36 90 60 79 46 93 83 53 48 87 78 26 58 63 8 38 27 86 63 66 71 11 96 66 5 94 4 35 32 70 4 89 35 5 23 52 56 77 23 0 66 55 52 42 58 25 66 67 53 23 41 93 63 84 56 6 50 32 72 4 74 61 89 5 91 35 13 4 27 97 65 55 7 59 50 61 81 60 13 42 56 34 19 66 40 58 87 50 60 65
 77 91 43 90 82 77 80 68 35 10 43 86 71 69 57 79 53 32 47 9 50 36 73 97 43 26 91 76 83 7 59 51 99 81 47 55 47 95 69 77 34 10 36 40 13 23 2 79 85 34 0 11 5 53 75 53 76 43 27 86 83 29 9 27 42 76 6 12 64 11 54 84 11 24 63 80 35 78 49 44 48 60 7 9 83 7 10 61 24 48 37 44 47 0 71 91 70 72 3 28
 28 58 22 60 58 37 87 6 68 69 94 94 100 27 23 80 73 28 73 19 56 26 7 44 32 18 25 42 64 65 7 64 82 42 88 66 58 15 24 83 65 53 56 10 69 24 36 64 62 45 89 0 53 93 64 19 43 72 20 36 81 93 6 20 8 30 4 75 36 80 78 39 67 13 49 86 88 31 50 55 47 55 98 88 42 67 64 18 75 80 61 4 14 16 20 21 48 11 82 94
 4 86 44 2 5 28 26 41 68 88 11 49 93 61 69 24 46 44 69 36 92 54 100 13 82 33 99 2 53 25 2 94 12 38 24 16 52 64 23 44 42 49 1 84 56 34 39 58 80 48 95 47 0 20 5 12 18 85 40 59 60 77 56 16 69 22 69 65 30 99 55 20 89 72 22 33 47 38 73 73 14 62 94 98 28 43 79 93 66 24 80 85 61 95 6 58 6 65 26 62
 9 80 79 68 98 66 91 80 39 28 10 93 64 92 17 36 59 7 60 4 11 49 58 80 87 30 21 41 59 31 17 48 17 47 30 10 65 14 22 85 83 10 48 29 66 74 67 36 87 58 47 7 80 0 84 75 69 74 82 68 9 59 71 51 27 42 38 7 60 2 51 57 79 12 6 32 70 52 69 21 45 32 11 3 62 19 96 62 41 70 83 41 2 81 35 46 51 60 4 26
 77 17 93 82 40 83 13 25 36 45 17 65 92 32 89 54 53 100 25 49 80 59 50 59 67 100 25 38 63 22 50 10 72 46 98 12 19 71 91 41 71 51 21 26 97 43 65 53 68 42 25 36 95 16 0 34 67 62 31 27 42 62 48 27 96 20 48 72 81 19 85 85 60 52 19 58 70 76 88 84 46 20 84 47 6 47 54 90 66 59 64 49 72 28 86 23 63 43 4 53
 44 59 18 32 34 18 89 74 9 81 84 69 69 35 54 71 46 16 76 8 57 70 97 51 81 24 95 89 73 12 48 59 82 4 100 6 13 97 85 60 6 13 41 87 58 52 47 80 54 75 47 81 88 25 66 0 78 96 42 49 33 74 21 29 35 54 12 75 13 99 39 54 9 40 81 42 44 85 4 35 91 32 46 86 68 70 10 36 16 55 43 35 32 5 44 91 44 90 95 66
 56 46 53 3 50 69 54 79 85 59 74 96 52 65 63 9 93 68 76 44 1 70 2 36 36 39 44 44 16 18 20 71 50 79 27 24 76 61 93 45 97 80 96 25 20 45 45 64 75 34 24 57 82 31 33 22 0 97 20 34 87 79 14 23 62 49 31 48 25 63 76 11 6 90 97 95 16 79 4 44 53 22 93 81 32 31 84 87 31 0 17 23 6 11 13 5 81 2 13 0
 34 63 31 94 11 42 91 6 3 17 1 11 62 20 36 96 20 17 65 44 36 45 80 64 92 50 41 59 30 62 91 26 76 40 45 56 87 78 72 51 62 74 26 59 16 8 56 75 91 33 57 28 15 26 38 4 3 0 81 8 17 16 53 63 92 70 35 59 56 10 45 31 66 6 11 54 93 98 94 55 26 47 34 29 29 37 81 21 41 45 74 62 80 11 71 66 34 56 83 43
 79 91 70 100 95 61 78 26 28 57 19 98 27 2 87 89 42 92 9 66 97 68 43 86 75 10 35 47 33 37 46 97 37 37 72 85 13 30 29 43 55 100 95 77 22 43 92 74 12 47 73 80 60 18 69 58 80 19 0 12 67 35 69 81 44 24 44 46 48 84 39 19 75 72 13 84 55 53 94 33 57 73 12 1 11 70 69 81 34 95 76 70 95 72 63 12 63 47 66 28
 13 2 66 13 81 34 93 34 38 50 64 28 88 70 6 100 16 1 61 88 5 21 43 84 85 73 47 75 38 59 83 62 51 88 35 98 66 97 67 78 12 26 71 79 8 59 99 47 50 77 14 64 41 32 73 51 66 92 88 0 72 55 73 57 85 40 26 41 0 17 55 85 45 22 55 53 31 12 17 47 36 73 65 10 32 32 42 79 93 6 40 28 86 34 78 76 54 29 64 50
 14 58 41 95 24 64 32 23 7 68 53 92 15 53 90 32 71 99 83 41 70 83 39 53 38 81 60 89 83 22 42 46 11 1 13 11 88 60 18 8 76 89 14 67 55 46 93 40 30 59 17 19 40 91 58 67 13 83 33 28 0 32 11 66 20 10 3 52 77 91 2 77 96 77 32 56 50 57 6 16 72 17 83 22 81 7 84 98 66 26 44 47 62 7 50 41 18 96 57 78
 66 15 38 40 54 82 99 100 56 20 60 38 46 44 22 83 85 65 16 92 75 91 34 48 90 64 42 22 93 13 1 60 21 35 87 78 45 40 2 28 82 45 56 68 78 16 66 15 87 7 71 7 23 41 38 26 21 84 65 45 68 0 54 0 81 93 13 44 69 27 24 72 71 10 28 62 60 2 18 37 48 7 77 89 10 2 24 18 97 2 98 14 25 12 84 72 63 14 5 1
 99 81 14 54 9 73 11 59 64 48 41 57 32 42 78 40 57 18 83 10 52 62 1 11 68 81 85 56 22 11 22 51 72 44 39 21 80 56 27 92 41 83 8 1 58 15 36 94 67 37 91 94 44 29 52 79 86 47 31 27 89 46 0 40 68 0 77 56 86 64 44 98 22 10 23 54 51 8 31 91 96 47 4 25 27 49 50 22 36 6 53 36 61 71 33 64 7 38 31 90
 58 78 73 1 65 54 48 2 92 58 7 87 87 18 84 53 41 23 10 98 81 74 5 71 72 58 64 47 83 66 62 26 1 3 76 33 41 50 11 1 34 84 37 2 86 12 77 10 45 16 73 80 84 49 73 71 77 37 19 43 34 100 60 0 39 49 94 25 19 69 76 35 87 22 6 96 2 24 15 11 88 5 63 54 48 47 60 34 99 19 77 52 67 78 70 50 37 49 26 16
 26 26 20 58 85 100 71 63 91 96 23 10 44 2 51 6 27 77 40 23 9 40 27 25 64 85 54 75 66 50 94 37 15 15 14 97 30 100 37 17 89 17 18 35 86 72 16 33 47 44 58 92 31 73 4 65 38 8 56 15 80 19 32 61 0 50 3 82 46 21 2 11 41 63 72 46 72 68 53 43 53 47 1 16 76 96 83 81 4 37 44 63 78 22 34 67 1 61 70 15
 67 44 35 98 68 59 34 28 33 94 64 82 96 27 15 54 29 16 48 68 54 92 56 39 70 12 70 30 8 98 35 45 69 42 52 25 7 97 88 3 39 55 68 79 66 68 35 95 96 94 24 70 78 58 80 46 51 30 76 60 90 7 100 51 50 0 94 35 5 92 5 79 26 93 88 61 79 53 96 66 0 15 58 92 82 62 24 4 61 6 72 89 43 28 56 98 15 0 93 18
 17 87 32 71 38 83 69 29 39 96 20 100 99 50 42 15 89 30 25 25 2 7 72 49 58 19 52 3 68 74 43 59 8 30 78 93 57 96 54 8 27 88 17 9 37 59 49 8 93 50 94 96 31 62 52 88 69 65 56 74 97 87 23 6 97 6 0 60 3 93 9 5 48 25 29 67 50 41 9 2 25 61 38 95 8 9 11 29 55 57 67 49 46 0 98 97 15 37 8 81
 23 87 49 36 43 19 10 53 29 1 19 19 93 77 28 32 26 98 85 5 49 46 9 24 58 6 64 75 47 62 93 40 32 99 1 60 51 40 44 21 43 93 31 16 52 83 93 21 24 68 88 25 35 93 28 25 52 41 54 59 48 56 44 75 18 65 40 0 55 34 70 68 54 96 87 40 77 29 33 58 24 70 85 88 21 89 35 43 94 92 91 25 87 78 50 70 43 39 51 98
 11 92 84 9 1 6 5 56 68 20 69 90 63 30 59 11 69 54 28 4 40 93 30 12 2 61 26 84 51 19 11 42 90 69 86 41 83 46 40 79 67 85 71 11 11 36 55 88 85 28 36 64 70 40 19 87 75 44 52 100 23 31 14 81 54 95 97 45 0 76 32 26 21 41 28 45 87 86 3 61 50 3 30 80 84 80 80 93 87 5 29 81 4 43 18 38 35 83 43 64
 93 81 55 76 38 23 48 54 86 48 26 51 88 18 16 20 93 14 98 24 66 59 96 64 13 48 73 25 71 57 65 87 88 21 1 64 20 17 58 94 93 5 10 74 87 46 66 32 65 96 89 20 1 98 81 1 37 90 16 83 9 73 36 31 79 8 7 66 24 0 73 47 10 67 70 76 44 23 15 97 89 84 70 16 72 51 90 53 62 92 39 15 7 88 84 40 34 35 16 3
 36 67 6 25 82 98 78 52 88 13 95 90 13 97 85 27 17 41 11 39 76 94 70 42 18 38 31 56 36 67 23 75 21 62 4 41 25 78 68 90 52 9 7 2 40 39 80 38 90 26 46 22 45 49 15 61 24 55 61 45 98 76 56 24 98 95 91 30 68 27 0 49 24 31 76 95 61 46 70 34 56 1 1 4 70 90 62 18 65 99 55 31 4 66 28 24 28 72 20 31
 8 10 6 76 66 74 56 13 30 99 21 75 8 26 98 83 29 60 4 81 8 88 6 59 44 97 4 77 2 23 6 55 69 55 74 71 51 46 42 93 4 38 89 54 77 48 79 44 53 39 16 61 80 43 15 46 89 69 81 15 23 28 2 65 89 21 95 32 74 53 51 0 12 35 97 42 69 79 10 76 42 69 11 36 84 37 94 99 61 71 25 42 34 83 57 16 6 24 3 68
 9 32 22 38 86 67 16 88 100 95 43 3 42 22 21 78 43 46 89 14 79 56 72 23 11 63 46 10 76 83 100 41 96 26 51 71 39 15 35 93 57 5 95 59 98 51 7 4 17 11 89 33 11 21 40 91 94 34 25 55 4 29 78 13 59 74 52 46 79 90 76 88 0 8 49 64 89 34 24 87 4 48 97 38 97 76 86 35 31 20 93 71 47 78 83 36 23 32 1 84
 34 47 39 42 28 96 94 5 5 67 91 24 31 8 3 61 50 39 15 91 22 12 49 28 61 79 87 12 60 20 12 59 72 72 56 82 13 23 18 89 41 19 25 89 67 26 46 21 54 95 76 87 28 88 48 60 10 94 28 78 23 90 90 78 37 7 75 4 59 33 69 65 92 0 64 29 4 4 71 26 83 29 95 39 32 78 87 4 71 69 17 47 64 38 8 32 24 51 63 21
 92 8 86 77 100 28 56 65 88 55 81 25 81 77 80 86 43 39 25 63 7 9 24 39 44 67 59 96 10 43 97 47 75 84 85 52 74 71 69 11 87 47 95 57 3 51 34 25 23 9 37 51 78 94 81 19 3 89 87 45 68 72 77 94 28 12 71 13 72 30 24 3 51 36 0 85 92 70 18 57 77 62 87 80 18 94 83 22 61 25 91 49 80 12 24 83 53 73 73 95
 58 17 37 56 91 27 5 39 95 97 94 38 2 6 7 44 9 16 89 63 11 83 87 11 45 40 23 11 12 52 28 27 60 46 98 55 51 7 68 94 62 7 90 1 67 8 70 77 23 65 20 14 67 68 42 58 5 46 16 47 44 38 46 4 54 39 33 60 55 24 5 58 36 71 15 0 33 1 53 15 8 18 37 19 43 93 53 45 10 78 70 33 75 57 29 20 34 20 69 3
 84 86 36 68 31 17 33 11 3 44 49 90 18 8 88 90 42 10 19 83 24 17 94 85 38 68 63 53 31 72 23 6 24 36 57 82 30 86 89 98 80 3 20 39 62 87 67 89 70 87 65 12 53 30 30 56 84 7 45 69 50 40 49 98 28 21 50 23 13 56 39 31 11 96 8 67 0 95 64 64 2 90 67 36 12 38 87 27 11 84 37 48 22 97 84 70 56 76 70 46
 21 11 54 54 64 57 79 5 43 38 35 99 6 1 75 30 91 76 39 67 59 98 98 32 14 17 18 39 4 70 1 90 53 19 24 86 77 87 36 71 27 20 65 1 49 78 9 70 47 96 22 69 62 48 24 15 21 2 47 88 43 98 92 76 32 47 59 71 14 77 54 21 66 96 30 99 5 0 78 45 20 39 2 15 63 60 98 66 80 34 61 62 57 67 56 57 49 50 5 49
 29 44 9 32 28 10 5 46 78 8 69 16 39 34 12 82 47 8 85 41 66 41 20 9 95 34 40 30 3 79 46 80 49 3 24 97 96 16 65 25 32 11 21 81 30 9 50 80 79 73 51 50 27 31 12 96 96 6 6 83 94 82 69 85 47 4 91 67 97 85 30 90 76 29 82 47 36 22 0 0 5 44 78 97 1 6 51 47 22 76 43 46 61 49 13 61 5 37 15 68
 16 12 64 16 75 12 14 83 41 97 18 38 16 28 98 69 1 47 89 62 17 46 100 34 67 9 96 69 69 71 81 63 42 68 95 95 44 83 26 52 89 72 42 52 92 62 96 54 72 3 56 45 27 79 16 65 56 45 67 53 84 63 9 89 57 34 98 42 39 3 66 24 13 74 43 85 36 55 100 0 61 90 53 27 18 26 94 24 99 54 25 52 22 26 64 39 2 95 61 1
 32 10 12 45 29 15 10 84 28 75 100 27 7 2 58 91 23 91 41 64 11 82 61 94 50 56 63 5 90 76 11 15 66 20 16 44 72 17 53 34 44 92 55 67 83 21 97 14 10 35 52 53 86 55 54 9 47 74 43 64 28 52 4 12 47 100 75 76 50 11 44 58 96 17 23 92 98 80 95 39 0 69 61 58 88 75 29 99 25 47 29 99 78 45 96 19 55 71 32 79
 4 23 12 73 98 24 69 51 30 96 80 14 71 26 42 31 21 48 79 27 17 5 46 18 27 50 1 90 26 59 86 79 38 79 23 26 22 32 93 22 14 65 53 73 82 84 74 49 45 45 40 45 38 68 80 68 78 53 27 27 83 93 53 95 53 85 39 30 97 16 99 31 52 71 38 82 10 61 56 10 31 0 24 25 5 15 15 37 73 55 98 86 26 51 40 71 18 57 38 13
 42 30 49 49 13 73 81 17 61 22 14 76 51 3 24 4 67 98 39 48 77 89 29 67 35 37 17 35 25 74 9 19 11 83 98 5 61 10 83 70 100 55 21 95 24 52 4 55 72 93 93 2 6 89 16 54 7 66 88 35 17 23 96 37 99 42 62 15 70 30 99 89 3 5 13 63 33 98 22 47 39 76 0 47 39 57 0 41 50 29 48 13 41 73 97 28 13 74 31 91
 15 44 15 47 49 84 48 21 67 21 80 65 48 54 70 5 61 93 91 80 95 100 43 90 1 40 23 35 83 36 46 17 98 40 18 88 93 50 95 1 26 79 4 79 79 54 50 60 81 41 91 12 2 97 53 14 19 71 99 90 78 11 75 46 84 8 5 12 20 84 96 64 62 61 20 81 64 85 3 73 42 75 53 0 35 52 31 48 67 42 5 3 25 43 40 76 8 76 31 68
 8 50 64 100 8 27 52 66 19 37 15 66 1 95 98 42 99 9 24 2 48 44 37 27 49 37 72 36 28 64 2 82 56 40 26 8 86 88 22 24 67 77 78 97 3 76 96 6 76 50 17 58 72 38 94 32 68 71 89 68 19 90 73 52 24 18 92 79 16 28 30 16 3 68 82 57 88 37 99 82 12 95 61 65 0 40 58 63 57 75 90 34 51 87 16 23 93 7 35 42
 97 8 68 20 15 61 95 65 80 29 65 16 43 13 27 84 2 45 51 42 50 96 71 68 82 60 29 95 85 57 27 77 62 49 88 6 40 16 26 20 63 9 70 13 90 30 29 66 69 39 93 33 57 81 53 30 69 63 30 68 93 98 51 53 4 38 91 11 20 49 10 63 24 22 6 7 62 40 94 74 25 85 43 48 60 0 76 89 65 51 2 21 27 55 82 86 13 29 33 79
 34 76 82 46 35 97 95 50 39 85 48 21 29 91 7 41 62 44 49 6 25 59 59 5 99 14 72 23 10 11 76 96 82 68 36 60 53 64 4 70 83 1 94 6 49 50 83 49 72 19 90 36 21 4 46 90 16 19 31 58 16 76 50 40 17 76 89 65 20 10 38 6 14 13 17 47 13 2 49 6 71 85 100 69 42 24 0 88 2 2 37 20 37 76 55 0 5 64 59 79
 96 27 41 60 84 5 48 11 91 100 52 44 15 94 15 2 65 37 60 33 72 37 46 65 78 46 57 21 26 77 14 71 38 80 75 37 1 69 29 60 57 92 61 34 27 14 48 98 89 40 39 82 7 38 10 64 13 79 19 21 2 82 78 66 19 96 71 57 7 47 82 1 65 96 78 55 73 34 53 76 1 63 59 52 37 11 12 0 62 40 31 4 72 55 72 64 97 79 28 77
 52 77 84 3 58 43 20 66 81 34 41 1 13 34 77 40 43 55 49 63 61 86 42 23 37 77 59 37 92 88 71 78 45 59 98 76 2 39 92 39 86 51 22 65 31 72 19 65 17 87 76 25 34 59 34 84 69 59 66 7 34 3 64 1 96 39 45 6 13 38 35 39 69 29 39 90 89 20 78 1 75 27 50 33 43 35 98 38 0 31 22 70 19 9 46 82 5 62 71 11
 68 6 36 26 61 51 94 87 2 77 80 82 26 67 74 60 88 14 40 44 15 60 34 53 28 62 56 82 91 34 2 22 21 96 55 54 26 59 83 76 97 38 49 61 43 74 59 28 19 58 52 20 76 30 41 45 100 55 5 94 74 98 94 81 63 94 43 8 95 8 1 29 80 31 75 22 16 66 24 46 53 45 71 58 25 49 98 60 69 0 40 80 31 35 55 50 80 81 42 50
 2 47 56 50 3 40 3 71 20 41 47 94 77 53 6 36 50 15 98 52 46 75 18 63 38 4 13 50 70 22 82 50 5 19 75 83 63 22 36 66 74 89 53 38 53 74 49 83 15 44 63 39 20 17 36 57 83 26 24 60 56 2 47 23 56 28 33 9 71 61 45 75 7 83 9 30 63 39 57 75 71 2 52 95 10 98 63 69 78 60 0 88 76 6 42 71 44 2 65 46
 39 100 59 80 17 29 27 69 46 76 100 91 68 20 2 38 53 60 32 96 10 59 59 81 66 44 4 5 77 53 15 89 4 11 21 3 96 99 64 8 54 93 90 71 2 93 72 11 19 66 56 96 15 59 51 65 77 38 30 72 53 86 64 48 37 11 51 75 19 85 69 58 29 53 51 67 52 38 54 48 1 14 87 97 66 79 80 96 30 20 12 0 53 47 77 41 86 4 91 27
 32 81 39 84 83 24 78 37 42 21 18 91 85 19 70 9 59 28 60 95 4 6 37 3 77 1 25 82 92 74 31 7 81 42 57 16 51 23 57 74 59 21 49 16 40 62 66 26 68 81 53 86 39 98 28 68 94 20 5 14 38 75 39 33 22 57 54 13 96 93 96 66 53 36 20 25 78 43 39 78 22 74 59 75 49 73 63 28 81 69 24 47 0 36 21 84 38 1 11 1
 96 1 36 54 92 76 90 66 50 72 10 71 39 95 96 35 2 30 98 87 59 41 57 64 9 59 41 38 26 70 79 47 43 46 31 11 38 48 44 45 48 74 99 86 41 47 92 93 32 34 100 84 5 19 72 95 89 89 28 66 93 88 29 22 78 72 100 22 57 12 34 17 22 62 88 43 3 33 51 74 55 49 27 57 13 45 24 45 91 65 94 53 64 0 31 31 58 3 80 86
 14 31 99 12 37 20 94 43 40 12 75 74 59 20 79 90 74 10 79 64 66 61 97 6 70 25 78 69 59 25 78 92 22 41 30 100 62 54 23 52 49 100 95 49 51 30 64 32 98 60 29 80 94 65 14 56 87 29 37 22 50 16 67 30 66 44 2 50 82 16 72 43 17 92 76 71 16 44 87 36 4 60 3 60 84 18 45 28 54 45 58 23 79 69 0 77 13 28 65 72
 70 90 99 75 7 98 91 89 52 82 72 42 28 37 22 59 33 70 44 88 92 80 88 19 98 7 93 67 3 65 9 77 23 76 76 42 79 34 21 49 12 89 33 2 32 96 53 64 96 42 9 79 42 54 77 9 95 34 88 24 59 28 36 50 33 2 3 30 62 60 76 84 64 68 17 80 30 43 39 61 81 29 72 24 77 14 100 36 18 50 29 59 16 69 23 0 25 33 6 20
 2 70 15 1 86 74 62 35 6 16 74 70 7 33 88 13 92 38 77 88 2 22 77 77 61 45 33 29 79 1 17 29 63 60 83 58 49 32 45 21 41 77 32 81 26 30 66 8 23 13 30 52 94 49 37 56 19 66 37 46 82 37 93 63 99 85 85 57 65 66 72 94 77 76 47 66 44 51 95 98 45 82 87 92 7 87 95 3 95 20 56 14 62 42 87 75 0 45 91 18
 76 42 8 80 74 66 67 3 52 79 98 90 100 81 37 49 12 51 30 96 79 39 20 62 93 30 48 35 71 69 55 79 95 24 14 16 41 97 59 24 88 100 42 99 7 95 10 62 75 50 28 89 35 40 57 10 98 44 53 71 4 86 62 51 39 100 63 61 17 65 28 76 68 49 27 80 24 50 63 5 29 43 26 24 93 71 36 21 38 19 98 96 99 97 72 67 55 0 85 6
 22 20 80 46 92 2 36 53 61 11 33 72 68 25 72 85 61 46 10 59 16 72 16 73 36 48 66 90 23 12 96 41 47 33 33 83 96 18 93 21 14 26 72 40 3 73 88 47 98 40 97 18 74 96 96 5 87 17 34 36 43 95 69 74 30 7 92 49 57 84 80 97 99 37 27 31 30 95 85 39 68 62 69 69 65 67 41 72 29 58 35 9 89 20 35 94 9 15 0 81
 3 40 17 17 80 12 43 56 34 43 45 5 71 77 97 44 10 4 74 39 48 86 2 39 40 35 100 38 3 94 84 55 25 83 92 72 90 14 53 25 22 37 70 3 61 21 4 91 12 35 72 6 38 74 47 34 100 57 72 50 22 99 10 84 85 82 19 2 36 97 69 32 16 79 5 97 54 51 32 99 21 87 9 32 58 21 21 23 89 50 54 73 99 14 28 80 82 94 19 0
