50

 0 53 75 41 15 20 25 19 47 94 0 17 45 72 91 98 90 78 59 32 71 76 45 24 0 62 57 82 32 92 79 19 21 66 43 20 14 0 95 86 6 94 29 11 7 65 14 6 95 57
 47 0 95 31 45 82 59 42 80 89 76 75 72 95 72 73 72 87 98 64 78 17 76 1 73 70 78 92 27 0 0 55 26 7 8 70 21 31 52 89 10 40 58 21 77 74 66 34 36 13
 25 5 0 53 17 45 63 86 89 39 24 40 91 83 51 38 31 23 99 88 71 17 16 1 27 73 78 23 64 62 10 24 53 68 47 14 35 22 2 8 96 5 18 69 54 12 1 16 56 10
 59 69 47 0 33 54 74 78 80 86 29 3 70 82 15 22 59 63 24 33 87 84 61 39 84 59 29 5 74 83 14 14 52 59 52 72 16 76 89 29 69 88 37 27 94 8 6 29 23 63
 85 55 83 67 0 99 31 55 3 45 81 2 68 1 97 30 20 93 76 66 6 32 40 32 59 3 31 45 91 67 95 62 38 99 70 43 33 65 62 93 43 67 22 85 64 86 70 62 11 7
 80 18 55 46 1 0 85 27 23 26 82 78 42 0 64 32 61 5 73 15 96 72 79 22 14 78 48 1 97 62 24 86 91 40 40 91 58 26 42 49 56 56 62 76 16 69 75 46 49 69
 75 41 37 26 69 15 0 87 48 2 5 28 94 11 55 96 48 16 6 31 34 40 65 39 62 24 26 88 76 95 57 25 42 45 80 72 52 47 64 74 19 92 16 59 41 66 4 69 25 93
 81 58 14 22 45 73 13 0 57 41 91 4 82 9 2 24 16 33 84 16 22 2 98 54 25 11 3 83 10 18 47 53 72 13 20 34 44 79 41 97 32 79 69 69 16 61 77 93 87 78
 53 20 11 20 97 77 52 43 0 9 4 12 52 66 71 4 96 46 87 85 61 84 43 48 14 11 53 17 28 94 81 10 79 77 91 67 34 98 45 80 71 4 53 18 95 0 95 51 38 95
 6 11 61 14 55 74 98 59 91 0 51 54 77 92 15 81 61 14 35 54 76 51 89 76 62 21 78 88 55 45 63 72 16 26 27 55 79 73 34 56 99 46 16 64 70 50 51 82 18 50
 100 24 76 71 19 18 95 9 96 49 0 52 81 58 60 92 86 3 6 57 90 44 47 1 28 41 52 4 8 43 40 96 61 93 34 57 34 89 9 80 95 21 65 82 30 31 59 20 87 5
 83 25 60 97 98 22 72 96 88 46 48 0 15 51 38 81 46 51 64 69 34 83 23 8 12 99 12 9 86 29 97 12 16 49 4 37 3 76 51 89 79 76 54 9 6 51 53 2 96 79
 55 28 9 30 32 58 6 18 48 23 19 85 0 9 8 6 37 39 83 4 6 38 26 55 43 75 8 85 16 40 12 18 18 40 29 38 68 75 38 66 51 68 85 41 84 54 71 19 25 72
 28 5 17 18 99 100 89 91 34 8 42 49 91 0 72 92 85 57 55 40 94 60 44 10 73 68 81 61 76 79 27 89 3 98 29 61 79 80 1 74 9 23 66 33 17 61 30 98 59 58
 9 28 49 85 3 36 45 98 29 85 40 62 92 28 0 39 71 17 96 64 82 61 33 33 27 15 38 53 94 42 15 22 92 16 7 13 15 1 83 83 21 39 52 38 30 81 47 46 41 29
 2 27 62 78 70 68 4 76 96 19 8 19 94 8 61 0 32 25 65 88 46 3 61 60 55 84 0 12 77 39 47 93 77 54 83 29 52 4 69 87 70 21 26 73 23 65 63 92 22 63
 10 28 69 41 80 39 52 84 4 39 14 54 63 15 29 68 0 37 35 49 22 4 74 23 95 62 64 43 74 73 62 94 35 97 56 91 8 26 46 37 6 27 20 8 87 28 0 11 58 17
 22 13 77 37 7 95 84 67 54 86 97 49 61 43 83 75 63 0 79 83 87 88 26 41 3 83 75 56 53 76 62 49 94 7 77 97 69 53 96 15 82 48 0 70 99 31 82 32 51 95
 41 2 1 76 24 27 94 16 13 65 94 36 17 45 4 35 65 21 0 68 78 33 11 82 80 62 44 62 19 36 83 66 9 41 23 7 28 29 3 58 34 53 78 27 57 55 67 34 14 83
 68 36 12 67 34 85 69 84 15 46 43 31 96 60 36 12 51 17 32 0 57 81 65 40 61 78 10 20 78 88 93 71 8 96 57 83 11 67 23 40 0 76 52 84 61 77 4 4 64 56
 29 22 29 13 94 4 66 78 39 24 10 66 94 6 18 54 78 13 22 43 0 91 27 89 65 39 46 56 16 58 29 69 59 48 88 81 61 84 9 26 0 3 48 7 88 55 40 69 24 11
 24 83 83 16 68 28 60 98 16 49 56 17 62 40 39 97 96 12 67 19 9 0 46 66 80 19 75 3 99 75 35 26 38 34 36 43 90 10 89 94 27 93 29 47 2 4 76 47 91 45
 55 24 84 39 60 21 35 2 57 11 53 77 74 56 67 39 26 74 89 35 73 54 0 38 60 6 46 21 69 72 39 23 42 28 21 44 52 66 41 88 91 33 17 13 52 81 84 76 90 65
 76 99 99 61 68 78 61 46 52 24 99 92 45 90 67 40 77 59 18 60 11 34 62 0 35 24 95 53 75 64 89 42 15 83 89 2 95 29 47 50 72 83 14 88 22 25 3 64 76 15
 100 27 73 16 41 86 38 75 86 38 72 88 57 27 73 45 5 97 20 39 35 20 40 65 0 32 48 0 96 49 9 11 55 79 68 88 98 56 18 52 21 55 23 36 38 20 15 88 17 36
 38 30 27 41 97 22 76 89 89 79 59 1 25 32 85 16 38 17 38 22 61 81 94 76 68 0 36 79 40 90 99 34 10 61 75 56 96 6 8 79 22 69 73 69 92 40 9 94 95 91
 43 22 22 71 69 52 74 97 47 22 48 88 92 19 62 100 36 25 56 90 54 25 54 5 52 64 0 46 33 79 54 1 67 72 14 31 67 75 31 36 59 4 77 63 74 18 84 15 7 6
 18 8 77 95 55 99 12 17 83 12 96 91 15 39 47 88 57 44 38 80 44 97 79 47 100 21 54 0 63 51 90 58 0 28 8 64 70 14 60 67 4 59 9 10 97 75 90 90 63 16
 68 73 36 26 9 3 24 90 72 45 92 14 84 24 6 23 26 47 81 22 84 1 31 25 4 60 67 37 0 52 15 43 72 92 66 38 47 11 50 92 16 64 35 5 16 83 31 10 85 7
 8 100 38 17 33 38 5 82 6 55 57 71 60 21 58 61 27 24 64 12 42 25 28 36 51 10 21 49 48 0 31 97 13 7 25 86 54 96 11 17 31 43 31 62 32 95 69 62 14 10
 21 100 90 86 5 76 43 53 19 37 60 3 88 73 85 53 38 38 17 7 71 65 61 11 91 1 46 10 85 69 0 76 8 94 97 34 15 89 60 88 41 78 12 59 67 78 70 45 26 14
 81 45 76 86 38 14 75 47 90 28 4 88 82 11 78 7 6 51 34 29 31 74 77 58 89 66 99 42 57 3 24 0 65 88 23 64 88 68 76 61 68 51 1 54 44 49 34 43 3 4
 79 74 47 48 62 9 58 28 21 84 39 84 82 97 8 23 65 6 91 92 41 62 58 85 45 90 33 100 28 87 92 35 0 66 86 29 35 83 74 7 2 77 33 68 46 56 10 93 10 44
 34 93 32 41 1 60 55 87 23 74 7 51 60 2 84 46 3 93 59 4 52 66 72 17 21 39 28 72 8 93 6 12 34 0 82 49 92 78 16 14 16 70 97 19 21 14 22 36 76 89
 57 92 53 48 30 60 20 80 9 73 66 96 71 71 93 17 44 23 77 43 12 64 79 11 32 25 86 92 34 75 3 77 14 18 0 84 40 27 9 25 24 88 89 20 79 50 69 76 31 44
 80 30 86 28 57 9 28 66 33 45 43 63 62 39 87 71 9 3 93 17 19 57 56 98 12 44 69 36 62 14 66 36 71 51 16 0 3 94 40 6 99 93 39 10 44 19 25 28 9 36
 86 79 65 84 67 42 48 56 66 21 66 97 32 21 85 48 92 31 72 89 39 10 48 5 2 4 33 30 53 46 85 12 65 8 60 97 0 69 41 42 96 21 49 56 81 99 75 89 88 46
 100 69 78 24 35 74 53 21 2 27 11 24 25 20 99 96 74 47 71 33 16 90 34 71 44 94 25 86 89 4 11 32 17 22 73 6 31 0 72 43 85 8 4 69 60 23 57 77 56 19
 5 48 98 11 38 58 36 59 55 66 91 49 62 99 17 31 54 4 97 77 91 11 59 53 82 92 69 40 50 89 40 24 26 84 91 60 59 28 0 56 71 66 29 27 30 39 49 37 18 74
 14 11 92 71 7 51 26 3 20 44 20 11 34 26 17 13 63 85 42 60 74 6 12 50 48 21 64 33 8 83 12 39 93 86 75 94 58 57 44 0 3 32 63 14 36 51 86 53 54 91
 94 90 4 31 57 44 81 68 29 1 5 21 49 91 79 30 94 18 66 100 100 73 9 28 79 78 41 96 84 69 59 32 98 84 76 1 4 15 29 97 0 94 10 66 14 35 92 70 66 27
 6 60 95 12 33 44 8 21 96 54 79 24 32 77 61 79 73 52 47 24 97 7 67 17 45 31 96 41 36 57 22 49 23 30 12 7 79 92 34 68 6 0 12 89 57 11 82 98 62 13
 71 42 82 63 78 38 84 31 47 84 35 46 15 34 48 74 80 100 22 48 52 71 83 86 77 27 23 91 65 69 88 99 67 3 11 61 51 96 71 37 90 88 0 85 5 18 85 34 93 72
 89 79 31 73 15 24 41 31 82 36 18 91 59 67 62 27 92 30 73 16 93 53 87 12 64 31 37 90 95 38 41 46 32 81 80 90 44 31 73 86 34 11 15 0 55 70 78 37 90 20
 93 23 46 6 36 84 59 84 5 30 70 94 16 83 70 77 13 1 43 39 12 98 48 78 62 8 26 3 84 68 33 56 54 79 21 56 19 40 70 64 86 43 95 45 0 1 66 92 17 61
 35 26 88 92 14 31 34 39 100 50 69 49 46 39 19 35 72 69 45 23 45 96 19 75 80 60 82 25 17 5 22 51 44 86 50 81 1 77 61 49 65 89 82 30 99 0 28 27 26 39
 86 34 99 94 30 25 96 23 5 49 41 47 29 70 53 37 100 18 33 96 60 24 16 97 85 91 16 10 69 31 30 66 90 78 31 75 25 43 51 14 8 18 15 22 34 72 0 21 56 65
 94 66 84 71 38 54 31 7 49 18 80 98 81 2 54 8 89 68 66 96 31 53 24 36 12 6 85 10 90 38 55 57 7 64 24 72 11 23 63 47 30 2 66 63 8 73 79 0 76 34
 5 64 44 77 89 51 75 13 62 82 13 4 75 41 59 78 42 49 86 36 76 9 10 24 83 5 93 37 15 86 74 97 90 24 69 91 12 44 82 46 34 38 7 10 83 74 44 24 0 68
 43 87 90 37 93 31 7 22 5 50 95 21 28 42 71 37 83 5 17 44 89 55 35 85 64 9 94 84 93 90 86 96 56 11 56 64 54 81 26 9 73 87 28 80 39 61 35 66 32 0
