40

 0 61 64 30 6 98 95 68 98 93 29 21 68 76 45 98 42 27 77 63 2 41 31 12 29 29 96 28 73 64 22 95 71 25 93 18 39 66 50 53
 21 0 4 45 32 92 60 91 93 93 68 51 93 0 50 77 36 79 7 14 78 74 86 95 78 20 88 51 57 27 21 58 76 50 32 40 15 89 31 33
 90 20 0 8 21 44 73 36 93 72 15 77 66 36 87 28 34 29 11 52 94 56 84 13 71 88 7 85 13 45 98 4 21 26 79 62 31 20 85 63
 38 96 77 0 68 45 37 98 12 27 14 16 5 33 27 11 21 95 30 76 34 28 10 46 64 30 55 48 47 80 25 42 49 62 33 26 22 8 69 44
 99 17 57 6 0 42 74 25 14 57 80 7 44 70 97 84 43 3 54 85 94 26 85 4 35 20 72 14 76 32 35 18 25 72 25 31 74 58 76 95
 66 75 92 97 87 0 8 10 31 30 76 78 70 28 68 50 93 3 1 67 58 84 37 8 54 52 88 31 4 47 50 12 19 56 10 54 39 12 63 7
 81 20 98 7 24 62 0 47 23 28 81 7 41 16 0 9 44 7 61 49 25 19 71 98 76 33 13 89 63 58 8 58 7 57 70 65 40 67 57 53
 37 14 54 15 85 63 49 0 5 19 9 84 83 69 69 86 36 17 44 92 13 98 17 31 71 67 52 39 25 14 52 21 65 45 89 20 31 15 7 93
 83 84 42 57 48 56 60 53 0 72 56 33 30 83 50 73 29 67 96 72 30 16 28 15 64 49 71 87 13 74 4 65 95 39 45 61 46 61 88 61
 79 36 99 58 78 78 20 73 55 0 42 6 66 26 55 90 48 91 5 96 25 43 76 37 42 53 35 63 83 4 71 29 41 0 0 35 10 88 31 76
 23 69 28 47 44 21 92 30 98 51 0 5 58 43 24 75 72 96 23 4 7 36 55 88 14 58 18 25 70 25 61 90 72 34 77 93 89 54 94 62
 46 94 4 59 37 65 16 18 46 78 61 0 29 15 33 91 88 66 61 43 43 32 70 87 69 5 41 68 19 24 73 9 32 73 31 69 48 13 76 40
 87 15 12 27 63 65 86 94 76 67 29 24 0 31 66 58 91 81 66 9 63 69 6 40 44 93 28 14 89 48 8 42 41 4 98 68 65 49 88 39
 63 4 85 39 90 70 27 55 77 39 50 76 79 0 69 25 59 27 65 6 75 78 17 60 17 51 29 22 57 54 98 16 93 19 97 43 52 40 90 10
 74 20 18 80 42 34 22 70 85 9 65 21 48 75 0 40 88 17 11 40 68 43 59 19 83 41 15 31 44 23 16 34 60 89 27 70 9 26 2 73
 84 9 59 83 80 92 16 0 18 41 8 7 12 9 24 0 33 32 5 19 7 70 64 45 85 26 65 78 91 85 0 69 89 74 75 95 34 72 44 74
 9 33 49 14 89 11 86 97 20 65 17 67 44 25 66 8 0 60 87 44 86 40 80 50 31 39 95 65 58 52 6 64 84 66 76 11 48 32 82 56
 22 37 25 94 8 64 38 6 47 78 6 19 94 43 39 11 32 0 77 18 15 76 37 61 84 24 0 81 79 21 11 87 50 4 6 9 32 58 0 43
 85 47 49 72 22 12 98 14 37 46 64 18 72 91 75 77 54 68 0 84 7 60 8 64 89 87 86 63 17 54 39 45 23 29 98 31 82 45 97 35
 43 77 30 92 19 27 49 58 57 93 81 21 50 37 27 56 58 58 17 0 49 45 15 55 59 70 38 71 49 54 36 8 58 94 83 6 83 36 61 14
 45 37 84 33 46 79 10 50 90 63 0 93 19 56 34 18 11 71 5 31 0 16 50 17 23 83 22 6 73 44 28 47 0 66 37 70 2 17 60 16
 95 86 4 37 67 27 80 35 19 2 79 34 73 95 2 40 41 64 25 65 50 0 28 9 31 36 71 19 61 62 47 74 27 11 44 6 32 97 15 15
 91 40 9 12 45 80 66 43 3 93 19 95 73 0 36 77 3 11 29 53 62 77 0 65 51 53 8 99 22 6 11 82 52 61 40 39 22 18 73 40
 60 13 78 32 76 64 23 74 24 21 64 47 6 66 19 7 60 84 9 61 6 57 74 0 61 35 89 14 41 49 78 58 62 40 41 32 64 53 65 13
 93 59 77 42 10 15 76 8 87 81 51 26 55 68 72 25 56 18 0 6 20 63 61 67 0 53 37 61 50 12 62 8 97 81 28 68 40 82 58 85
 75 1 67 94 85 78 71 30 35 60 70 99 52 75 89 9 59 28 20 9 23 88 71 83 56 0 11 92 95 18 23 65 98 51 7 66 46 73 48 18
 58 17 46 9 38 55 84 95 38 97 77 55 75 65 43 27 84 33 31 18 0 65 19 31 10 0 0 97 52 78 83 39 89 67 50 91 84 41 35 1
 38 81 7 80 52 59 76 99 74 57 94 66 42 2 36 41 44 41 65 84 70 80 63 68 26 63 60 0 33 87 6 64 33 50 27 65 38 61 47 49
 15 92 85 90 50 79 34 97 51 15 0 25 79 43 60 94 9 12 78 43 38 92 8 20 53 46 59 52 0 98 73 29 90 24 94 93 37 5 12 21
 19 76 46 44 27 47 79 87 19 30 30 61 57 9 89 79 22 91 21 99 99 25 95 7 85 18 61 72 22 0 32 18 83 76 77 47 98 44 30 32
 16 57 64 74 48 14 10 61 96 99 87 0 17 62 0 49 39 90 47 79 60 89 70 44 81 4 0 97 69 75 0 29 28 44 33 7 0 26 91 12
 96 26 98 86 13 42 6 15 25 95 6 12 18 60 36 51 54 74 76 64 24 5 40 32 95 62 70 34 79 15 50 0 9 73 34 54 14 60 83 41
 98 78 27 99 97 78 33 86 4 64 71 4 78 80 0 78 33 34 22 15 64 81 16 97 21 56 92 0 19 78 35 18 0 74 1 13 20 61 55 10
 87 13 63 62 68 41 13 15 63 55 50 32 39 15 22 79 67 29 15 63 4 79 99 78 94 86 37 58 42 65 22 15 44 0 63 99 19 17 6 23
 29 27 3 73 23 35 32 55 30 45 77 63 0 56 72 16 94 35 0 74 21 72 34 23 82 88 89 12 95 3 3 37 76 51 0 6 1 26 33 58
 76 3 25 99 42 50 45 86 27 25 86 45 52 38 62 19 27 46 1 64 78 25 9 90 50 58 73 21 49 0 77 88 97 97 48 0 17 74 42 96
 1 2 2 83 87 24 78 86 10 15 68 95 35 62 89 32 33 43 60 35 20 0 59 10 64 0 76 43 43 67 7 91 89 76 59 49 0 3 74 38
 9 4 92 93 63 68 70 45 69 52 78 53 89 83 59 30 9 41 82 41 20 68 30 66 6 30 97 30 62 5 0 35 67 16 4 12 46 0 61 98
 65 60 83 44 48 39 19 88 70 4 64 33 26 33 76 96 81 37 98 84 39 6 30 58 37 10 14 62 90 71 36 35 3 24 93 85 85 41 0 47
 39 97 69 71 42 31 6 62 64 99 95 26 61 68 9 12 11 52 64 24 73 14 81 70 11 13 90 79 6 9 2 39 81 85 71 48 49 19 36 0
