40

 0 12 45 10 90 63 24 43 53 83 77 81 45 39 13 30 79 7 26 82 31 55 28 84 34 81 14 59 30 52 26 78 50 95 41 12 49 70 42 34
 88 0 6 32 45 59 29 80 38 33 12 94 21 3 97 21 34 16 24 30 83 99 32 68 62 3 77 18 4 80 43 20 17 69 21 49 23 7 52 98
 55 94 0 8 52 47 20 62 31 51 16 50 66 79 27 73 29 35 26 93 78 9 21 1 16 42 53 8 58 50 37 82 87 73 45 55 66 96 86 61
 90 68 92 0 36 5 6 12 56 6 25 62 84 40 59 67 6 72 34 80 77 65 18 9 68 92 12 8 61 9 7 55 45 54 15 10 91 39 52 74
 10 55 48 64 0 93 51 64 52 67 97 38 79 36 6 60 9 48 80 38 52 99 59 86 48 62 84 78 26 65 42 49 85 93 77 71 81 33 2 36
 37 41 53 95 7 0 30 40 49 41 62 98 21 93 97 94 72 19 85 17 72 16 72 88 53 83 61 11 20 3 18 51 50 75 45 86 78 57 4 20
 76 71 80 94 49 70 0 79 78 14 69 29 30 94 22 77 18 28 47 53 92 10 56 67 51 86 46 33 25 41 25 64 55 35 8 89 27 10 62 9
 57 20 38 88 36 60 21 0 1 59 25 75 55 76 24 4 29 27 21 82 3 30 35 85 30 75 40 46 62 39 76 95 21 92 44 46 99 63 3 16
 47 62 69 44 48 51 22 99 0 48 6 54 80 0 28 78 76 16 55 26 22 64 47 73 92 27 80 44 78 55 92 34 26 51 29 80 0 14 17 50
 17 67 49 94 33 59 86 41 52 0 51 24 13 82 30 41 89 20 60 23 43 13 20 78 40 88 10 69 25 36 88 95 42 44 42 91 75 90 19 11
 23 88 84 75 3 38 31 75 94 49 0 59 4 65 70 18 43 41 0 80 11 87 31 95 73 47 14 16 51 70 70 5 88 27 87 87 49 63 64 71
 19 6 50 38 62 2 71 25 46 76 41 0 5 8 51 39 31 12 51 3 2 48 23 55 94 5 43 88 68 51 41 65 4 93 26 18 57 4 89 31
 55 79 34 16 21 79 70 45 20 87 96 95 0 29 84 81 93 90 53 46 34 67 58 91 98 22 49 43 28 20 41 23 44 64 84 86 2 91 36 51
 61 97 21 60 64 7 6 24 100 18 35 92 71 0 44 80 70 62 60 29 89 55 41 26 51 8 60 26 31 18 17 55 32 91 99 2 32 98 3 19
 87 3 73 41 94 3 78 76 72 70 30 49 16 56 0 84 83 57 28 65 64 50 7 20 97 41 55 79 86 69 98 2 73 75 58 3 14 73 69 55
 70 79 27 33 40 6 23 96 22 59 82 61 19 20 16 0 96 61 90 22 71 55 83 79 42 37 79 35 81 61 79 71 19 46 43 99 70 36 83 43
 21 66 71 94 91 28 82 71 24 11 57 69 7 30 17 4 0 7 9 61 60 96 48 56 5 57 14 27 45 68 90 2 53 79 40 98 82 97 63 8
 93 84 65 28 52 81 72 73 84 80 59 88 10 38 43 39 93 0 96 66 87 21 49 3 54 7 13 56 1 33 45 15 66 93 72 87 10 53 91 76
 74 76 74 66 20 15 53 79 45 40 100 49 47 40 72 10 91 4 0 8 67 65 1 71 47 11 19 74 70 17 5 94 57 2 0 82 57 40 6 83
 18 70 7 20 62 83 47 18 74 77 20 97 54 71 35 78 39 34 92 0 1 76 35 31 8 88 15 74 17 12 20 92 81 91 62 40 42 21 58 85
 69 17 22 23 48 28 8 97 78 57 89 98 66 11 36 29 40 13 33 99 0 4 32 88 51 46 63 24 44 9 18 77 90 40 82 47 15 50 83 52
 45 1 91 35 1 84 90 70 36 87 13 52 33 45 50 45 4 79 35 24 96 0 84 25 58 66 95 71 0 32 82 3 15 19 45 73 95 11 64 81
 72 68 79 82 41 28 44 65 53 80 69 77 42 59 93 17 52 51 99 65 68 16 0 90 3 22 83 28 79 18 93 74 90 47 39 25 6 5 0 52
 16 32 99 91 14 12 33 15 27 22 5 45 9 74 80 21 44 97 29 69 12 75 10 0 73 84 52 6 65 5 95 52 20 20 20 40 77 78 35 56
 66 38 84 32 52 47 49 70 8 60 27 6 2 49 3 58 95 46 53 92 49 42 97 27 0 12 73 86 87 77 70 18 66 25 1 63 91 39 57 90
 19 97 58 8 38 17 14 25 73 12 53 95 78 92 59 63 43 93 89 12 54 34 78 16 88 0 65 51 55 24 77 76 68 86 35 72 1 53 11 3
 86 23 47 88 16 39 54 60 20 90 86 57 51 40 45 21 86 87 81 85 37 5 17 48 27 35 0 25 94 14 49 11 44 2 55 38 17 76 45 8
 41 82 92 92 22 89 67 54 56 31 84 12 57 74 21 65 73 44 26 26 76 29 72 94 14 49 75 0 46 74 33 86 2 22 4 10 35 69 92 35
 70 96 42 39 74 80 75 38 22 75 49 32 72 69 14 19 55 99 30 83 56 100 21 35 13 45 6 54 0 36 7 81 2 46 49 60 32 30 70 45
 48 20 50 91 35 97 59 61 45 64 30 49 80 82 31 39 32 67 83 88 91 68 82 95 23 76 86 26 64 0 23 51 55 59 16 62 53 25 31 4
 74 57 63 93 58 82 75 24 8 12 30 59 59 83 2 21 10 55 95 80 82 18 7 5 30 23 51 67 93 77 0 30 75 83 87 15 20 70 93 50
 22 80 18 45 51 49 36 5 66 5 95 35 77 45 98 29 98 85 6 8 23 97 26 48 82 24 89 14 19 49 70 0 48 30 50 56 11 49 16 52
 50 83 13 55 15 50 45 79 74 58 12 96 56 68 27 81 47 34 43 19 10 85 10 80 34 32 56 98 98 45 25 52 0 41 81 48 97 13 28 34
 5 31 27 46 7 25 65 8 49 56 73 7 36 9 25 54 21 7 98 9 60 81 53 80 75 14 98 78 54 41 17 70 59 0 20 47 27 82 55 16
 59 79 55 85 23 55 92 56 71 58 13 74 16 1 42 57 60 28 100 38 18 55 61 80 99 65 45 96 51 84 13 50 19 80 0 20 78 67 38 12
 88 51 45 90 29 14 11 54 20 9 13 82 14 98 97 1 2 13 18 60 53 27 75 60 37 28 62 90 40 38 85 44 52 53 80 0 39 15 63 25
 51 77 34 9 19 22 73 1 100 25 51 43 98 68 86 30 18 90 43 58 85 5 94 23 9 99 83 65 68 47 80 89 3 73 22 61 0 89 7 10
 30 93 4 61 67 43 90 37 86 10 37 96 9 2 27 64 3 47 60 79 50 89 95 22 61 47 24 31 70 75 30 51 87 18 33 85 11 0 82 44
 58 48 14 48 98 96 38 97 83 81 36 11 64 97 31 17 37 9 94 42 17 36 100 65 43 89 55 8 30 69 7 84 72 45 62 37 93 18 0 60
 66 2 39 26 64 80 91 84 50 89 29 69 49 81 45 57 92 24 17 15 48 19 48 44 10 97 92 65 55 96 50 48 66 84 88 75 90 56 40 0
