40

 0 0 31 80 13 77 88 3 30 8 10 27 71 28 99 44 90 91 18 93 34 8 25 6 38 30 7 95 58 4 37 28 45 57 93 81 63 50 36 86
 100 0 51 11 39 36 1 40 56 72 77 48 38 26 39 38 65 80 71 78 89 54 0 21 9 81 71 60 19 20 36 37 76 41 40 51 32 59 80 51
 69 49 0 66 64 16 96 80 26 57 30 10 44 47 25 40 52 39 53 16 87 87 61 90 5 48 70 82 13 83 79 46 9 84 89 6 22 1 37 0
 20 89 34 0 6 42 68 93 65 50 28 59 93 68 61 9 15 6 41 95 76 85 9 28 24 8 7 99 61 76 20 39 28 6 0 46 51 33 93 76
 87 61 36 94 0 7 30 40 40 76 89 98 9 52 1 49 29 99 29 73 74 18 8 80 96 32 38 91 89 23 58 94 63 80 7 87 23 2 93 63
 23 64 84 58 93 0 85 4 36 13 4 4 83 33 18 13 23 18 1 28 84 98 18 61 6 57 80 26 62 43 29 38 14 4 72 82 66 70 85 11
 12 99 4 32 70 15 0 88 55 90 23 59 79 54 47 46 59 5 99 84 82 1 34 3 97 7 88 82 0 87 60 58 20 20 33 21 83 38 46 87
 97 60 20 7 60 96 12 0 30 46 41 63 21 89 33 81 67 39 79 72 98 32 36 65 80 30 91 42 31 89 8 52 49 45 91 1 71 37 48 21
 70 44 74 35 60 64 45 70 0 80 99 35 99 49 21 91 49 41 61 59 14 67 11 59 54 74 59 20 54 12 25 53 34 88 36 50 44 84 45 84
 92 28 43 50 24 87 10 54 20 0 42 73 33 14 5 71 32 88 3 71 2 59 4 36 46 19 76 76 45 48 86 43 81 3 39 9 31 17 48 42
 90 23 70 72 11 96 77 59 1 58 0 51 23 88 17 65 90 66 28 89 96 97 34 5 67 10 96 58 43 50 52 72 52 77 88 35 51 71 25 54
 73 52 90 41 2 96 41 37 65 27 49 0 56 22 71 42 75 78 9 97 89 77 24 28 41 15 22 3 0 79 98 90 16 24 41 33 73 64 78 2
 29 62 56 7 91 17 21 79 1 67 77 44 0 88 33 63 69 27 36 37 9 4 3 60 3 73 84 96 51 93 16 5 3 47 13 18 74 24 68 53
 72 74 53 32 48 67 46 11 51 86 12 78 12 0 2 46 43 67 0 22 21 80 98 12 63 49 87 86 36 9 20 66 13 42 92 83 7 82 1 47
 1 61 75 39 99 82 53 67 79 95 83 29 67 98 0 43 94 28 15 39 60 5 43 2 58 51 18 41 42 16 65 9 98 83 17 67 86 70 28 5
 56 62 60 91 51 87 54 19 9 29 35 58 37 54 57 0 7 91 18 21 96 18 9 17 42 54 40 31 21 47 38 86 80 96 14 21 5 81 50 22
 10 35 48 85 71 77 41 33 51 68 10 25 31 57 6 93 0 56 46 69 0 20 49 87 45 12 95 18 95 34 79 92 66 61 1 90 73 68 18 52
 9 20 61 94 1 82 95 61 59 12 34 22 73 33 72 9 44 0 15 90 20 36 61 12 93 84 91 65 65 15 50 47 54 74 31 87 46 94 4 97
 82 29 47 59 71 99 1 21 39 97 72 91 64 100 85 82 54 85 0 96 65 86 55 40 12 71 68 45 3 8 45 67 42 92 51 21 90 85 52 53
 7 22 84 5 27 72 16 28 41 29 11 3 63 78 61 79 31 10 4 0 42 53 91 41 40 0 15 55 95 47 89 33 80 36 64 12 34 19 23 33
 66 11 13 24 26 16 18 2 86 98 4 11 91 79 40 4 100 80 35 58 0 36 71 85 11 75 47 65 59 48 8 74 56 14 42 14 27 78 16 3
 92 46 13 15 82 2 99 68 33 41 3 23 96 20 95 82 80 64 14 47 64 0 96 80 32 67 88 11 83 3 92 77 89 8 71 18 41 74 31 21
 75 100 39 91 92 82 66 64 89 96 66 76 97 2 57 91 51 39 45 9 29 4 0 31 86 54 79 66 21 0 88 87 68 36 71 30 83 57 92 74
 94 79 10 72 20 39 97 35 41 64 95 72 40 88 98 83 13 88 60 59 15 20 69 0 72 45 96 20 85 35 70 78 92 34 74 44 40 76 8 38
 62 91 95 76 4 94 3 20 46 54 33 59 97 37 42 58 55 7 88 60 89 68 14 28 0 28 97 70 59 18 79 1 4 78 98 38 38 34 26 61
 70 19 52 92 68 43 93 70 26 81 90 85 27 51 49 46 88 16 29 100 25 33 46 55 72 0 84 75 86 88 3 50 95 14 9 4 35 12 10 4
 93 29 30 93 62 20 12 9 41 24 4 78 16 13 82 60 5 9 32 85 53 12 21 4 3 16 0 39 55 28 76 62 62 88 41 89 3 68 64 38
 5 40 18 1 9 74 18 58 80 24 42 97 4 14 59 69 82 35 55 45 35 89 34 80 30 25 61 0 30 41 44 79 62 40 96 15 57 34 73 54
 42 81 87 39 11 38 100 69 46 55 57 100 49 64 58 79 5 35 97 5 41 17 79 15 41 14 45 70 0 97 0 61 97 66 13 89 54 56 58 76
 96 80 17 24 77 57 13 11 88 52 50 21 7 91 84 53 66 85 92 53 52 97 100 65 82 12 72 59 3 0 58 37 64 43 88 93 82 5 97 91
 63 64 21 80 42 71 40 92 75 14 48 2 84 80 35 62 21 50 55 11 92 8 12 30 21 97 24 56 100 42 0 3 37 72 5 82 12 14 83 6
 72 63 54 61 6 62 42 48 47 57 28 10 95 34 91 14 8 53 33 67 26 23 13 22 99 50 38 21 39 63 97 0 29 51 73 55 43 84 90 41
 55 24 91 72 37 86 80 51 66 19 48 84 97 87 2 20 34 46 58 20 44 11 32 8 96 5 38 38 3 36 63 71 0 59 40 57 71 60 58 78
 43 59 16 94 20 96 80 55 12 97 23 76 53 58 17 4 39 26 8 64 86 92 64 66 22 86 12 60 34 57 28 49 41 0 58 93 72 19 47 84
 7 60 11 100 93 28 67 9 64 61 12 59 87 8 83 86 99 69 49 36 58 29 29 26 2 91 59 4 87 12 95 27 60 42 0 15 58 51 9 11
 19 49 94 54 13 18 79 99 50 91 65 67 82 17 33 79 10 13 79 88 86 82 70 56 62 96 11 85 11 7 18 45 43 7 85 0 46 12 77 90
 37 68 78 49 77 34 17 29 56 69 49 27 26 93 14 95 27 54 10 66 73 59 17 60 62 65 97 43 46 18 88 57 29 28 42 54 0 43 95 8
 50 41 99 67 98 30 62 63 16 83 29 36 76 18 30 19 32 6 15 81 22 26 43 24 66 88 32 66 44 95 86 16 40 81 49 88 57 0 96 41
 64 20 63 7 7 15 54 52 55 52 75 22 32 99 72 50 82 96 48 77 84 69 8 92 74 90 36 27 42 3 17 10 42 53 91 23 5 4 0 98
 14 49 100 24 37 89 13 79 16 58 46 98 47 53 95 78 48 3 47 67 97 79 26 62 39 96 62 46 24 9 94 59 22 16 89 10 92 59 2 0
