30

 0 99 59 35 59 44 29 77 0 46 47 79 62 64 18 83 97 61 46 40 51 91 26 88 50 75 37 24 0 81
 1 0 97 37 6 50 67 55 2 61 20 18 33 98 45 90 96 87 60 92 22 60 45 65 30 62 20 72 50 27
 41 3 0 58 70 99 64 76 73 36 22 29 70 92 39 63 64 0 35 80 82 81 29 49 55 74 42 61 40 71
 65 63 42 0 40 60 90 57 28 65 90 46 17 88 71 56 69 53 80 60 24 56 7 74 3 30 43 82 54 18
 41 94 30 60 0 90 55 82 35 82 87 2 40 99 84 45 68 65 95 41 81 44 97 86 14 15 15 35 18 27
 56 50 1 40 10 0 28 54 89 42 59 99 29 85 64 4 86 24 85 29 55 47 80 57 88 6 40 24 36 10
 71 33 36 10 45 72 0 97 97 36 5 47 87 4 16 55 16 90 90 57 65 76 39 82 88 50 78 40 66 69
 23 45 24 43 18 46 3 0 96 11 9 78 91 46 24 55 44 59 17 7 81 54 50 49 62 64 4 2 65 3
 100 98 27 72 65 11 3 4 0 62 99 51 39 95 3 84 65 30 41 76 39 19 73 12 27 78 83 34 75 34
 54 39 64 35 18 58 64 89 38 0 24 17 74 51 92 70 68 25 40 14 15 45 5 11 70 44 5 8 21 56
 53 80 78 10 13 41 95 91 1 76 0 61 77 72 71 40 95 86 2 69 85 1 89 59 2 62 58 44 49 68
 21 82 71 54 98 1 53 22 49 83 39 0 48 27 36 11 79 89 17 37 44 98 23 39 28 12 38 30 76 62
 38 67 30 83 60 71 13 9 61 26 23 52 0 66 78 60 94 37 22 86 91 93 60 46 4 87 83 40 3 32
 36 2 8 12 1 15 96 54 5 49 28 73 34 0 38 48 42 70 79 99 20 7 1 47 49 47 72 38 71 47
 82 55 61 29 16 36 84 76 97 8 29 64 22 62 0 11 4 61 18 44 80 55 58 92 54 79 90 59 43 4
 17 10 37 44 55 96 45 45 16 30 60 89 40 52 89 0 46 85 69 95 46 70 6 23 97 10 5 83 86 37
 3 4 36 31 32 14 84 56 35 32 5 21 6 58 96 54 0 16 90 18 44 24 35 1 77 56 33 30 32 58
 39 13 100 47 35 76 10 41 70 75 14 11 63 30 39 15 84 0 51 15 67 59 8 68 92 26 12 75 5 92
 54 40 65 20 5 15 10 83 59 60 98 83 78 21 82 31 10 49 0 49 6 99 42 68 67 12 78 6 74 79
 60 8 20 40 59 71 43 93 24 86 31 63 14 1 56 5 82 85 51 0 56 28 99 49 23 11 92 5 58 1
 49 78 18 76 19 45 35 19 61 85 15 56 9 80 20 54 56 33 94 44 0 26 16 98 16 7 97 90 46 85
 9 40 19 44 56 53 24 46 81 55 99 2 7 93 45 30 76 41 1 72 74 0 18 74 66 9 16 82 34 59
 74 55 71 93 3 20 61 50 27 95 11 77 40 99 42 94 65 92 58 1 84 82 0 59 47 88 84 63 66 11
 12 35 51 26 14 43 18 51 88 89 41 61 54 53 8 77 99 32 32 51 2 26 41 0 36 45 42 5 88 73
 50 70 45 97 86 12 12 38 73 30 98 72 96 51 46 3 23 8 33 77 84 34 53 64 0 45 80 69 0 37
 25 38 26 70 85 94 50 36 22 56 38 88 13 53 21 90 44 74 88 89 93 91 12 55 55 0 92 20 41 80
 63 80 58 57 85 60 22 96 17 95 42 62 17 28 10 95 67 88 22 8 3 84 16 58 20 8 0 22 67 60
 76 28 39 18 65 76 60 98 66 92 56 70 60 62 41 17 70 25 94 95 10 18 37 95 31 80 78 0 91 20
 100 50 60 46 82 64 34 35 25 79 51 24 97 29 57 14 68 95 26 42 54 66 34 12 100 59 33 9 0 75
 19 73 29 82 73 90 31 97 66 44 32 38 68 53 96 63 42 8 21 99 15 41 89 27 63 20 40 80 25 0
