20

 0 4 72 9 11 96 62 89 20 7 60 91 7 21 2 58 27 64 98 83
 62 0 5 51 82 29 50 11 43 50 77 52 96 71 82 6 28 63 27 98
 7 67 0 97 93 92 67 45 99 24 99 58 85 28 70 85 66 61 85 66
 0 37 80 0 47 74 87 78 50 16 83 74 24 34 24 41 10 54 14 90
 56 49 80 35 0 85 54 93 78 82 33 9 60 67 57 15 51 0 14 99
 96 97 85 58 27 0 26 52 69 25 19 64 57 48 24 88 33 99 79 49
 80 70 97 31 28 70 0 28 19 42 21 9 40 52 20 0 49 70 46 87
 31 44 1 35 28 49 52 0 38 9 53 98 82 83 52 50 97 6 69 66
 77 92 58 66 33 78 40 93 0 78 36 4 35 76 24 16 66 3 47 55
 52 41 46 25 94 41 90 75 91 0 35 50 67 31 70 84 52 50 25 47
 8 9 67 38 64 76 17 92 90 5 0 28 15 97 50 8 80 44 21 35
 34 37 89 24 43 21 56 0 87 17 97 0 19 9 52 33 57 80 57 89
 79 63 30 56 30 78 13 49 99 71 20 8 0 91 16 7 53 58 21 97
 8 12 16 72 79 95 37 39 49 30 98 19 59 0 14 43 1 19 76 52
 34 19 56 52 33 19 16 88 47 51 67 76 56 95 0 82 97 0 11 71
 81 45 15 92 53 76 98 49 57 3 55 7 58 50 49 0 11 94 38 14
 99 22 68 85 6 37 51 5 26 47 6 95 22 71 85 71 0 65 2 88
 61 30 46 59 27 5 17 41 56 68 50 71 93 39 70 20 99 0 41 40
 93 30 78 99 14 19 27 13 97 92 68 84 18 19 16 26 38 70 0 74
 90 6 62 45 8 49 97 46 21 78 5 39 57 82 96 40 29 24 8 0
