30

 0 63 94 11 90 89 66 81 92 92 80 71 97 85 13 89 11 20 22 68 37 70 10 91 78 85 83 14 6 40
 37 0 4 84 20 61 71 2 23 39 43 6 66 18 48 21 73 91 87 87 23 62 93 88 96 32 98 48 28 89
 6 96 0 81 28 98 24 77 41 67 77 74 24 18 21 7 52 29 87 25 96 38 52 6 44 18 46 85 14 74
 89 16 19 0 6 47 55 42 70 83 18 14 12 61 98 24 79 18 82 26 11 82 39 7 13 73 87 74 38 20
 10 80 72 94 0 38 76 76 17 20 18 82 99 22 57 71 17 5 90 94 96 16 57 50 85 88 55 80 10 98
 11 39 2 53 62 0 29 50 71 27 53 67 24 28 30 36 64 89 53 36 31 44 98 20 60 21 78 62 9 16
 34 29 76 45 24 71 0 98 43 49 23 43 58 64 25 94 74 61 69 14 0 98 36 49 42 54 86 47 73 22
 19 98 23 58 24 50 2 0 99 91 37 70 59 46 43 57 77 95 55 36 73 21 86 65 31 99 37 55 49 96
 8 77 59 30 83 29 57 1 0 33 74 35 60 31 54 39 15 7 16 82 2 46 36 89 29 23 65 28 24 82
 8 61 33 17 80 73 51 9 67 0 63 74 93 30 70 44 79 75 95 33 24 9 0 95 45 44 65 93 69 3
 20 57 23 82 82 47 77 63 26 37 0 35 67 3 75 83 4 46 8 87 12 72 93 10 27 73 23 30 1 26
 29 94 26 86 18 33 57 30 65 26 65 0 30 27 0 3 71 81 79 66 44 80 83 53 21 37 93 54 77 32
 3 34 76 88 1 76 42 41 40 7 33 70 0 51 65 31 58 33 28 72 23 42 49 86 3 8 21 35 29 40
 15 82 82 39 78 72 36 54 69 70 97 73 49 0 59 60 44 20 92 12 52 73 25 35 67 11 19 67 57 37
 87 52 79 2 43 70 75 57 46 30 25 100 35 41 0 25 61 25 72 86 88 13 8 19 97 75 22 2 85 6
 11 79 93 76 29 64 6 43 61 56 17 97 69 40 75 0 76 58 99 40 50 49 63 87 55 15 45 70 93 93
 89 27 48 21 83 36 26 23 85 21 96 29 42 56 39 24 0 81 4 17 98 27 26 88 24 51 50 26 33 11
 80 9 71 82 95 11 39 5 93 25 54 19 67 80 75 42 19 0 15 97 59 75 10 53 67 88 57 86 65 10
 78 13 13 18 10 47 31 45 84 5 92 21 72 8 28 1 96 85 0 9 56 81 58 97 82 59 79 74 11 97
 32 13 75 74 6 64 86 64 18 67 13 34 28 88 14 60 83 3 91 0 63 22 92 52 34 37 45 12 75 87
 63 77 4 89 4 69 100 27 98 76 88 56 77 48 12 50 2 41 44 37 0 3 23 33 72 86 1 47 4 35
 30 38 62 18 84 56 2 79 54 91 28 20 58 27 87 51 73 25 19 78 97 0 50 46 9 93 20 94 41 36
 90 7 48 61 43 2 64 14 64 100 7 17 51 75 92 37 74 90 42 8 77 50 0 25 79 3 12 42 3 74
 9 12 94 93 50 80 51 35 11 5 90 47 14 65 81 13 12 47 3 48 67 54 75 0 92 39 96 33 62 25
 22 4 56 87 15 40 58 69 71 55 73 79 97 33 3 45 76 33 18 66 28 91 21 8 0 45 71 9 28 22
 15 68 82 27 12 79 46 1 77 56 27 63 92 89 25 85 49 12 41 63 14 7 97 61 55 0 99 76 89 6
 17 2 54 13 45 22 14 63 35 35 77 7 79 81 78 55 50 43 21 55 99 80 88 4 29 1 0 14 17 94
 86 52 15 26 20 38 53 45 72 7 70 46 65 33 98 30 74 14 26 88 53 6 58 67 91 24 86 0 12 44
 94 72 86 62 90 91 27 51 76 31 99 23 71 43 15 7 67 35 89 25 96 59 97 38 72 11 83 88 0 45
 60 11 26 80 2 84 78 4 18 97 74 68 60 63 94 7 89 90 3 13 65 64 26 75 78 94 6 56 55 0
