40

 0 44 72 97 84 1 24 62 3 45 87 48 69 8 79 53 36 42 6 49 50 49 43 23 89 91 88 70 78 12 11 54 76 15 45 78 31 73 84 94
 56 0 55 43 17 52 11 6 33 95 90 20 61 80 19 33 98 5 61 62 39 83 67 32 56 0 25 96 16 92 87 84 68 63 8 99 35 98 14 59
 28 45 0 65 84 8 75 79 69 74 86 32 18 1 96 81 23 62 63 18 45 43 67 11 94 97 97 42 62 16 94 36 86 58 98 59 69 91 31 52
 3 57 35 0 11 56 43 94 52 27 98 61 20 59 93 13 33 54 2 41 27 82 83 65 46 6 25 14 97 52 76 52 93 25 4 75 59 51 69 18
 16 83 16 89 0 28 2 45 46 26 38 71 21 4 90 86 6 28 63 6 98 68 50 3 34 99 74 31 13 31 19 22 16 98 38 42 13 74 63 3
 99 48 92 44 72 0 9 98 0 52 99 91 56 87 79 47 74 7 87 97 95 99 26 62 76 12 0 76 0 53 95 99 68 83 26 75 1 49 80 57
 76 89 25 57 98 91 0 12 96 97 22 25 20 67 18 47 4 55 18 96 79 96 85 90 74 97 34 3 95 90 84 75 93 41 28 87 64 90 52 28
 38 94 21 6 55 2 88 0 22 40 29 1 21 10 9 87 81 36 68 27 59 0 28 62 97 6 3 43 20 81 95 97 27 75 60 23 81 71 57 34
 97 67 31 48 54 100 4 78 0 40 27 14 24 8 7 47 29 83 37 13 23 29 49 93 22 30 52 16 68 0 40 75 37 2 29 6 87 73 2 4
 55 5 26 73 74 48 3 60 60 0 9 21 85 93 86 14 28 50 52 80 73 59 34 6 44 6 66 54 2 45 77 53 95 1 71 32 6 13 53 92
 13 10 14 2 62 1 78 71 73 91 0 45 4 5 32 64 99 23 38 19 34 47 65 37 35 4 63 27 31 2 2 68 31 67 14 34 15 82 41 34
 52 80 68 39 29 9 75 99 86 79 55 0 64 77 43 46 84 2 14 67 46 42 84 38 36 8 38 15 30 88 28 12 85 34 86 28 88 81 83 86
 31 39 82 80 79 44 80 79 76 15 96 36 0 14 94 47 10 96 23 3 84 50 52 46 51 65 41 51 76 49 83 23 51 3 93 27 7 65 87 44
 92 20 99 41 96 13 33 90 92 7 95 23 86 0 58 29 30 28 76 40 53 90 42 98 37 1 85 25 78 23 54 83 34 28 98 96 15 38 57 6
 21 81 4 7 10 21 82 91 93 14 68 57 6 42 0 27 96 47 27 64 65 63 65 3 43 94 68 37 27 47 58 5 75 14 68 74 3 76 31 68
 47 67 19 87 14 53 53 13 53 86 36 54 53 71 73 0 37 80 51 10 16 14 68 19 75 80 2 13 21 12 54 71 4 60 37 34 98 55 20 65
 64 2 77 67 94 26 96 19 71 72 1 16 90 70 4 63 0 48 45 17 74 85 59 24 61 77 71 21 10 31 37 36 18 89 5 32 7 62 94 85
 58 95 38 46 72 93 45 64 17 50 77 98 4 72 53 20 52 0 81 50 21 84 79 12 26 19 77 0 87 76 61 12 94 80 39 47 11 21 90 52
 94 39 37 98 37 13 82 32 63 48 62 86 77 24 73 49 55 19 0 82 89 18 20 49 7 26 49 2 89 9 44 66 53 91 64 5 84 48 66 79
 51 38 82 59 94 3 4 73 87 20 81 33 97 60 36 90 83 50 18 0 40 5 34 5 3 44 27 54 87 92 69 4 45 40 37 74 69 94 18 70
 50 61 55 73 2 5 21 41 77 27 66 54 16 47 35 84 26 79 11 60 0 28 32 31 8 49 72 76 4 82 48 5 91 40 90 43 36 86 53 96
 51 17 57 18 32 1 4 100 71 41 53 58 50 10 37 86 15 16 82 95 72 0 90 54 43 47 89 46 20 31 33 53 23 46 25 91 87 12 88 47
 57 33 33 17 50 74 15 72 51 66 35 16 48 58 35 32 41 21 80 66 68 10 0 47 90 27 77 38 76 25 52 14 10 4 37 20 90 77 98 65
 77 68 89 35 97 38 10 38 7 94 63 62 54 2 97 81 76 88 51 95 69 46 53 0 43 25 32 91 30 35 77 42 82 31 83 67 91 86 7 25
 11 44 6 54 66 24 26 3 78 56 65 64 49 63 57 25 39 74 93 97 92 57 10 57 0 50 59 62 62 13 10 70 62 59 81 51 74 39 57 76
 9 100 3 94 1 88 3 94 70 94 96 92 35 99 6 20 23 81 74 56 51 53 73 75 50 0 54 36 86 36 15 53 6 50 6 84 33 45 81 38
 12 75 3 75 26 100 66 97 48 34 37 62 59 15 32 98 29 23 51 73 28 11 23 68 41 46 0 25 59 48 11 26 64 26 1 46 70 59 38 3
 30 4 58 86 69 24 97 57 84 46 73 85 49 75 63 87 79 100 98 46 24 54 62 9 38 64 75 0 18 82 74 58 79 73 64 76 11 14 90 10
 22 84 38 3 87 100 5 80 32 98 69 70 24 22 73 79 90 13 11 13 96 80 24 70 38 14 41 82 0 94 64 37 24 47 46 94 96 85 39 31
 88 8 84 48 69 47 10 19 100 55 98 12 51 77 53 88 69 24 91 8 18 69 75 65 87 64 52 18 6 0 64 96 11 55 21 53 47 14 64 51
 89 13 6 24 81 5 16 5 60 23 98 72 17 46 42 46 63 39 56 31 52 67 48 23 90 85 89 26 36 36 0 31 10 19 72 4 18 93 32 5
 46 16 64 48 78 1 25 3 25 47 32 88 77 17 95 29 64 88 34 96 95 47 86 58 30 47 74 42 63 4 69 0 55 41 61 45 92 38 35 84
 24 32 14 7 84 32 7 73 63 5 69 15 49 66 25 96 82 6 47 55 9 77 90 18 38 94 36 21 76 89 90 45 0 14 96 89 76 21 7 67
 85 37 42 75 2 17 59 25 98 99 33 66 97 72 86 40 11 20 9 60 60 54 96 69 41 50 74 27 53 45 81 59 86 0 78 14 35 88 44 94
 55 92 2 96 62 74 72 40 71 29 86 14 7 2 32 63 95 61 36 63 10 75 63 17 19 94 99 36 54 79 28 39 4 22 0 59 3 1 51 43
 22 1 41 25 58 25 13 77 94 68 66 72 73 4 26 66 68 53 95 26 57 9 80 33 49 16 54 24 6 47 96 55 11 86 41 0 94 14 81 0
 69 65 31 41 87 99 36 19 13 94 85 12 93 85 97 2 93 89 16 31 64 13 10 9 26 67 30 89 4 53 82 8 24 65 97 6 0 39 4 71
 27 2 9 49 26 51 10 29 27 87 18 19 35 62 24 45 38 79 52 6 14 88 23 14 61 55 41 86 15 86 7 62 79 12 99 86 61 0 80 7
 16 86 69 31 37 20 48 43 98 47 59 17 13 43 69 80 6 10 34 82 47 12 2 93 43 19 62 10 61 36 68 65 93 56 49 19 96 20 0 21
 6 41 48 82 97 43 72 66 96 8 66 14 56 94 32 35 15 48 21 30 4 53 35 75 24 62 97 90 69 49 95 16 33 6 57 100 29 93 79 0
