50

 0 5 61 80 51 66 72 95 90 97 56 29 35 51 25 82 57 7 98 9 95 60 66 75 5 74 31 12 5 59 92 5 36 36 73 29 75 30 22 41 20 86 72 84 48 10 61 27 37 7
 17 0 30 0 47 32 9 28 86 91 13 59 18 78 91 48 6 56 44 86 20 25 3 58 48 2 2 44 12 72 43 39 42 95 46 99 98 9 36 94 42 0 22 38 93 54 2 85 75 24
 13 18 0 23 76 26 75 68 62 16 8 52 99 19 31 74 42 11 50 83 65 88 14 8 73 85 43 73 23 74 8 99 58 67 49 58 32 46 51 49 89 83 42 85 42 63 36 30 5 76
 75 17 22 0 34 70 82 83 66 83 15 20 55 87 99 46 78 4 50 16 80 30 36 56 58 17 37 54 54 75 44 78 56 75 54 38 99 8 81 99 23 84 21 22 27 50 23 63 45 30
 7 46 36 91 0 59 65 4 94 57 20 56 74 43 29 51 59 62 60 40 61 78 11 28 57 96 91 45 65 98 64 75 32 86 68 47 58 94 56 38 54 71 8 98 21 47 32 0 38 80
 10 23 58 87 71 0 81 90 33 92 16 28 98 95 6 62 38 66 45 11 13 66 28 2 68 88 92 4 2 96 14 82 92 83 79 31 2 65 55 69 53 82 56 72 96 99 38 25 45 68
 22 88 41 96 34 74 0 19 26 66 46 58 54 95 83 58 20 13 72 44 89 63 70 70 7 37 72 53 93 41 86 28 31 16 54 71 45 33 14 17 74 71 95 65 93 37 32 34 86 75
 22 49 36 36 88 45 88 0 44 67 19 75 45 76 19 91 13 29 70 0 0 70 18 32 60 79 66 99 15 8 67 53 63 95 80 26 4 19 71 21 24 78 48 50 73 37 87 18 19 97
 58 12 78 50 51 0 30 60 0 92 22 85 22 17 49 94 18 41 22 67 93 79 11 98 24 97 66 16 25 61 55 83 7 52 76 52 66 90 76 75 28 73 45 54 16 17 67 76 1 53
 96 35 81 43 38 59 87 40 65 0 96 7 89 68 59 62 34 41 65 43 22 41 49 27 14 95 19 39 52 6 0 34 59 53 30 79 9 89 49 34 70 2 86 30 97 62 39 54 52 8
 71 76 8 49 43 35 50 44 22 30 0 83 26 53 87 45 73 60 88 44 98 38 97 94 85 60 45 64 3 39 20 63 94 90 62 28 5 25 30 53 63 25 8 13 45 32 35 96 20 86
 34 97 75 45 46 41 93 26 84 23 85 0 41 81 89 80 15 16 26 72 29 73 94 35 69 32 14 82 6 42 27 49 86 81 18 83 40 88 23 17 71 18 83 97 69 88 38 59 38 27
 41 30 69 57 71 68 88 74 50 53 95 18 0 39 39 96 92 93 1 69 68 81 59 91 10 53 65 7 37 92 55 64 67 32 97 34 52 29 7 85 74 7 69 27 62 40 99 3 79 92
 44 40 34 65 17 9 9 96 41 30 7 13 29 0 5 4 88 67 5 30 38 57 4 20 71 43 95 97 74 85 92 73 66 73 2 5 91 81 18 94 49 90 87 18 76 85 50 46 82 85
 20 4 78 84 24 33 44 81 91 74 78 3 88 5 0 94 72 44 57 60 73 70 85 25 45 45 53 68 30 86 73 3 51 63 56 67 40 93 12 1 68 4 69 30 56 45 9 35 80 81
 12 54 57 85 38 57 49 44 92 47 39 39 57 18 71 0 61 93 96 63 11 54 66 98 69 39 39 20 28 73 18 22 37 66 71 34 48 95 90 68 51 14 19 61 2 11 54 42 3 45
 89 85 40 22 54 39 44 74 60 42 33 60 68 92 97 90 0 45 47 50 51 47 90 81 22 39 39 5 23 69 98 1 41 42 67 1 99 86 13 73 50 40 27 14 27 67 96 89 55 2
 39 27 96 35 31 6 53 4 58 84 48 14 87 28 22 21 15 0 73 93 78 7 93 84 55 58 87 35 12 87 4 1 81 95 95 67 31 73 29 82 65 74 35 78 6 14 63 71 48 17
 63 72 9 97 30 75 71 15 14 82 80 71 68 56 25 36 71 71 0 0 79 85 15 5 75 31 19 74 15 26 97 49 12 40 42 2 72 74 13 66 65 59 68 34 53 61 85 2 86 6
 6 15 9 51 16 25 20 29 73 58 49 73 61 64 33 16 46 76 92 0 76 54 54 52 76 71 40 29 18 63 60 61 46 28 39 2 53 37 4 2 77 95 37 25 57 14 3 78 58 13
 27 96 72 84 51 86 40 28 77 12 44 39 72 65 75 82 21 47 93 86 0 83 3 19 97 25 62 77 0 84 89 41 26 15 18 91 37 67 24 50 59 49 90 62 82 33 40 85 59 59
 70 14 92 76 96 67 93 65 73 94 95 95 30 39 14 68 8 77 84 78 0 0 47 96 27 81 34 29 28 64 72 52 47 40 73 14 57 23 69 91 80 20 20 60 55 49 38 27 62 24
 75 14 38 89 4 97 16 16 85 74 7 92 29 8 37 55 92 86 43 72 63 45 0 90 93 12 13 91 52 79 41 47 15 66 42 85 61 9 19 50 12 40 4 97 40 85 49 56 13 60
 95 51 9 99 85 80 82 30 34 77 94 53 86 57 12 36 79 42 18 16 57 89 12 0 34 24 44 93 36 62 66 64 82 96 32 52 96 54 93 64 19 39 22 11 40 53 85 32 55 16
 84 61 10 8 47 5 47 10 29 17 62 37 85 96 41 11 44 92 11 1 34 72 85 62 0 92 56 89 69 73 11 52 93 23 86 31 96 42 45 99 18 33 78 51 49 14 63 81 3 85
 31 66 61 50 69 29 62 73 27 21 59 78 48 18 42 61 8 54 28 54 33 58 98 38 30 0 78 76 53 36 19 59 77 44 37 56 34 86 83 7 44 20 82 92 6 57 6 38 72 65
 44 35 84 94 99 46 34 13 9 41 21 79 24 26 16 76 93 5 30 23 19 10 20 35 73 17 0 33 98 17 1 20 5 15 18 8 11 99 11 82 29 24 77 56 39 97 61 82 11 6
 52 63 91 74 24 99 28 88 11 86 31 67 50 56 53 55 80 12 44 27 8 1 93 94 25 58 3 0 5 49 2 36 20 65 45 78 64 32 30 58 74 77 4 40 22 72 8 57 40 33
 70 44 43 34 94 84 43 46 31 17 30 3 56 66 73 44 70 64 67 44 7 11 24 37 24 64 5 46 0 20 52 43 5 77 42 28 98 98 79 14 57 23 99 59 41 54 66 82 30 87
 98 27 1 7 42 13 80 19 29 66 54 40 5 86 43 58 68 64 4 47 64 6 79 50 78 23 57 81 4 0 70 61 46 48 50 80 76 34 86 2 43 24 99 76 87 72 59 60 99 9
 22 84 13 92 20 15 43 27 78 36 92 66 81 48 24 36 89 9 59 6 24 96 81 24 75 8 90 6 80 80 0 98 46 88 77 29 6 55 8 97 82 53 66 60 95 63 85 50 75 61
 49 41 55 8 9 73 30 76 4 83 43 71 29 55 69 75 1 5 79 15 63 77 38 34 39 13 57 38 12 7 11 0 2 6 44 67 61 60 7 64 59 94 53 0 51 66 97 51 72 1
 25 10 99 86 69 23 66 84 15 74 3 18 95 56 20 10 93 1 10 23 60 2 39 94 40 3 95 92 69 8 97 63 0 23 93 86 37 2 4 32 26 34 73 58 28 15 94 40 59 68
 13 60 1 26 77 16 66 61 3 58 67 87 40 98 85 97 39 39 13 82 36 19 0 3 38 66 45 21 41 48 97 15 28 0 22 79 97 56 7 77 99 56 43 35 78 81 15 5 26 82
 95 0 19 64 41 38 18 50 75 74 42 48 29 91 45 54 24 54 35 82 47 82 88 53 69 36 97 22 65 75 83 94 2 41 0 4 18 28 81 31 74 40 93 1 31 28 79 6 21 50
 61 38 58 82 11 76 54 78 99 36 79 17 52 73 49 36 74 57 58 69 37 9 76 15 40 57 64 61 17 34 95 38 28 23 81 0 79 70 85 68 55 64 24 25 37 96 64 5 50 77
 12 73 71 8 44 86 86 81 23 10 9 49 54 36 53 78 30 7 69 37 82 31 47 52 75 21 85 64 98 36 12 92 47 55 64 45 0 37 17 96 7 22 44 76 8 4 76 80 83 5
 57 19 91 50 35 88 0 82 83 90 90 33 11 57 12 7 97 88 12 89 64 45 79 95 84 77 65 39 60 34 32 3 91 53 64 33 64 0 89 84 44 44 91 95 14 67 70 83 90 75
 98 40 30 72 89 35 30 40 40 81 17 22 19 33 25 27 17 2 95 45 94 5 76 72 93 36 73 46 67 90 43 24 68 37 52 78 23 75 0 38 27 37 95 69 48 93 81 0 64 55
 28 62 0 11 85 34 71 20 8 35 5 74 54 50 74 94 86 73 14 8 37 36 45 78 99 17 87 82 58 89 38 19 73 79 97 54 83 92 1 0 3 44 72 56 15 19 4 3 47 75
 54 57 17 68 84 26 69 1 62 22 57 37 79 97 96 65 6 54 4 61 17 84 91 98 61 92 64 75 72 27 4 99 62 41 97 32 8 3 31 17 0 41 80 14 19 48 74 88 70 1
 47 3 36 31 49 2 48 61 14 83 81 55 79 19 41 89 73 40 62 4 92 32 4 4 46 15 30 8 42 66 91 61 10 97 11 21 53 26 16 81 52 0 19 66 46 58 94 89 13 36
 27 7 3 81 72 60 79 29 5 97 75 88 26 13 41 14 71 3 9 61 18 53 43 45 66 49 52 29 40 96 6 47 21 53 19 99 40 99 46 52 5 45 0 69 64 30 38 96 32 4
 32 89 86 58 95 98 44 28 24 2 20 21 41 96 14 69 86 66 21 53 1 60 32 54 21 26 10 66 26 60 16 93 89 32 94 57 90 87 59 89 82 54 0 0 48 88 11 98 75 85
 99 72 41 97 86 77 47 39 24 4 87 23 36 59 91 4 49 32 23 26 96 88 94 11 71 83 99 56 30 45 55 66 44 73 96 31 35 18 50 17 37 17 36 37 0 58 83 81 27 61
 39 76 74 66 55 51 14 58 74 64 94 32 17 58 92 27 35 74 87 26 26 84 63 54 95 59 3 10 13 53 48 97 65 21 90 14 95 82 88 5 9 53 79 80 52 0 56 74 10 40
 38 54 76 40 39 9 21 56 93 69 70 36 82 94 78 81 0 40 35 71 11 48 93 9 26 61 89 0 42 19 65 49 21 50 11 44 78 73 25 79 50 95 8 4 53 56 0 0 19 64
 37 82 78 65 35 37 72 72 80 28 92 62 80 87 96 59 81 93 34 67 58 98 72 87 30 70 97 15 44 88 3 81 61 0 3 40 97 59 68 31 80 58 88 71 45 31 17 0 5 90
 81 22 74 89 22 96 98 33 90 1 89 82 70 54 81 10 45 34 45 62 54 35 62 31 81 49 28 8 48 30 75 74 79 3 60 41 12 89 39 29 88 64 55 88 69 7 2 82 0 45
 3 32 97 69 29 6 0 26 68 69 86 30 75 48 84 77 59 37 61 4 47 3 87 63 88 77 71 60 85 95 59 76 15 45 41 90 70 9 97 60 12 32 92 63 58 32 36 8 97 0
