20

 0 8 49 20 40 22 59 26 76 99 72 14 69 61 51 66 55 70 30 89
 92 0 42 36 22 98 22 21 86 99 76 39 10 13 97 88 95 15 78 20
 51 58 0 13 22 56 82 91 38 49 8 51 99 44 84 12 84 26 48 24
 80 64 87 0 57 6 17 51 34 38 70 83 4 20 12 54 74 93 51 14
 60 78 78 43 0 65 27 96 22 21 87 67 44 63 46 71 38 49 14 59
 78 2 44 94 35 0 66 97 66 62 46 20 24 78 59 48 76 63 11 87
 41 78 18 83 73 34 0 6 41 79 78 43 96 20 88 21 96 47 3 70
 74 79 9 49 4 3 94 0 90 91 14 27 19 35 20 89 86 4 15 91
 24 14 62 66 78 34 59 10 0 30 34 9 29 86 57 17 77 15 92 67
 1 1 51 62 79 38 21 9 70 0 91 88 7 43 73 89 87 46 99 68
 28 24 92 30 13 54 22 86 66 9 0 47 96 9 32 34 79 51 98 23
 86 61 49 17 33 80 57 73 91 12 53 0 16 20 52 52 40 92 21 90
 31 90 1 96 56 76 4 81 71 93 4 84 0 91 21 43 17 16 89 38
 39 87 56 80 37 22 80 65 14 57 91 80 9 0 68 9 60 91 48 38
 49 3 16 88 54 41 12 80 43 27 68 48 79 32 0 57 55 31 21 0
 34 12 88 46 29 52 79 11 83 11 66 48 57 91 43 0 60 3 77 38
 45 5 16 26 62 24 4 14 23 13 21 60 83 40 45 40 0 35 11 31
 30 85 74 7 51 37 53 96 85 54 49 8 84 9 69 97 65 0 61 84
 70 22 52 49 86 89 97 85 8 1 2 79 11 52 79 23 89 39 0 68
 11 80 76 86 41 13 30 9 33 32 77 10 62 62 100 62 69 16 32 0
