40

 0 57 8 81 8 6 29 46 73 97 17 71 67 7 71 31 82 72 18 21 32 1 19 56 86 47 36 31 32 32 89 70 51 64 25 32 92 71 17 20
 43 0 82 1 24 47 42 9 83 5 89 25 7 52 11 57 68 24 10 68 87 34 73 80 28 11 43 17 37 7 60 58 26 83 69 13 58 25 94 63
 92 18 0 44 87 25 55 23 24 7 64 89 21 39 83 88 3 65 74 39 49 57 43 61 48 0 2 86 8 56 25 81 80 29 31 3 0 19 33 82
 19 99 56 0 20 45 56 59 23 11 14 36 15 14 90 55 10 97 87 46 98 32 15 87 59 95 62 80 88 16 50 7 87 86 39 7 20 92 20 42
 92 76 13 80 0 32 60 89 73 69 24 16 96 17 88 84 28 92 12 3 19 56 43 49 35 42 0 36 75 66 80 11 53 28 58 31 48 40 80 82
 94 53 75 55 68 0 78 42 56 62 75 52 48 70 35 78 75 65 29 62 59 99 90 50 88 77 62 5 88 34 66 71 23 81 70 69 86 14 85 48
 71 58 45 44 40 22 0 11 98 38 4 26 53 91 0 37 41 62 79 8 46 61 94 12 30 4 18 66 77 65 59 88 80 73 73 30 52 91 54 11
 54 91 77 41 11 58 89 0 39 37 85 7 5 74 25 54 22 59 42 56 66 8 62 30 70 58 95 36 70 72 31 52 35 75 57 25 8 84 25 65
 27 17 76 77 27 44 2 61 0 62 80 61 26 85 28 1 22 76 84 10 0 15 38 88 31 63 56 24 33 37 42 53 23 37 81 91 25 89 68 4
 3 95 93 89 31 38 62 63 38 0 78 1 49 67 74 74 12 72 83 8 9 45 92 92 46 55 88 41 63 83 21 20 90 24 95 68 26 56 61 98
 83 11 36 86 76 25 96 15 20 22 0 64 23 89 25 10 86 23 99 86 91 19 73 22 7 93 87 79 69 20 83 95 5 66 99 61 48 0 86 24
 29 75 11 64 84 48 74 93 39 99 36 0 30 51 3 12 86 36 71 29 75 66 17 28 47 17 48 65 41 16 65 80 13 98 7 22 43 4 60 81
 33 93 79 85 4 52 47 95 74 51 77 70 0 80 44 12 34 68 51 45 55 95 48 39 99 49 28 5 77 39 66 38 62 11 29 68 88 81 68 16
 93 48 61 86 83 30 9 26 15 33 11 49 20 0 75 10 88 25 93 88 30 88 68 81 17 31 93 25 22 57 93 7 90 23 58 15 41 60 98 1
 29 89 17 10 12 65 100 75 72 26 75 97 56 25 0 5 22 54 73 77 28 95 63 2 21 39 66 3 79 82 45 47 73 51 22 82 98 22 0 39
 69 43 12 45 16 22 63 46 99 26 90 88 88 90 95 0 40 10 59 97 18 21 89 9 9 57 54 81 27 49 14 33 78 85 93 34 4 7 74 74
 18 32 97 90 72 25 59 78 78 88 14 14 66 12 78 60 0 58 39 81 66 56 39 36 83 51 52 64 49 57 1 28 13 47 93 90 33 81 64 57
 28 76 35 3 8 35 38 41 24 28 77 64 32 75 46 90 42 0 8 95 77 56 37 61 94 72 68 34 72 96 90 76 33 48 38 40 9 87 1 85
 82 90 26 13 88 71 21 58 16 17 1 29 49 7 27 41 61 92 0 20 28 54 26 35 55 86 92 73 10 64 43 75 24 27 87 59 50 1 21 22
 79 32 61 54 97 38 92 44 90 92 14 71 55 12 23 3 19 5 80 0 42 40 97 59 2 95 64 39 86 55 37 37 47 38 38 68 8 60 27 28
 68 13 51 2 81 41 54 34 100 91 9 25 45 70 72 82 34 23 72 58 0 23 21 71 7 43 46 89 43 94 91 21 41 90 68 70 61 69 89 22
 99 66 43 68 44 1 39 92 85 55 81 34 5 12 5 79 44 44 46 60 77 0 31 84 64 43 0 46 96 81 46 62 46 96 56 41 42 12 13 47
 81 27 57 85 57 10 6 38 62 8 27 83 52 32 37 11 61 63 74 3 79 69 0 10 78 60 89 22 48 95 41 54 42 45 0 65 39 15 17 3
 44 20 39 13 51 50 88 70 12 8 78 72 61 19 98 91 64 39 65 41 29 16 90 0 36 95 41 42 56 19 27 88 6 18 20 76 30 67 12 57
 14 72 52 41 65 12 70 30 69 54 93 53 1 83 79 91 17 6 45 98 93 36 22 64 0 26 43 97 75 47 9 47 12 86 26 23 68 48 74 30
 53 89 100 5 58 23 96 42 37 45 7 83 51 69 61 43 49 28 14 5 57 57 40 5 74 0 22 13 3 84 51 87 83 18 14 93 12 60 39 58
 64 57 98 38 100 38 82 5 44 12 13 52 72 7 34 46 48 32 8 36 54 100 11 59 57 78 0 21 92 38 69 58 30 80 38 58 90 97 5 20
 69 83 14 20 64 95 34 64 76 59 21 35 95 75 97 19 36 66 27 61 11 54 78 58 3 87 79 0 2 89 76 19 16 26 99 99 10 17 49 21
 68 63 92 12 25 12 23 30 67 37 31 59 23 78 21 73 51 28 90 14 57 4 52 44 25 97 8 98 0 57 85 50 88 9 99 36 2 93 27 14
 68 93 44 84 34 66 35 28 63 17 80 84 61 43 18 51 43 4 36 45 6 19 5 81 53 16 62 11 43 0 28 95 73 70 98 72 33 18 63 85
 11 40 75 50 20 34 41 69 58 79 17 35 34 7 55 86 99 10 57 63 9 54 59 73 91 49 31 24 15 72 0 53 0 97 7 65 50 3 1 91
 30 42 19 93 89 29 12 48 47 80 5 20 62 93 53 67 72 24 25 63 79 38 46 12 53 13 42 81 50 5 47 0 49 88 42 68 37 22 23 24
 49 74 20 13 47 77 20 65 77 10 95 87 38 10 27 22 87 67 76 53 59 54 58 94 88 17 70 84 12 27 100 51 0 95 71 0 99 22 83 74
 36 17 71 14 72 19 27 25 63 76 34 2 89 77 49 15 53 52 73 62 10 4 55 82 14 82 20 74 91 30 3 12 5 0 6 44 8 34 44 34
 75 31 69 61 42 30 27 43 19 5 1 93 71 42 78 7 7 62 13 62 32 44 100 80 74 86 62 1 1 2 93 58 29 94 0 96 85 9 46 34
 68 87 97 93 69 31 70 75 9 32 39 78 32 85 18 66 10 60 41 32 30 59 35 24 77 7 42 1 64 28 35 32 100 56 4 0 94 83 33 34
 8 42 100 80 52 14 48 92 75 74 52 57 12 59 2 96 67 91 50 92 39 58 61 70 32 88 10 90 98 67 50 63 1 92 15 6 0 13 55 78
 29 75 81 8 60 86 9 16 11 44 100 96 19 40 78 93 19 13 99 40 31 88 85 33 52 40 3 83 7 82 97 78 78 66 91 17 87 0 16 42
 83 6 67 80 20 15 46 75 32 39 14 40 32 2 100 26 36 99 79 73 11 87 83 88 26 61 95 51 73 37 99 77 17 56 54 67 45 84 0 71
 80 37 18 58 18 52 89 35 96 2 76 19 84 99 61 26 43 15 78 72 78 53 97 43 70 42 80 79 86 15 9 76 26 66 66 66 22 58 29 0
