20

 0 66 94 67 85 22 86 67 3 19 7 54 62 6 38 15 23 78 45 6
 82 0 65 71 54 12 67 38 88 37 58 35 88 77 87 60 58 18 53 30
 34 19 0 35 12 52 78 48 58 54 76 0 77 51 23 58 78 31 75 73
 38 49 30 0 66 86 74 11 54 11 96 95 94 87 90 72 45 42 11 29
 79 42 18 19 0 15 9 51 73 90 50 98 12 35 96 98 42 57 71 74
 44 65 65 68 53 0 65 14 14 44 87 97 36 14 29 16 22 86 63 73
 29 88 66 86 77 43 0 33 31 51 39 15 70 27 88 69 9 68 50 69
 38 40 68 88 13 98 29 0 83 93 21 83 33 34 93 17 22 0 71 79
 11 62 71 93 44 48 10 19 0 52 66 50 1 81 71 94 31 55 23 73
 26 59 31 44 18 79 62 43 44 0 69 92 31 5 93 35 87 72 22 53
 73 96 54 70 65 95 86 73 97 97 0 28 66 49 85 43 87 21 31 8
 27 11 25 40 64 14 8 22 24 22 33 0 14 39 16 45 90 47 2 52
 12 7 10 36 90 48 10 22 48 86 18 44 0 30 30 26 38 67 60 23
 70 48 12 64 5 49 80 56 90 52 16 38 32 0 86 92 93 63 97 94
 26 7 92 40 20 24 89 15 33 71 19 58 28 44 0 74 13 67 81 76
 84 68 64 17 93 48 99 49 38 13 91 55 40 4 56 0 24 84 99 88
 86 15 62 70 18 16 96 49 9 96 32 45 81 2 71 12 0 96 36 38
 4 10 76 73 18 31 64 98 18 73 34 60 43 47 50 36 22 0 35 90
 78 1 36 15 12 76 53 15 24 14 70 5 25 68 74 87 10 62 0 92
 24 60 52 28 24 36 14 43 87 64 46 17 55 73 97 6 37 99 2 0
