20

 0 47 10 43 83 67 12 90 68 17 10 27 84 68 48 88 55 16 75 0
 53 0 13 83 88 29 39 60 5 47 17 95 34 83 52 95 94 66 20 17
 90 87 0 76 62 3 67 56 63 36 58 66 4 60 82 3 22 49 76 44
 57 17 24 0 64 93 72 70 29 76 45 44 52 13 63 59 99 38 70 37
 17 12 38 36 0 6 6 39 58 93 55 21 95 26 32 41 19 36 36 65
 33 71 97 7 94 0 16 96 65 81 19 70 32 84 84 52 15 68 24 82
 88 61 33 28 94 84 0 76 62 86 18 97 21 20 50 26 86 46 24 13
 10 40 44 30 61 4 24 0 87 8 43 42 13 67 32 40 28 84 9 22
 32 95 37 71 42 35 38 13 0 2 49 58 77 89 17 29 67 44 80 9
 83 53 64 24 7 19 14 92 98 0 9 97 80 33 86 69 36 4 69 87
 90 83 42 55 45 81 82 57 51 91 0 19 73 5 25 35 26 38 80 67
 73 5 34 56 79 30 3 58 42 3 81 0 98 75 93 11 62 18 87 13
 16 66 96 48 5 68 79 87 23 20 27 2 0 56 5 67 68 65 72 49
 32 17 40 87 74 16 80 33 11 67 95 25 44 0 78 14 70 60 87 55
 52 48 18 37 68 16 50 68 83 14 75 7 95 22 0 69 37 0 18 93
 12 5 97 41 59 48 74 60 71 31 65 89 33 86 31 0 66 12 37 91
 45 6 78 1 81 85 14 72 33 64 74 38 32 30 63 34 0 67 28 75
 84 34 51 62 64 32 54 16 56 96 62 82 35 40 100 88 33 0 8 45
 25 80 24 30 64 76 76 91 20 31 20 13 28 13 82 63 72 92 0 31
 100 83 56 63 35 18 87 78 91 13 33 87 51 45 7 9 25 55 69 0
