40

 0 77 25 3 36 52 16 37 55 48 6 83 5 85 74 78 31 65 63 66 8 69 87 85 0 12 50 13 21 95 57 84 69 80 56 53 53 70 60 70
 40 0 50 20 67 87 82 64 57 47 24 70 34 56 63 32 79 5 20 56 36 98 71 28 0 16 25 69 81 64 2 95 37 34 87 90 0 22 80 36
 85 39 0 86 80 51 1 15 20 4 20 44 63 63 61 74 45 44 89 88 48 8 51 63 62 76 76 88 50 94 5 58 80 45 8 23 92 6 66 97
 90 32 8 0 43 11 96 25 38 4 37 94 95 55 55 4 6 61 76 50 38 77 78 6 80 55 97 71 34 62 78 25 69 60 5 14 29 76 67 28
 44 53 59 11 0 91 23 15 9 5 72 74 93 62 80 34 49 22 21 60 32 50 30 9 15 52 47 10 84 11 13 56 44 9 55 48 9 18 89 98
 40 61 1 69 89 0 31 91 48 32 44 97 8 49 46 90 30 80 86 91 36 29 11 53 46 84 66 51 77 44 50 13 8 17 55 51 74 18 38 92
 37 53 19 4 66 83 0 49 38 36 34 47 23 47 96 38 25 97 68 11 80 62 32 94 14 85 5 64 50 26 53 32 28 48 94 89 24 45 56 14
 61 62 46 49 15 43 10 0 7 46 57 39 85 17 47 85 96 2 43 83 19 95 34 22 40 27 22 16 6 93 43 7 13 35 50 90 78 71 54 2
 32 26 14 29 24 78 8 9 0 34 28 1 31 82 88 43 68 80 55 55 11 79 80 57 77 97 69 95 46 54 70 14 45 37 49 67 55 33 89 7
 71 34 65 51 44 88 19 31 92 0 72 62 46 56 99 41 53 53 19 52 70 68 93 17 15 49 81 30 0 3 90 15 23 82 61 45 26 63 75 48
 21 54 3 53 56 9 47 20 86 81 0 52 79 93 21 91 5 91 72 1 68 52 96 27 70 51 12 83 95 98 76 73 5 14 44 46 1 64 70 55
 70 78 0 46 10 42 42 62 73 63 12 0 53 21 3 28 38 43 77 73 10 40 87 10 75 4 33 79 13 84 9 41 22 25 64 44 90 54 31 81
 68 6 11 34 57 17 63 63 82 7 66 92 0 90 28 53 2 58 35 91 30 60 89 79 81 48 76 65 16 74 62 34 24 13 63 8 30 95 73 50
 94 30 47 71 70 29 60 44 82 85 67 70 58 0 19 22 50 68 8 17 85 39 9 25 41 25 47 1 91 18 75 9 84 5 4 26 96 52 33 63
 80 16 29 64 6 74 87 14 13 21 9 59 44 3 0 81 78 41 58 41 83 14 28 0 45 21 95 38 46 45 74 67 31 27 17 75 14 43 66 58
 88 79 62 9 39 49 81 33 1 45 1 98 25 26 64 0 46 50 56 11 86 23 9 91 92 2 24 68 23 2 9 33 79 48 9 66 77 74 78 38
 6 52 31 88 25 94 42 71 0 11 2 14 38 65 44 59 0 72 6 84 88 98 91 40 62 44 78 12 4 33 80 25 86 97 72 50 45 64 93 45
 95 37 17 98 93 47 94 16 93 85 30 62 61 87 42 62 0 0 61 87 32 48 31 83 81 6 11 97 13 89 72 89 41 52 72 85 23 34 16 62
 62 73 26 73 48 3 67 99 92 51 73 79 46 70 17 65 53 25 0 65 63 59 16 31 81 17 80 58 76 81 67 25 87 88 79 25 16 86 34 31
 34 3 22 97 49 63 28 3 29 65 20 28 25 52 77 80 77 55 96 0 38 93 2 82 11 17 23 45 18 87 68 54 98 6 62 76 65 95 25 44
 5 27 18 1 6 27 52 1 67 92 42 83 33 43 28 35 70 62 61 90 0 15 30 76 81 94 87 91 33 74 19 11 82 82 51 73 17 78 2 61
 10 52 89 91 84 70 68 91 18 52 11 92 65 79 83 80 48 93 98 13 76 0 50 8 95 8 34 24 95 82 43 49 80 92 70 98 37 63 3 49
 13 46 75 62 10 22 67 44 17 73 12 90 82 10 79 80 14 81 91 73 39 47 0 50 4 51 32 54 91 19 78 68 54 79 46 31 81 94 60 47
 30 78 17 66 85 57 38 76 80 5 25 96 92 1 2 49 66 30 38 73 65 24 72 0 54 71 17 13 20 65 27 82 47 71 73 43 96 74 35 96
 26 20 85 83 61 84 50 13 12 53 17 7 10 40 27 10 65 95 52 42 17 62 97 95 0 98 22 39 21 99 1 81 10 5 68 28 88 20 15 27
 52 68 24 17 21 78 51 74 14 25 9 11 42 13 73 57 84 80 67 35 54 83 8 24 79 0 16 52 44 82 95 82 9 6 0 2 55 22 9 58
 44 28 27 39 73 16 35 23 42 8 52 39 64 91 99 72 88 46 84 7 31 78 90 33 49 48 0 6 67 51 43 52 80 57 14 10 30 15 23 80
 69 54 75 95 83 10 75 19 30 81 63 84 67 65 95 55 22 48 18 62 4 41 47 2 76 64 58 0 25 19 28 63 71 99 68 82 48 37 84 26
 1 53 65 16 15 75 34 32 70 53 40 89 12 78 6 71 79 68 95 47 89 76 71 42 71 88 94 67 0 65 51 94 36 63 1 32 68 87 99 51
 13 44 18 25 5 44 39 30 8 68 28 96 85 7 12 1 24 1 19 68 71 7 16 97 83 24 3 51 15 0 45 58 18 46 35 66 89 90 40 9
 75 61 48 11 80 39 63 57 14 31 18 9 74 19 27 6 39 35 50 0 78 70 45 20 31 26 67 24 68 2 0 11 11 77 17 40 74 46 39 21
 27 51 32 48 18 71 76 27 56 47 88 43 31 18 75 95 45 88 41 80 87 64 21 64 67 19 24 93 33 22 98 0 21 83 63 22 6 91 91 28
 46 12 11 87 11 70 75 86 99 82 67 59 27 45 36 99 56 28 10 26 28 37 46 82 21 15 56 5 39 25 19 21 0 83 51 2 82 86 54 43
 3 69 15 45 79 31 99 64 21 68 78 3 44 7 28 9 62 63 98 3 80 89 2 70 3 3 86 66 56 48 60 72 70 0 71 4 99 20 0 81
 62 26 28 98 36 73 99 93 62 71 55 57 99 7 55 5 75 20 57 14 68 19 23 87 41 59 49 80 11 69 29 18 31 26 0 77 72 41 54 45
 45 44 50 9 73 46 84 52 33 10 96 47 94 30 81 79 90 44 68 0 44 93 83 59 71 94 20 76 18 42 7 8 68 32 33 0 64 27 43 15
 87 47 85 5 63 7 93 87 72 5 56 29 71 55 1 42 21 28 46 67 27 80 62 88 20 92 45 13 73 36 82 50 9 86 47 95 0 97 11 75
 68 49 90 19 12 4 24 69 7 52 17 29 90 66 62 36 16 19 70 72 40 39 32 81 31 72 27 61 52 4 29 5 44 67 49 82 16 0 52 74
 70 80 91 82 65 0 92 9 60 90 17 58 58 83 23 0 17 74 49 79 1 98 92 65 40 58 8 47 61 0 94 69 16 31 79 60 70 56 0 2
 58 15 43 19 82 64 5 13 46 88 63 57 90 85 27 19 3 9 98 1 32 6 42 3 71 52 60 91 93 42 22 14 6 45 12 64 58 81 45 0
