40

 0 12 43 4 75 37 20 32 3 22 17 21 93 31 89 10 52 94 84 62 27 33 92 59 25 13 59 23 38 56 22 20 95 84 15 14 36 44 23 36
 88 0 29 72 44 55 49 15 31 54 53 33 99 79 36 14 57 49 72 20 88 64 24 33 17 45 62 7 10 61 65 62 5 52 9 56 77 25 59 68
 57 71 0 30 98 66 24 61 54 0 17 7 82 94 75 96 87 92 90 37 9 19 80 79 83 69 22 2 83 52 24 46 8 24 75 82 17 81 4 63
 96 28 70 0 63 44 73 32 49 69 24 29 94 44 86 30 56 17 27 57 81 98 13 36 73 85 3 99 62 15 35 4 73 89 69 98 30 66 54 61
 25 56 2 37 0 98 48 60 30 6 19 91 4 50 75 57 73 55 49 81 75 5 91 98 9 17 1 76 72 63 89 79 3 4 8 48 37 88 4 81
 63 45 34 56 2 0 60 58 89 53 22 73 46 35 31 71 52 13 8 97 80 73 66 83 31 43 90 94 56 0 70 83 87 16 45 76 81 72 88 39
 80 51 76 27 52 40 0 27 6 72 49 50 36 43 33 0 27 24 99 23 79 80 17 55 35 86 17 89 60 75 39 24 23 22 55 78 67 12 40 43
 68 85 39 68 40 42 73 0 53 55 12 6 92 41 78 4 30 63 95 44 6 21 27 31 26 18 8 16 40 45 42 85 75 24 63 78 41 32 19 7
 97 69 46 51 70 11 94 47 0 78 38 82 60 68 19 29 10 42 88 61 7 12 7 44 10 60 61 69 54 37 54 99 79 9 6 98 18 91 14 7
 78 46 100 31 94 47 28 45 22 0 69 59 62 86 59 97 67 30 21 68 85 99 73 72 62 76 19 67 73 11 87 70 95 54 35 87 2 10 73 91
 83 47 83 76 81 78 51 88 62 31 0 93 93 73 94 45 15 61 98 49 70 4 56 55 20 53 18 49 27 34 1 72 44 52 13 89 97 43 72 76
 79 67 93 71 9 27 50 94 18 41 7 0 92 2 80 85 34 84 55 45 8 18 3 56 78 23 39 54 73 78 43 19 83 25 74 20 81 50 37 94
 7 1 18 6 96 54 64 8 40 38 7 8 0 89 44 74 15 44 44 56 85 43 21 64 92 69 36 91 64 67 37 46 49 71 20 97 99 63 14 46
 69 21 6 56 50 65 57 59 32 14 27 98 11 0 93 42 98 63 86 33 8 56 98 10 59 44 62 53 92 73 40 59 30 9 55 64 4 5 23 56
 11 64 25 14 25 69 67 22 81 41 6 20 56 7 0 61 39 10 70 1 44 28 84 7 78 56 2 99 2 39 74 51 66 96 2 52 13 43 65 24
 90 86 4 70 43 29 100 96 71 3 55 15 26 58 39 0 99 17 36 30 69 8 35 3 73 63 63 3 60 56 29 69 51 24 7 84 28 28 63 97
 48 43 13 44 27 48 73 70 90 33 85 66 85 2 61 1 0 50 86 51 22 73 93 62 51 80 83 17 35 95 75 31 45 93 43 57 54 41 38 59
 6 51 8 83 45 87 76 37 58 70 39 16 56 37 90 83 50 0 30 20 75 99 25 37 51 57 96 24 27 9 4 54 87 24 12 42 14 44 71 40
 16 28 10 73 51 92 1 5 12 79 2 45 56 14 30 64 14 70 0 72 54 71 76 34 25 3 59 59 56 63 41 52 92 18 90 0 97 9 41 20
 38 80 63 43 19 3 77 56 39 32 51 55 44 67 99 70 49 80 28 0 99 0 96 86 28 26 21 70 51 80 55 31 28 10 51 84 3 76 9 48
 73 12 91 19 25 20 21 94 93 15 30 92 15 92 56 31 78 25 46 1 0 39 43 78 98 21 27 95 30 13 42 86 50 12 13 66 27 35 17 23
 67 36 81 2 95 27 20 79 88 1 96 82 57 44 72 92 27 1 29 100 61 0 27 59 85 4 19 55 1 90 49 52 99 82 17 97 21 57 38 27
 8 76 20 87 9 34 83 73 93 27 44 97 79 2 16 65 7 75 24 4 57 73 0 27 36 2 14 41 79 83 25 86 54 40 51 98 63 67 51 44
 41 67 21 64 2 17 45 69 56 28 45 44 36 90 93 97 38 63 66 14 22 41 73 0 86 98 88 23 6 63 55 85 76 38 30 29 75 35 72 11
 75 83 17 27 91 69 65 74 90 38 80 22 8 41 22 27 49 49 75 72 2 15 64 14 0 27 82 25 72 45 44 64 40 37 21 8 72 64 10 50
 87 55 31 15 83 57 14 82 40 24 47 77 31 56 44 37 20 43 97 74 79 96 98 2 73 0 58 13 83 95 58 2 12 39 70 4 58 65 80 47
 41 38 78 97 99 10 83 92 39 81 82 61 64 38 98 37 17 4 41 79 73 81 86 12 18 42 0 78 99 30 21 52 38 90 31 7 16 46 85 50
 77 93 98 1 24 6 11 84 31 33 51 46 9 47 1 97 83 76 41 30 5 45 59 77 75 87 22 0 40 64 10 29 66 74 82 52 82 80 6 61
 62 90 17 38 28 44 40 60 46 27 73 27 36 8 98 40 65 73 44 49 70 99 21 94 28 17 1 60 0 29 61 38 36 33 60 5 83 69 35 91
 44 39 48 85 37 100 25 55 63 89 66 22 33 27 61 44 5 91 37 20 87 10 17 37 55 5 70 36 71 0 27 69 9 20 27 32 98 50 29 9
 78 35 76 65 11 30 61 58 46 13 99 57 63 60 26 71 25 96 59 45 58 51 75 45 56 42 79 90 39 73 0 36 83 74 46 47 1 4 3 15
 80 38 54 96 21 17 76 15 1 30 28 81 54 41 49 31 69 46 48 69 14 48 14 15 36 98 48 71 62 31 64 0 91 43 49 56 32 96 5 46
 5 95 92 27 97 13 77 25 21 5 56 17 51 70 34 49 55 13 8 72 50 1 46 24 60 88 62 34 64 91 17 9 0 87 0 12 15 30 1 40
 16 48 76 11 96 84 78 76 91 46 48 75 29 91 4 76 7 76 82 90 88 18 60 62 63 61 10 26 67 80 26 57 13 0 50 83 10 98 85 97
 85 91 25 31 92 55 45 37 94 65 87 26 80 45 98 93 57 88 10 49 87 83 49 70 79 30 69 18 40 73 54 51 100 50 0 25 59 46 81 35
 86 44 18 2 52 24 22 22 2 13 11 80 3 36 48 16 43 58 100 16 34 3 2 71 92 96 93 48 95 68 53 44 88 17 75 0 9 24 18 56
 64 23 83 70 63 19 33 59 82 98 3 19 1 96 87 72 46 86 3 97 73 79 37 25 28 42 84 18 17 2 99 68 85 90 41 91 0 5 16 2
 56 75 19 34 12 28 88 68 9 90 57 50 37 95 57 72 59 56 91 24 65 43 33 65 36 35 54 20 31 50 96 4 70 2 54 76 95 0 45 13
 77 41 96 46 96 12 60 81 86 27 28 63 86 77 35 37 62 29 59 91 83 62 49 28 90 20 15 94 65 71 97 95 99 15 19 82 84 55 0 23
 64 32 37 39 19 61 57 93 93 9 24 6 54 44 76 3 41 60 80 52 77 73 56 89 50 53 50 39 9 91 85 54 60 3 65 44 98 87 77 0
