20

 0 4 20 76 84 72 24 38 5 38 46 40 82 52 0 54 71 7 77 95
 96 0 90 85 33 43 5 82 84 4 51 77 22 24 10 38 31 59 56 6
 80 10 0 6 10 49 17 46 27 42 4 57 71 21 94 46 28 10 1 31
 24 15 94 0 23 21 62 10 82 80 53 61 56 95 30 97 30 55 25 99
 16 67 90 77 0 66 31 3 33 56 63 7 53 34 75 47 44 37 61 93
 28 57 51 79 34 0 99 12 65 44 73 96 41 48 87 52 59 99 88 6
 76 95 83 38 69 1 0 36 91 74 3 90 38 72 41 91 42 80 88 58
 62 18 54 90 97 88 64 0 69 66 43 31 23 99 29 57 33 88 52 74
 95 16 73 18 67 35 9 31 0 93 61 6 74 65 17 45 22 16 99 98
 62 96 58 20 44 56 26 34 7 0 75 36 19 64 33 55 13 99 71 60
 54 49 96 47 37 27 97 57 39 25 0 44 32 41 79 43 75 69 17 28
 60 23 43 39 93 4 10 69 94 64 56 0 80 8 57 56 68 96 86 9
 18 78 29 44 47 59 62 77 26 81 68 20 0 24 50 21 6 92 88 11
 48 76 79 5 66 52 28 1 35 36 59 92 76 0 13 99 51 58 79 56
 100 90 6 70 25 13 59 71 83 67 21 43 50 87 0 70 21 91 40 64
 46 62 54 3 53 48 9 43 55 45 57 44 79 1 30 0 21 4 93 89
 29 69 72 70 56 41 58 67 78 87 25 32 94 49 79 79 0 19 14 11
 93 41 90 45 63 1 20 12 84 1 31 4 8 42 9 96 81 0 96 39
 23 44 99 75 39 12 12 48 1 29 83 14 12 21 60 7 86 4 0 47
 5 94 69 1 7 94 42 26 2 40 72 91 89 44 36 11 89 61 53 0
