20

 0 71 14 9 34 5 63 31 39 81 16 38 73 90 56 21 67 70 72 38
 72 0 12 36 75 12 18 93 17 68 12 57 86 41 14 47 60 19 70 90
 86 53 0 91 70 88 19 30 86 51 63 67 59 16 12 71 3 34 16 67
 10 98 44 0 22 50 72 0 31 28 96 16 60 50 77 43 79 83 45 77
 28 8 73 59 0 88 13 1 10 78 56 29 71 92 78 94 86 51 91 18
 4 8 56 92 67 0 20 31 42 84 8 53 52 2 58 34 26 77 25 2
 97 59 15 42 73 68 0 80 49 4 97 28 51 2 88 69 27 69 75 77
 29 26 93 93 66 58 17 0 35 61 50 10 61 30 44 19 36 45 45 69
 16 35 66 32 18 59 55 17 0 24 25 11 40 76 83 43 35 86 68 31
 43 74 11 60 94 76 92 53 53 0 93 60 1 1 15 71 3 89 41 69
 56 70 27 25 61 21 67 93 68 1 0 80 89 42 41 53 12 27 32 53
 97 91 31 83 27 3 55 99 49 7 6 0 80 93 58 83 42 33 98 73
 83 96 61 16 53 17 54 85 50 59 87 22 0 21 6 78 91 19 21 71
 50 0 6 94 28 89 74 19 45 34 2 31 4 0 67 98 58 83 88 83
 7 66 83 26 36 55 8 6 53 74 98 91 89 41 0 33 87 56 44 69
 64 25 61 76 1 21 59 25 37 32 61 56 99 98 30 0 23 58 58 28
 47 71 54 11 85 92 78 2 15 59 47 20 66 45 20 17 0 78 56 87
 55 25 78 28 57 34 54 58 33 29 94 32 98 24 24 56 31 0 20 21
 97 73 1 57 35 19 58 60 45 35 73 8 50 8 96 34 62 12 0 79
 61 47 5 68 89 47 94 78 92 73 25 48 3 4 0 86 90 16 75 0
