20

 0 60 57 66 54 49 90 24 91 61 4 67 52 92 40 0 34 40 78 78
 40 0 14 75 70 91 46 61 97 30 85 8 75 48 80 3 87 77 81 99
 43 86 0 1 25 70 86 37 71 30 59 98 58 33 99 98 84 81 75 38
 34 25 99 0 63 12 62 27 92 28 80 58 49 8 90 67 93 27 71 33
 46 30 75 37 0 98 26 92 43 43 89 22 27 46 55 14 66 93 16 39
 51 9 30 88 2 0 54 54 71 1 64 43 41 77 38 46 50 21 89 61
 10 54 14 38 74 46 0 36 89 43 25 73 90 42 87 11 10 38 38 57
 76 39 63 73 8 46 64 0 95 97 41 15 0 23 21 3 45 53 81 39
 9 3 29 8 57 29 11 5 0 69 98 56 92 43 13 81 83 42 93 20
 39 70 70 72 57 99 57 3 31 0 91 9 12 72 67 25 0 10 2 14
 96 15 41 20 11 36 75 59 2 9 0 39 33 60 81 65 14 32 86 85
 33 92 2 42 78 57 27 85 44 91 61 0 92 16 58 30 46 4 29 88
 48 25 42 51 73 59 10 100 8 88 67 8 0 37 57 77 31 35 70 97
 8 52 67 92 54 23 58 77 57 28 40 84 63 0 25 65 73 5 79 68
 60 20 1 10 45 62 13 79 87 33 19 42 43 75 0 89 42 64 27 30
 100 97 2 33 86 54 89 97 19 75 35 70 23 35 11 0 82 94 58 38
 66 13 16 7 34 50 90 55 17 100 86 54 69 27 58 18 0 60 85 63
 60 23 19 73 7 79 62 47 58 90 68 96 65 95 36 6 40 0 78 26
 22 19 25 29 84 11 62 19 7 98 14 71 30 21 73 42 15 22 0 98
 22 1 62 67 61 39 43 61 80 86 15 12 3 32 70 62 37 74 2 0
