40

 0 25 89 91 54 15 1 1 58 29 44 81 46 22 29 42 10 74 6 23 57 15 3 50 93 42 15 49 55 77 78 85 42 85 83 74 8 14 18 38
 8 0 17 21 97 43 70 99 21 20 2 43 8 33 41 38 35 61 78 5 60 30 97 20 70 6 63 43 17 85 59 4 32 72 81 74 64 87 16 78
 28 99 0 59 90 70 23 25 55 77 49 85 5 21 70 95 8 5 62 10 89 42 62 65 52 89 99 42 57 39 68 28 43 33 91 62 68 29 93 56
 7 26 2 0 78 56 61 52 76 48 30 3 56 99 46 97 56 99 11 96 2 48 45 26 92 66 8 11 29 51 64 92 58 80 35 15 4 38 89 73
 80 21 21 17 0 20 16 3 96 57 57 28 95 90 85 53 94 9 44 89 85 90 89 99 35 41 77 81 25 68 98 32 27 81 29 64 93 3 26 38
 19 73 3 9 21 0 76 7 48 23 19 41 31 69 27 99 88 85 67 73 80 6 88 73 75 36 9 21 23 18 85 79 60 58 73 59 59 21 57 33
 30 42 42 51 19 84 0 96 71 62 91 1 10 99 41 51 60 68 69 5 16 34 24 88 37 76 75 71 79 76 77 51 77 13 28 86 39 39 53 87
 42 70 45 48 33 18 49 0 18 79 11 83 3 82 15 77 71 70 3 65 70 47 23 58 23 17 32 66 39 27 68 82 87 21 14 26 52 29 74 60
 77 78 80 47 21 90 88 46 0 38 32 48 80 43 53 31 86 82 23 89 99 71 49 36 26 44 60 70 4 14 93 97 60 34 16 39 36 0 45 89
 82 95 44 87 80 69 33 15 66 0 70 10 52 3 88 28 25 18 24 39 63 3 53 22 84 94 58 66 10 35 97 15 52 36 24 80 11 5 42 71
 35 73 62 30 85 21 66 48 33 49 0 29 54 25 5 92 5 85 53 78 36 88 16 94 18 8 93 0 23 13 56 27 45 34 59 64 76 78 11 8
 77 68 40 93 34 12 84 95 11 43 56 0 27 60 84 85 99 38 37 55 29 34 88 93 74 69 33 39 78 21 74 19 27 30 78 2 3 84 42 36
 58 32 61 35 87 69 0 31 57 37 71 81 0 33 1 63 78 92 39 33 10 74 90 49 40 69 58 42 53 8 39 25 11 69 69 23 9 3 83 59
 3 5 5 6 40 11 67 58 17 2 45 96 42 0 82 88 63 65 48 76 59 63 42 49 96 33 50 69 13 88 5 83 80 79 3 37 23 27 99 7
 34 9 16 48 72 12 38 66 94 16 13 90 39 78 0 72 30 48 64 83 10 85 41 69 86 51 84 7 2 16 93 57 27 12 72 37 16 35 54 55
 12 62 76 76 10 90 80 49 68 59 16 28 57 65 84 0 95 19 94 91 35 13 14 48 36 68 32 15 58 95 33 10 17 37 54 96 4 80 30 44
 59 91 33 42 47 95 92 41 45 61 0 26 74 3 6 13 0 26 76 35 75 5 25 98 65 41 38 22 61 27 92 7 49 17 22 12 83 50 56 99
 2 19 22 0 54 21 6 91 86 17 73 50 99 65 53 61 56 0 74 44 94 60 12 91 2 66 36 45 37 99 68 93 90 98 19 12 51 37 9 66
 71 85 10 31 64 96 31 42 81 8 25 31 12 88 66 16 73 64 0 3 25 4 53 95 62 96 6 51 66 86 62 34 88 9 90 92 31 23 11 32
 78 63 48 35 49 6 85 52 63 4 71 50 10 54 58 57 22 49 66 0 17 88 38 29 27 74 98 2 1 90 55 39 23 99 50 68 11 94 40 45
 94 71 90 42 36 60 43 63 2 59 95 14 48 81 34 62 12 8 85 35 0 67 40 83 58 57 42 88 49 5 10 41 3 55 25 60 29 79 59 68
 2 8 92 48 93 35 94 34 65 83 68 36 80 99 66 49 27 2 90 99 20 0 2 23 89 50 33 4 84 5 67 63 99 24 69 99 75 30 37 40
 86 16 42 47 70 10 0 15 16 93 68 89 53 47 56 59 45 75 69 17 61 66 0 5 13 86 80 90 55 42 39 76 7 34 4 0 67 23 3 31
 67 6 33 53 16 14 72 85 99 25 26 79 25 46 58 33 76 8 82 80 89 61 24 0 45 53 73 76 16 79 34 6 50 32 19 26 68 31 65 87
 57 16 51 70 97 42 62 60 73 54 73 54 14 27 2 68 2 27 26 76 68 22 27 26 0 25 56 30 62 48 32 70 47 36 11 50 0 67 51 44
 46 35 44 6 99 16 71 29 44 52 32 30 85 78 90 15 17 25 41 31 26 74 20 41 83 0 69 31 7 70 33 15 76 58 80 0 74 0 94 1
 73 34 12 13 88 84 15 86 88 22 16 43 13 90 96 73 57 60 22 21 53 24 82 58 16 20 0 12 45 63 9 24 73 48 95 34 2 40 20 6
 22 85 13 65 17 67 77 80 3 39 38 83 53 9 55 39 55 30 19 19 46 97 8 57 60 25 4 0 20 48 40 90 43 80 96 18 58 79 98 63
 37 77 3 17 16 39 81 82 98 76 77 58 26 67 1 55 55 49 26 28 70 47 70 48 78 12 23 54 0 55 62 48 36 72 79 0 1 84 9 88
 26 1 73 82 72 32 27 74 84 94 46 65 78 5 65 51 24 18 21 98 6 25 61 42 54 17 29 35 0 0 6 91 67 46 63 76 65 0 8 86
 44 8 67 25 44 23 30 17 94 95 4 91 26 9 85 98 5 8 28 48 92 17 94 50 26 24 37 16 99 40 0 37 49 56 99 98 3 46 18 86
 9 81 14 69 30 24 48 10 37 36 76 1 77 9 90 94 48 16 29 33 62 57 66 40 14 1 15 86 4 12 14 0 21 87 16 9 18 96 16 75
 26 28 26 10 7 90 93 90 92 83 32 70 26 18 37 8 45 39 7 40 4 20 93 41 44 63 68 68 99 82 61 10 0 53 48 63 75 49 6 13
 19 93 37 52 49 28 18 23 0 28 68 72 14 45 87 87 50 50 19 12 84 58 74 78 91 45 40 69 43 50 78 13 70 0 55 62 88 97 28 77
 32 19 86 29 56 45 76 29 43 19 69 9 86 71 16 33 35 68 55 26 27 3 84 6 60 88 98 13 59 47 30 54 38 15 0 37 49 26 72 34
 14 79 81 92 24 26 17 4 57 13 95 78 34 82 17 9 36 55 6 93 37 69 59 62 81 23 20 66 28 73 15 30 46 68 63 0 84 89 27 36
 87 77 70 29 34 36 34 31 79 63 13 99 62 87 82 88 14 38 99 68 57 1 20 9 82 11 79 75 93 27 14 20 36 1 31 87 0 70 15 56
 82 81 21 88 90 23 66 67 22 18 53 67 73 97 54 52 36 35 11 32 30 94 81 16 7 39 43 3 64 77 13 8 73 88 11 59 64 0 69 50
 56 57 13 27 62 22 45 8 46 16 6 28 4 95 13 51 91 10 31 33 95 72 49 77 71 63 85 64 94 22 99 54 49 44 1 71 79 64 0 10
 69 90 64 64 47 28 59 45 2 96 91 53 98 76 46 84 7 1 59 20 21 14 59 83 92 3 16 84 53 49 59 84 98 5 31 24 7 77 25 0
