30

 0 37 79 15 86 51 83 3 53 5 6 90 83 36 9 29 31 40 62 68 73 42 97 74 12 14 5 46 84 8
 5 0 91 16 0 21 61 57 62 95 76 0 37 9 24 4 22 15 56 0 90 10 8 82 27 11 42 9 87 64
 59 35 0 60 90 44 42 57 97 57 81 46 51 53 92 2 76 48 47 71 21 14 3 92 89 41 11 25 61 21
 69 31 54 0 94 73 98 18 50 23 4 87 91 2 58 91 29 42 97 17 30 8 34 18 9 38 11 69 81 54
 74 25 42 68 0 61 71 29 73 77 25 65 30 71 88 38 12 55 13 9 19 47 42 22 52 83 33 26 40 37
 68 73 74 80 83 0 18 4 92 90 89 14 74 65 75 45 23 70 70 22 22 70 76 77 85 1 16 4 2 5
 93 5 43 78 64 83 0 45 20 52 47 87 63 95 36 49 95 33 38 4 20 5 89 76 49 2 23 53 82 57
 92 35 31 85 78 53 99 0 99 61 91 2 78 33 11 33 51 39 82 50 98 18 72 7 28 91 81 75 27 0
 68 66 93 83 63 91 68 68 0 9 61 19 42 23 71 29 18 12 69 79 5 86 19 14 25 31 87 77 25 92
 83 21 42 70 70 93 5 58 79 0 11 24 39 80 79 87 57 76 51 95 42 68 82 89 54 85 47 13 63 14
 94 80 60 35 47 19 63 94 24 2 0 21 29 20 37 49 5 22 75 56 0 4 5 95 25 85 0 22 24 21
 58 74 29 92 51 20 6 60 11 36 17 0 90 22 69 9 49 66 58 80 88 77 53 77 89 47 52 56 65 48
 27 82 51 29 95 63 62 16 80 74 68 96 0 8 76 48 24 44 63 85 56 75 3 66 64 19 28 86 65 75
 10 57 43 12 49 87 67 16 44 95 27 33 91 0 60 42 33 19 10 64 14 90 3 90 21 41 48 51 90 22
 32 56 54 28 99 11 4 78 24 11 47 52 25 14 0 40 57 55 10 68 43 59 71 47 6 95 30 28 70 20
 90 94 0 52 25 59 74 54 49 91 87 10 8 80 48 0 44 52 30 70 16 64 16 20 54 4 10 69 10 0
 39 30 33 39 12 83 34 81 57 49 58 56 53 62 90 62 0 88 2 28 0 63 26 66 98 39 87 78 59 60
 12 69 54 24 36 55 90 29 51 45 77 73 97 50 57 45 47 0 12 20 36 77 28 22 44 21 89 71 91 53
 82 52 5 72 55 78 9 60 60 93 57 97 10 46 43 16 68 78 0 65 20 5 70 80 99 9 67 41 67 34
 92 47 60 39 68 77 49 38 72 24 71 45 33 81 51 77 95 88 29 0 38 45 20 29 15 88 85 42 29 90
 21 62 65 37 58 14 80 28 69 69 16 8 19 89 98 70 64 82 32 42 0 56 91 72 59 69 84 91 23 2
 89 10 51 50 6 52 59 93 52 3 71 83 92 67 21 15 92 5 45 69 0 0 26 42 25 89 85 14 84 84
 39 81 43 19 29 36 32 77 48 41 69 67 24 84 13 78 98 68 28 53 13 25 0 44 42 46 6 43 93 71
 48 79 81 76 60 43 32 15 6 89 99 5 37 45 91 51 3 74 98 89 62 34 88 0 49 24 50 5 62 81
 29 50 3 86 32 18 27 13 48 36 48 9 48 98 90 75 93 8 69 57 89 57 2 44 0 65 13 79 51 66
 43 93 33 17 63 16 60 81 61 30 30 26 13 39 43 32 15 69 15 18 85 60 2 29 29 0 21 32 68 53
 14 62 6 63 34 7 99 99 38 19 57 5 43 3 57 36 66 3 61 45 69 70 78 94 30 2 0 9 52 35
 92 37 5 1 78 39 93 99 10 67 65 5 80 1 30 51 34 14 33 31 30 99 56 86 64 18 19 0 66 47
 26 39 39 95 98 81 38 13 99 38 0 45 58 82 3 74 11 43 43 86 95 39 30 54 43 43 94 43 0 44
 63 87 70 77 4 65 27 90 5 34 21 95 32 84 37 74 51 67 68 32 49 58 94 11 37 72 92 37 88 0
