50

 0 80 84 79 58 70 18 77 48 67 88 12 34 83 22 90 74 75 94 89 0 6 27 51 3 31 92 42 43 34 33 76 4 32 6 38 22 22 23 95 22 76 27 47 75 4 37 67 2 70
 20 0 51 91 10 66 48 15 74 99 76 92 83 31 1 84 14 98 9 6 31 12 37 19 48 78 75 2 57 17 69 85 68 29 7 69 45 21 44 55 78 34 19 74 80 39 25 96 32 56
 16 49 0 82 17 39 82 44 67 44 25 46 62 33 23 92 39 6 48 67 26 30 7 28 78 9 67 51 7 91 89 1 13 20 52 89 1 32 50 74 92 9 74 61 91 77 93 66 93 96
 21 9 18 0 15 13 56 95 79 96 46 54 57 50 41 44 57 63 86 2 76 47 86 61 5 82 28 99 54 80 56 3 55 62 80 97 88 4 52 47 70 98 90 48 39 78 22 32 76 18
 42 90 83 85 0 66 99 92 68 91 58 76 2 73 20 73 13 43 28 47 87 89 97 41 33 60 69 39 91 70 96 65 11 92 56 30 55 8 95 1 76 7 95 60 29 7 74 31 17 59
 30 34 61 87 34 0 86 81 73 70 31 94 95 15 98 85 77 73 43 13 88 34 48 72 40 24 41 15 97 84 24 45 37 90 65 65 7 78 25 15 34 51 31 0 19 55 56 59 94 69
 82 52 18 44 1 14 0 47 45 59 49 78 26 82 58 15 72 90 37 28 24 79 26 44 32 17 45 34 95 82 83 90 37 79 74 26 0 83 15 41 89 7 5 20 91 7 52 2 23 97
 23 85 56 5 8 19 53 0 47 91 6 31 59 51 22 75 64 36 12 85 60 91 41 64 87 43 53 64 94 10 80 25 8 37 53 34 83 57 5 42 61 10 38 55 76 28 63 49 40 6
 52 26 33 21 32 27 55 53 0 32 49 88 80 50 3 56 15 2 23 31 66 23 77 85 93 40 40 93 25 89 71 34 81 4 98 57 89 93 77 33 69 4 53 23 60 69 86 25 8 19
 33 1 56 4 9 30 41 9 68 0 29 48 27 21 5 39 2 77 96 36 53 42 85 32 23 16 91 64 66 91 77 83 99 89 56 93 98 38 77 7 84 58 55 88 35 6 7 36 19 77
 12 24 75 54 42 69 51 94 51 71 0 68 37 85 7 37 41 55 86 43 86 80 36 82 48 31 62 25 59 0 64 84 81 95 98 72 23 63 20 64 79 56 65 80 89 60 9 96 8 61
 88 8 54 46 24 6 22 69 12 52 32 0 26 36 22 26 97 9 48 31 57 53 7 64 38 98 77 6 59 80 52 61 26 45 51 28 94 18 39 29 11 64 42 83 9 66 29 75 29 46
 66 17 38 43 98 5 74 41 20 73 63 74 0 74 87 37 65 73 96 54 31 10 64 32 48 70 33 37 14 37 44 6 28 50 44 89 0 2 74 69 87 38 34 77 24 41 46 11 22 1
 17 69 67 50 27 85 18 49 50 79 15 64 26 0 51 86 28 49 72 69 79 26 92 88 43 92 66 12 37 42 56 97 97 10 3 37 41 12 73 10 90 41 71 4 2 50 32 67 99 81
 78 99 77 59 80 2 42 78 97 95 93 78 13 49 0 1 33 29 48 1 42 18 57 80 64 69 57 78 32 75 86 19 98 28 71 26 31 35 3 63 37 25 30 7 41 36 8 89 55 10
 10 16 8 56 27 15 85 25 44 61 63 74 63 14 99 0 76 19 89 75 40 9 80 49 35 97 60 74 30 35 33 87 52 2 6 71 81 75 51 47 48 7 64 77 37 1 99 30 85 20
 26 86 61 43 87 23 28 36 85 98 59 3 35 72 67 24 0 81 3 32 30 62 46 31 68 56 46 51 13 2 45 11 22 21 17 94 44 39 8 52 31 63 19 51 42 61 63 26 5 74
 25 2 94 37 57 27 10 64 98 23 45 91 27 51 71 81 19 0 38 77 58 75 70 67 86 86 61 31 6 4 29 21 92 99 31 1 94 50 58 71 96 54 96 15 92 5 30 19 79 77
 6 91 52 14 72 57 63 88 77 4 14 52 4 28 52 11 97 62 0 78 88 51 78 3 6 3 24 78 1 47 43 14 31 83 94 28 71 16 57 50 70 46 9 68 53 49 88 6 24 67
 11 94 33 98 53 87 72 15 69 64 57 69 46 31 99 25 68 23 22 0 20 26 42 18 30 48 76 50 84 14 64 52 68 14 97 61 29 47 88 72 1 87 61 49 38 41 41 1 69 25
 100 69 74 24 13 12 76 40 34 47 14 43 69 21 58 60 70 42 12 80 0 91 59 72 63 50 99 55 1 55 23 36 13 97 73 30 63 68 20 81 0 57 38 37 53 15 85 72 4 86
 94 88 70 53 11 66 21 9 77 58 20 47 90 74 82 91 38 25 49 74 9 0 73 76 66 39 34 16 67 95 29 38 1 38 71 55 86 59 86 8 65 60 48 47 82 55 97 43 78 70
 73 63 93 14 3 52 74 59 23 15 64 93 36 8 43 20 54 30 22 58 41 27 0 61 96 30 68 33 67 82 56 49 12 97 94 36 44 69 99 18 49 47 8 72 77 2 0 86 85 76
 49 81 72 39 59 28 56 36 15 68 18 36 68 12 20 51 69 33 97 82 28 24 39 0 22 49 88 73 25 64 17 19 31 20 87 10 39 71 79 21 21 72 56 83 13 87 60 46 56 29
 97 52 22 95 67 60 68 13 7 77 52 62 52 57 36 65 32 14 94 70 37 34 4 78 0 10 82 13 27 56 57 72 83 27 47 90 55 57 68 61 6 36 67 26 31 84 45 14 53 6
 69 22 91 18 40 76 83 57 60 84 69 2 30 8 31 3 44 14 97 52 50 61 70 51 90 0 46 74 12 84 39 30 83 51 99 4 30 66 72 91 25 22 26 34 28 44 9 2 34 46
 8 25 33 72 31 59 55 47 60 9 38 23 67 34 43 40 54 39 76 24 1 66 32 12 18 54 0 81 2 99 84 68 77 99 19 32 49 51 70 42 89 72 13 30 67 47 83 34 89 6
 58 98 49 1 61 85 66 36 7 36 75 94 63 88 22 26 49 69 22 50 45 84 67 27 87 26 19 0 56 7 46 24 13 81 24 3 61 21 34 27 76 55 75 63 35 9 13 92 98 40
 57 43 93 46 9 3 5 6 75 34 41 41 86 63 68 70 87 94 99 16 99 33 33 75 73 88 98 44 0 3 9 11 24 82 10 51 51 50 20 14 68 20 2 67 32 78 63 85 88 20
 66 83 9 20 30 16 18 90 11 9 100 20 63 58 25 65 98 96 53 86 45 5 18 36 44 16 1 93 97 0 5 65 68 19 16 47 75 71 74 49 47 15 51 46 46 15 90 87 52 82
 67 31 11 44 4 76 17 20 29 23 36 48 56 44 14 67 55 71 57 36 77 71 44 83 43 61 16 54 91 95 0 40 51 34 67 64 47 37 22 31 34 20 23 3 69 61 52 52 84 67
 24 15 99 97 35 55 10 75 66 17 16 39 94 3 81 13 89 79 86 48 64 62 51 81 28 70 32 76 89 35 60 0 64 18 90 90 39 69 6 84 48 12 32 48 20 50 91 8 75 99
 96 32 87 45 89 63 63 92 19 1 19 74 72 3 2 48 78 8 69 32 87 99 88 69 17 17 23 87 76 32 49 36 0 62 1 53 90 4 21 62 23 9 11 9 75 99 71 2 69 15
 68 71 80 38 8 10 21 63 96 11 5 55 50 90 72 98 79 1 17 86 3 62 3 80 73 49 1 19 18 81 66 82 38 0 11 23 18 93 65 38 51 80 95 91 52 79 15 67 8 7
 94 93 48 20 44 35 26 47 2 44 2 49 56 97 29 94 83 69 6 3 27 29 6 13 53 1 81 76 90 84 33 10 99 89 0 99 92 36 4 2 22 76 43 80 95 50 22 16 73 76
 62 31 11 3 70 35 74 66 43 7 28 72 11 63 74 29 6 99 72 39 70 45 64 90 10 96 68 97 49 53 36 10 47 77 1 0 63 24 78 2 22 35 27 64 1 58 22 5 8 95
 78 55 99 12 45 93 100 17 11 2 77 6 100 59 69 19 56 6 29 71 37 14 56 61 45 70 51 39 49 25 53 61 10 82 8 37 0 61 52 30 47 20 27 44 50 45 92 76 4 37
 78 79 68 96 92 22 17 43 7 62 37 82 98 88 65 25 61 50 84 53 32 41 31 29 43 34 49 79 50 29 63 31 96 7 64 76 39 0 96 78 82 76 36 79 97 99 26 73 57 86
 77 56 50 48 5 75 85 95 23 23 80 61 26 27 97 49 92 42 43 12 80 14 1 21 32 28 30 66 80 26 78 94 79 35 96 22 48 4 0 49 38 72 77 52 48 5 43 34 1 25
 5 45 26 53 99 85 59 58 67 93 36 71 31 90 37 53 48 29 50 28 19 92 82 79 39 9 58 73 86 51 69 16 38 62 98 98 70 22 51 0 61 13 1 44 76 91 55 8 70 61
 78 22 8 30 24 66 11 39 31 16 21 89 13 10 63 52 69 4 30 99 100 35 51 79 94 75 11 24 32 53 66 52 77 49 78 78 53 18 62 39 0 3 80 65 29 19 54 3 8 21
 24 66 91 2 93 49 93 90 96 42 44 36 62 59 75 93 37 46 54 13 43 40 53 28 64 78 28 45 80 85 80 88 91 20 24 65 80 24 28 87 97 0 31 5 2 30 86 42 14 87
 73 81 26 10 5 69 95 62 47 45 35 58 66 29 70 36 81 4 91 39 62 52 92 44 33 74 87 25 98 49 77 68 89 5 57 73 73 64 23 99 20 69 0 65 4 62 6 93 62 31
 53 26 39 52 40 100 80 45 77 12 20 17 23 96 93 23 49 85 32 51 63 53 28 17 74 66 70 37 33 54 97 52 91 9 20 36 56 21 48 56 35 95 35 0 62 43 21 14 27 24
 25 20 9 61 71 81 9 24 40 65 11 91 76 98 59 63 58 8 47 62 47 18 23 87 69 72 33 65 68 54 31 80 25 48 5 99 50 3 52 24 71 98 96 38 0 95 52 71 89 32
 96 61 23 22 93 45 93 72 31 94 40 34 59 50 64 99 39 95 51 59 85 45 98 13 16 56 53 91 22 85 39 50 1 21 50 42 55 1 95 9 81 70 38 57 5 0 17 70 14 77
 63 75 7 78 26 44 48 37 14 93 91 71 54 68 92 1 37 70 12 59 15 3 100 40 55 91 17 87 37 10 48 9 29 85 78 78 8 74 57 45 46 14 94 79 48 83 0 88 99 32
 33 4 34 68 69 41 98 51 75 64 4 25 89 33 11 70 74 81 94 99 28 57 14 54 86 98 66 8 15 13 48 92 98 33 84 95 24 27 66 92 97 58 7 86 29 30 12 0 56 49
 98 68 7 24 83 6 77 60 92 81 92 71 78 1 45 15 95 21 76 31 96 22 15 44 47 66 11 2 12 48 16 25 31 92 27 92 96 43 99 30 92 86 38 73 11 86 1 44 0 28
 30 44 4 82 41 31 3 94 81 23 39 54 99 19 90 80 26 23 33 75 14 30 24 71 94 54 94 60 80 18 33 1 85 93 24 5 63 14 75 39 79 13 69 76 68 23 68 51 72 0
