100

 0 67 25 39 38 99 25 33 54 47 71 53 85 17 93 38 56 28 38 16 24 23 32 22 89 70 59 34 1 9 50 52 88 15 6 40 43 89 77 38 54 38 56 44 36 21 5 12 52 1 91 85 76 54 56 82 33 58 2 16 16 41 13 14 45 59 29 29 84 0 0 69 18 85 22 64 20 69 91 89 84 49 18 70 89 9 9 67 45 9 18 45 49 20 43 97 55 67 75 32
 33 0 31 14 22 21 81 18 68 27 91 34 84 74 70 28 27 28 64 45 79 45 60 97 21 1 80 30 7 57 76 41 54 65 77 0 74 91 85 87 4 42 57 14 3 95 38 13 18 28 88 55 0 99 88 94 76 17 8 55 60 84 71 12 52 51 9 81 38 19 74 62 84 23 6 85 80 58 68 36 43 60 25 61 7 22 38 5 43 80 42 88 90 39 81 32 93 79 43 81
 75 69 0 51 67 1 29 36 26 31 78 2 6 66 12 95 47 44 48 35 94 14 22 7 44 60 83 43 37 45 94 93 29 58 79 17 83 88 44 77 98 67 9 93 67 41 26 83 2 33 65 17 73 40 75 12 89 39 24 23 40 78 43 53 86 55 20 58 37 95 54 69 38 40 78 97 84 45 12 96 23 11 9 72 58 17 83 42 48 45 58 63 6 68 81 93 71 4 35 98
 61 86 49 0 93 57 11 81 47 41 25 67 5 90 79 28 23 13 56 88 80 59 10 53 70 89 79 21 69 12 84 73 90 74 75 42 3 0 38 69 85 12 98 37 96 91 98 38 7 89 49 89 78 46 69 40 55 25 13 73 75 38 52 70 4 61 45 81 57 53 93 56 26 14 68 5 87 23 62 54 63 65 24 45 9 65 70 31 36 71 66 43 68 45 49 25 99 26 22 75
 62 78 33 7 0 17 23 80 37 34 2 40 10 85 59 9 66 90 15 26 77 93 92 27 13 2 10 26 26 54 32 47 56 96 69 9 55 92 9 5 11 94 7 51 36 52 44 66 73 68 9 34 86 48 56 51 10 59 56 65 72 53 0 59 36 19 38 83 14 29 8 58 45 55 95 4 88 48 16 88 91 16 6 80 55 1 6 26 82 34 72 46 63 35 33 65 82 99 7 93
 1 79 99 43 83 0 5 76 33 86 62 45 83 89 88 59 76 89 84 31 42 6 33 14 2 84 96 32 55 85 26 66 92 55 84 10 96 5 28 8 18 85 24 93 16 54 18 92 96 56 88 13 35 23 26 27 38 39 92 0 50 34 81 66 48 11 29 39 98 33 71 28 11 20 8 8 44 48 3 50 56 73 96 22 42 8 78 3 48 0 71 65 43 46 3 55 80 77 78 47
 75 19 71 89 77 95 0 13 96 65 13 16 89 34 39 37 95 70 89 47 75 36 66 44 24 13 72 59 81 13 38 87 65 84 72 98 15 79 78 45 90 27 14 0 3 59 14 61 93 38 87 55 92 1 45 34 79 85 51 36 20 93 16 62 28 69 37 41 46 91 43 46 4 31 82 65 70 19 51 33 4 44 86 50 5 0 99 74 66 76 42 90 25 39 49 4 46 31 7 14
 67 82 64 19 20 24 87 0 48 71 85 0 20 41 77 73 14 47 8 18 67 71 44 89 26 19 0 29 55 32 72 50 54 6 1 66 88 52 4 54 13 22 66 65 17 38 85 0 45 94 85 92 79 43 98 69 0 99 82 88 64 93 56 58 47 23 91 78 39 38 82 59 20 54 88 63 94 31 5 97 83 4 96 73 99 36 14 38 97 60 38 53 55 70 91 31 42 46 80 10
 46 32 74 53 63 67 4 52 0 98 64 8 8 4 57 68 13 29 45 91 17 56 10 53 13 18 61 48 39 13 31 93 73 61 47 22 84 7 16 85 27 33 91 5 2 36 27 35 85 31 49 42 47 26 49 4 19 82 75 54 37 33 15 44 76 87 88 51 90 75 0 34 98 81 13 97 54 41 75 94 65 47 40 75 33 99 57 52 94 45 15 22 43 28 86 9 75 35 72 35
 53 73 69 59 66 14 35 29 2 0 95 88 28 12 2 63 25 69 30 13 99 26 31 27 22 12 38 78 13 30 70 98 5 12 99 63 51 8 58 19 7 0 50 1 20 26 25 5 41 6 58 71 18 10 82 75 40 58 62 81 21 78 63 41 33 7 11 28 93 69 0 41 89 92 40 45 70 61 21 15 53 33 51 20 28 9 0 14 66 20 63 82 42 97 83 82 86 13 82 9
 29 9 22 75 98 38 87 15 36 5 0 47 11 78 65 18 87 66 30 19 20 80 5 18 28 96 53 41 51 3 82 41 48 40 75 60 41 42 18 15 10 52 76 56 20 68 66 43 76 68 75 16 40 15 63 42 44 48 38 96 69 43 98 57 84 52 92 85 87 79 54 20 44 84 19 56 86 91 66 67 60 4 18 72 14 6 34 12 98 95 12 38 32 56 45 0 63 50 71 29
 47 66 98 33 60 55 84 100 92 12 53 0 40 82 41 31 33 28 4 20 40 14 48 84 29 48 82 79 19 67 86 51 85 53 75 35 54 31 91 92 34 15 90 21 81 96 79 96 80 68 23 79 39 2 93 84 67 45 55 42 88 19 35 54 52 36 8 75 80 97 44 34 38 69 36 99 48 44 67 24 33 52 87 93 29 32 56 77 55 56 54 4 84 56 25 63 97 80 26 76
 15 16 94 95 90 17 11 80 92 72 89 60 0 48 69 55 40 7 77 31 3 59 6 79 57 50 71 63 53 53 76 54 17 21 14 85 57 33 64 93 28 93 97 2 89 34 58 56 41 9 7 7 37 14 12 18 5 99 6 15 94 72 71 23 0 94 72 73 86 27 60 79 0 75 61 49 77 33 68 74 94 61 10 99 5 0 5 17 74 32 75 63 53 85 54 81 61 24 52 70
 83 26 34 10 15 11 66 59 96 88 22 18 52 0 57 71 75 62 88 59 60 37 11 65 32 19 97 20 97 3 30 19 44 51 58 43 78 73 95 80 96 43 65 33 71 79 52 3 79 9 36 4 70 1 30 39 75 9 56 40 50 26 33 45 55 39 93 12 11 10 59 47 71 78 90 25 1 27 49 88 84 29 12 49 19 55 57 70 96 29 33 98 55 25 69 42 74 57 77 63
 7 30 88 21 41 12 61 23 43 98 35 59 31 43 0 62 29 1 30 65 41 4 89 97 39 42 10 51 29 47 44 84 44 86 23 41 33 74 39 85 62 9 97 82 98 70 9 99 46 44 87 92 69 11 69 24 24 42 50 14 11 12 11 25 75 46 35 64 24 90 56 96 56 81 12 77 81 87 0 98 10 0 5 76 77 74 69 36 4 33 74 37 16 15 36 55 80 75 81 65
 62 72 5 72 91 41 63 27 32 37 82 69 45 29 38 0 79 10 21 96 43 52 68 31 76 10 99 97 83 73 67 14 26 46 60 90 86 34 67 92 10 47 62 82 33 4 25 73 18 50 29 76 76 14 27 41 95 96 99 35 95 74 80 41 97 20 58 34 75 55 32 61 77 82 83 14 59 82 1 71 11 51 0 5 93 76 92 25 93 36 10 17 96 8 70 68 57 64 58 42
 44 73 53 77 34 24 5 86 87 75 13 67 60 25 71 21 0 80 32 12 14 86 23 34 91 13 68 0 4 9 93 97 12 79 54 51 37 0 30 64 71 6 31 2 22 56 42 33 10 44 68 97 65 49 40 93 18 34 91 36 73 23 12 41 87 65 95 10 48 1 45 36 33 20 14 75 63 46 71 5 90 86 5 41 87 86 77 90 69 69 27 54 4 20 30 55 18 22 19 71
 72 72 56 87 10 11 30 53 71 31 34 72 93 38 99 90 20 0 67 43 42 38 71 87 40 36 92 68 91 40 53 26 18 59 35 61 0 12 94 64 85 91 68 60 48 41 58 93 44 67 9 47 64 70 96 18 12 13 67 34 91 55 78 78 75 4 61 94 27 76 8 61 64 15 60 2 24 30 23 95 50 26 12 1 54 31 89 60 75 93 65 15 71 30 28 84 93 26 86 88
 62 36 52 44 85 16 11 92 55 70 70 96 23 12 70 79 68 33 0 79 49 54 8 58 89 17 57 6 73 99 27 86 38 87 67 80 72 24 56 65 24 75 2 29 44 25 90 29 26 5 45 57 73 91 4 5 36 66 8 59 24 37 10 77 9 8 34 66 87 46 53 77 33 72 1 65 79 6 35 93 18 80 5 38 20 79 17 95 65 30 60 5 79 93 82 70 69 84 20 85
 84 55 65 12 74 69 53 82 9 87 81 80 69 41 35 4 88 57 21 0 38 5 59 27 56 54 72 6 82 86 47 4 15 23 22 84 99 88 49 25 56 61 52 33 42 98 69 41 39 12 25 2 87 74 6 36 3 29 47 47 42 81 61 75 32 85 57 39 36 53 10 51 62 36 66 25 0 72 37 18 14 28 66 40 41 45 61 88 22 85 33 91 72 48 61 41 90 47 4 24
 76 21 6 20 23 58 25 33 83 1 80 60 97 40 59 57 86 58 51 62 0 29 84 44 23 70 58 55 16 9 25 60 1 21 58 23 92 6 42 58 88 88 44 10 39 53 23 23 0 5 83 30 30 24 34 50 31 70 75 59 18 72 40 87 20 56 63 6 93 50 83 43 64 31 87 33 70 56 83 68 75 29 17 62 51 53 38 94 43 84 24 34 72 92 69 69 57 0 7 76
 77 55 86 41 7 94 64 29 44 74 20 86 41 63 96 48 14 62 46 95 71 0 45 22 77 53 21 92 93 92 27 45 42 98 80 6 32 59 78 43 86 14 52 70 92 39 76 76 94 75 52 63 82 51 42 44 8 21 9 86 51 65 69 73 25 87 23 26 55 59 88 53 50 57 19 17 28 14 14 9 40 67 98 66 73 69 62 78 21 50 28 24 69 56 59 34 37 74 81 44
 68 40 78 90 8 67 34 56 90 69 95 52 94 89 11 32 77 29 92 41 16 55 0 56 8 57 44 50 75 40 58 63 95 0 50 62 61 10 53 62 16 5 37 50 29 52 81 6 62 81 18 99 39 15 64 57 69 52 67 39 26 12 99 73 26 55 71 85 28 11 98 75 63 62 52 43 30 74 72 1 52 12 96 38 78 29 29 52 59 19 52 66 52 38 33 33 73 25 18 88
 78 3 93 47 73 86 56 11 47 73 82 16 21 35 3 69 66 13 42 73 56 78 44 0 7 10 90 59 41 87 74 42 93 6 26 53 20 2 62 43 85 10 92 86 21 4 66 55 71 41 7 2 26 48 2 68 78 16 80 47 54 83 21 87 18 79 38 47 55 50 91 46 0 39 29 27 36 44 38 69 47 61 29 61 88 51 14 11 36 99 36 26 31 72 12 14 26 41 4 11
 11 79 56 30 87 98 76 74 87 78 72 71 43 68 61 24 9 60 11 44 77 23 92 93 0 87 40 11 27 46 27 0 17 27 8 16 1 24 78 94 97 83 1 23 33 7 99 28 10 80 55 69 29 80 45 44 38 18 31 27 84 9 70 78 83 10 71 41 68 45 71 81 75 54 82 24 31 61 30 4 82 37 14 54 28 48 44 60 45 21 75 55 51 97 3 9 59 81 82 85
 30 99 40 11 98 16 87 81 82 88 4 52 50 81 58 90 87 64 83 46 30 47 43 90 13 0 74 43 3 80 98 86 72 34 12 41 24 41 86 21 13 10 89 43 54 51 16 59 66 54 18 19 5 32 78 46 39 47 13 37 3 60 84 96 2 57 90 41 80 75 85 17 29 84 35 93 9 92 10 76 3 8 18 55 65 41 22 18 16 90 67 26 11 65 54 67 60 51 76 73
 41 20 17 21 90 4 28 100 39 62 47 18 29 3 90 1 32 8 43 28 42 79 56 10 60 26 0 3 9 24 20 91 11 15 31 79 6 60 82 87 53 85 41 10 30 13 79 22 47 87 29 87 7 40 23 61 96 27 16 17 49 1 98 95 71 41 8 35 60 18 84 48 43 93 70 51 95 96 4 79 10 84 60 36 38 21 3 75 4 95 42 27 8 92 52 80 86 74 95 97
 66 70 57 79 74 68 41 71 52 22 59 21 37 80 49 3 100 32 94 94 45 8 50 41 89 57 97 0 79 20 15 24 26 42 60 90 54 25 37 45 35 33 12 6 88 79 35 16 25 12 35 16 88 7 56 6 57 67 86 29 25 33 9 48 3 43 2 64 5 3 17 68 40 76 8 22 53 21 35 91 37 93 48 69 87 17 78 55 5 14 63 77 82 63 98 3 93 84 61 37
 99 93 63 31 74 45 19 45 61 87 49 81 47 3 71 17 96 9 27 18 84 7 25 59 73 97 91 21 0 68 59 14 24 14 43 38 22 5 7 38 25 81 84 96 34 49 94 30 13 19 81 80 77 91 93 90 67 13 40 80 98 74 42 27 6 3 49 27 57 30 48 35 33 34 30 76 75 12 96 44 70 94 34 93 67 73 20 5 48 55 59 5 14 5 51 91 64 34 49 74
 91 43 55 88 46 15 87 68 87 70 97 33 47 97 53 27 91 60 1 14 91 8 60 13 54 20 76 80 32 0 21 95 59 28 19 95 78 64 97 57 62 39 85 80 43 27 47 4 60 29 21 38 58 95 89 28 27 82 65 24 29 70 52 9 45 8 65 63 70 25 56 84 8 16 56 57 43 96 97 60 9 98 7 24 6 74 95 67 94 47 50 34 79 48 7 96 80 39 76 69
 50 24 6 16 68 74 62 28 69 30 18 14 24 70 56 33 7 47 73 53 75 73 42 26 73 2 80 85 41 79 0 73 54 97 63 22 34 63 48 33 45 68 68 33 88 60 30 18 81 3 52 74 68 63 69 28 37 75 16 62 24 8 89 20 98 91 78 96 25 24 7 58 76 62 94 84 23 26 13 77 1 85 36 49 80 46 68 41 0 73 9 99 89 59 46 3 65 75 52 65
 48 59 7 27 53 34 13 50 7 2 59 49 46 81 16 86 3 74 14 96 40 55 37 58 100 14 9 76 86 5 27 0 6 18 52 32 82 46 26 34 59 20 37 50 87 43 47 14 3 2 64 81 91 48 11 85 2 40 50 19 91 22 45 22 76 28 72 49 41 27 17 17 3 36 28 0 86 89 41 42 30 55 8 2 80 22 42 45 85 20 70 75 6 65 70 34 68 37 88 68
 12 46 71 10 44 8 35 46 27 95 52 15 83 56 56 74 88 82 62 85 99 58 5 7 83 28 89 74 76 41 46 94 0 10 5 91 46 14 13 76 92 70 83 26 15 48 37 83 23 68 40 33 97 15 59 81 56 91 39 42 24 33 27 40 52 68 76 63 85 2 38 17 6 59 6 2 50 25 16 5 17 65 85 46 87 42 67 23 69 19 7 56 20 23 71 0 84 84 65 64
 85 35 42 26 4 45 16 94 39 88 60 47 79 49 14 54 21 41 13 77 79 2 100 94 73 66 85 58 86 72 3 82 90 0 3 70 77 90 2 28 53 89 57 55 2 77 21 64 9 28 45 72 59 31 9 60 48 78 1 33 70 79 41 19 9 45 15 97 7 71 31 12 58 30 35 40 2 70 42 28 50 77 46 49 97 53 39 40 72 44 42 37 78 47 38 23 50 54 36 88
 94 23 21 25 31 16 28 99 53 1 25 25 86 42 77 40 46 65 33 78 42 20 50 74 92 88 69 40 57 81 37 48 95 97 0 86 3 7 99 75 79 34 60 72 68 31 39 54 74 37 56 99 0 55 19 96 99 78 47 80 45 71 13 85 53 53 42 47 12 41 72 84 98 84 15 34 78 46 60 8 57 29 77 3 86 88 43 84 98 5 89 23 16 41 26 91 63 33 12 73
 60 100 83 58 91 90 2 34 78 37 40 65 15 57 59 10 49 39 20 16 77 94 38 47 84 59 21 10 62 5 78 68 9 30 14 0 94 88 64 33 60 40 77 21 73 99 19 56 68 63 53 19 55 81 90 78 60 80 52 87 16 75 91 53 78 86 60 31 59 53 93 85 48 62 31 98 37 63 20 39 67 73 71 36 50 18 19 84 24 94 66 11 53 85 49 35 57 71 22 22
 57 26 17 97 45 4 85 12 16 49 59 46 43 22 67 14 63 100 28 1 8 68 39 80 99 76 94 46 78 22 66 18 54 23 97 6 0 83 74 15 80 75 10 28 95 17 78 41 53 29 78 35 68 50 6 32 40 60 14 64 28 33 56 93 3 91 24 48 98 97 68 77 49 69 33 25 40 75 18 42 84 16 17 6 25 4 18 64 84 12 7 65 73 78 26 81 8 3 78 86
 11 9 12 100 8 95 21 48 93 92 58 69 67 27 26 66 100 88 76 12 94 41 90 98 76 59 40 75 95 36 37 54 86 10 93 12 17 0 72 91 57 87 45 3 83 93 2 69 59 97 96 84 2 26 17 59 37 43 29 46 94 9 28 8 32 94 64 45 9 36 45 70 51 49 91 31 8 61 3 14 6 70 36 83 7 15 27 38 32 61 68 95 87 91 39 59 56 16 61 40
 23 15 56 62 91 72 22 96 84 42 82 9 36 5 61 33 70 6 44 51 58 22 47 38 22 14 18 63 93 3 52 74 87 98 1 36 26 28 0 43 35 48 97 97 62 54 67 36 87 58 26 95 49 79 45 22 16 23 97 77 75 27 43 80 54 67 5 86 99 54 17 63 47 60 35 73 39 26 31 47 96 30 49 81 52 44 90 1 49 0 58 85 59 90 67 30 90 88 38 47
 62 13 23 31 95 92 55 46 15 81 85 8 7 20 15 8 36 36 35 75 42 57 38 57 6 79 13 55 62 43 67 66 24 72 25 67 85 9 57 0 37 9 72 24 88 96 86 8 35 18 81 6 86 90 64 82 55 38 90 36 19 92 81 28 23 39 27 3 23 84 33 31 96 59 80 4 91 68 85 32 72 63 20 39 57 61 95 49 46 64 13 67 58 39 32 81 12 0 9 70
 46 96 2 15 89 82 10 87 73 93 90 66 72 4 38 90 29 15 76 44 12 14 84 15 3 87 47 65 75 38 55 41 8 47 21 40 20 43 65 63 0 73 87 57 83 16 28 44 63 40 33 45 71 10 64 88 93 41 70 48 90 67 86 82 10 20 61 40 46 66 16 3 14 30 41 8 7 84 55 39 81 1 77 29 85 24 85 41 68 63 96 52 64 61 19 66 61 78 47 24
 62 58 33 88 6 15 73 78 67 100 48 85 7 57 91 53 94 9 25 39 12 86 95 90 17 90 15 67 19 61 32 80 30 11 66 60 25 13 52 91 27 0 90 74 25 78 23 96 84 78 79 53 30 77 26 32 66 52 81 34 53 0 28 60 84 30 79 65 32 47 10 52 33 41 57 61 84 23 70 63 32 42 36 21 83 40 54 55 36 97 61 46 71 69 76 21 68 4 89 59
 44 43 91 2 93 76 86 34 9 50 24 10 3 35 3 38 69 32 98 48 56 48 63 8 99 11 59 88 16 15 32 63 17 43 40 23 90 55 3 28 13 10 0 37 74 61 9 19 79 4 58 27 12 20 23 87 29 80 51 52 48 93 76 8 32 40 98 25 16 49 67 61 13 37 87 76 81 87 14 42 2 92 70 69 18 57 80 40 41 41 12 35 61 97 72 0 71 69 72 67
 56 86 7 63 49 7 100 35 95 99 44 79 98 67 18 18 98 40 71 67 90 30 50 14 77 57 90 94 4 20 67 50 74 45 28 79 72 97 3 76 43 26 63 0 81 51 34 34 15 31 54 86 50 0 93 30 0 36 61 50 42 97 63 87 0 81 20 77 38 61 41 79 1 37 20 66 57 2 63 66 15 63 26 21 80 59 0 86 63 30 86 45 78 64 40 4 85 69 76 69
 64 97 33 4 64 84 97 83 98 80 80 19 11 29 2 67 78 52 56 58 61 8 71 79 67 46 70 12 66 57 12 13 85 98 32 27 5 17 38 12 17 75 26 19 0 64 58 92 84 73 50 64 74 12 86 1 86 38 77 9 61 27 35 37 60 20 62 58 90 65 35 18 60 84 63 13 91 27 18 85 76 60 17 97 67 24 72 27 94 40 54 50 81 5 37 61 62 41 12 0
 79 5 59 9 48 46 41 62 64 74 32 4 66 21 30 96 44 59 75 2 47 61 48 96 93 49 87 21 51 73 40 57 52 23 69 1 83 7 46 4 84 22 39 49 36 0 17 26 54 20 43 69 26 86 27 28 62 83 68 55 5 20 26 10 90 9 42 2 9 34 5 70 13 37 76 33 25 57 60 21 62 4 76 47 51 51 19 29 99 34 32 93 1 81 36 8 40 71 63 56
 95 62 74 2 56 82 86 15 73 75 34 21 42 48 91 75 58 42 10 31 77 24 19 34 1 84 21 65 6 53 70 53 63 79 61 81 22 98 33 14 72 77 91 66 42 83 0 95 38 47 8 85 67 92 76 16 11 15 8 52 9 22 37 66 83 2 13 64 21 31 86 97 40 19 34 83 59 8 86 41 4 95 80 88 4 69 64 46 62 32 96 5 29 74 76 14 97 76 13 32
 88 87 17 62 34 8 39 100 65 95 57 4 44 97 1 27 67 7 71 59 77 24 94 45 72 41 78 84 70 96 82 86 17 36 46 44 59 31 64 92 56 4 81 66 8 74 5 0 70 42 71 8 9 66 7 34 92 75 38 58 97 14 30 55 37 81 50 65 77 48 90 64 16 43 91 61 85 50 57 69 51 79 58 71 68 88 63 52 52 68 62 44 56 39 8 91 46 54 9 58
 48 82 98 93 27 4 7 55 15 59 24 20 59 21 54 82 90 56 74 61 100 6 38 29 90 34 53 75 87 40 19 97 77 91 26 32 47 41 13 65 37 16 21 85 16 46 62 30 0 5 39 76 30 97 63 96 94 2 30 5 46 52 99 6 77 76 36 87 76 67 35 13 35 45 25 59 44 88 33 4 47 59 43 50 21 91 8 32 91 8 15 52 35 68 99 34 79 13 35 66
 99 72 67 11 32 44 62 6 69 94 32 32 91 91 56 50 56 33 95 88 95 25 19 59 20 46 13 88 81 71 97 98 32 72 63 37 71 3 42 82 60 22 96 69 27 80 53 58 95 0 58 58 88 5 25 68 83 77 64 76 64 86 38 97 43 66 96 42 15 32 98 91 74 81 7 80 69 27 83 27 19 77 4 35 64 79 33 9 77 6 37 82 9 33 17 74 36 26 75 49
 9 12 35 51 91 12 13 15 51 42 25 77 93 64 13 71 32 91 55 75 17 48 82 93 45 82 71 65 19 79 48 36 60 55 44 47 22 4 74 19 67 21 42 46 50 57 92 29 61 42 0 59 41 92 50 75 7 77 89 98 40 62 11 30 24 88 30 12 27 42 18 31 73 15 5 60 99 8 23 81 75 20 25 1 32 7 29 62 73 67 32 48 51 94 16 35 84 12 26 8
 15 45 83 11 66 87 45 8 58 29 84 21 93 96 8 24 3 53 43 98 70 37 1 98 31 81 13 84 20 62 26 19 67 28 1 81 65 16 5 94 55 47 73 14 36 31 15 92 24 42 41 0 59 96 67 98 89 0 79 89 7 53 5 76 55 96 8 27 66 98 62 74 14 66 45 30 79 63 96 24 15 23 28 82 26 26 11 74 38 38 52 79 19 77 44 71 55 56 70 10
 24 100 27 22 14 65 8 21 53 82 60 61 63 30 31 24 35 36 27 13 70 18 61 74 71 95 93 12 23 42 32 9 3 41 100 45 32 98 51 14 29 70 88 50 26 74 33 91 70 12 59 41 0 26 22 11 22 39 24 78 29 18 23 80 96 62 29 34 65 64 23 56 32 85 53 31 56 25 35 72 67 66 51 78 66 16 65 98 61 43 12 6 36 67 45 16 49 61 87 37
 46 1 60 54 52 77 99 57 74 90 85 98 86 99 89 86 51 30 9 26 76 49 85 52 20 68 60 93 9 5 37 52 85 69 45 19 50 74 21 10 90 23 80 100 88 14 8 34 3 95 8 4 74 0 88 89 45 9 2 25 41 94 34 32 66 49 69 34 40 36 75 92 91 40 58 27 33 11 8 24 27 10 71 66 5 60 73 95 87 29 26 9 67 81 99 20 17 67 28 43
 44 12 25 31 44 74 55 2 51 18 37 7 88 70 31 73 60 4 96 94 66 58 36 98 55 22 77 44 7 11 31 89 41 91 81 10 94 83 55 36 36 74 77 7 14 73 24 93 37 75 50 33 78 12 0 91 59 83 22 64 16 67 85 19 91 24 32 18 88 87 49 21 65 51 74 14 50 15 85 0 19 99 48 18 13 20 96 67 52 86 61 67 95 32 10 81 88 9 93 38
 18 6 88 60 49 73 66 31 96 25 58 16 82 61 76 59 7 82 95 64 50 56 43 32 56 54 39 94 10 72 72 15 19 40 4 22 68 41 78 18 12 68 13 70 99 72 84 66 4 32 25 2 89 11 9 0 62 14 5 12 95 96 69 56 91 78 48 24 10 41 80 69 57 73 58 55 61 2 81 13 62 7 44 63 38 43 89 73 1 2 40 49 84 69 39 59 15 94 32 57
 67 24 11 45 90 62 21 100 81 60 56 33 95 25 76 5 82 88 64 97 69 92 31 22 62 61 4 43 33 73 63 98 44 52 1 40 60 63 84 45 7 34 71 100 14 38 89 8 6 17 93 11 78 55 41 38 0 24 57 68 55 20 8 53 58 58 39 19 76 33 98 28 91 87 11 44 70 4 94 47 68 93 13 94 49 87 91 41 64 51 35 36 34 94 48 73 14 75 63 73
 42 83 61 75 41 61 15 1 18 42 52 55 1 91 58 4 66 87 34 71 30 79 48 84 82 53 73 33 87 18 25 60 9 22 22 20 40 57 77 62 59 48 20 64 62 17 85 25 98 23 23 100 61 91 17 86 76 0 80 99 36 85 3 25 60 0 7 75 91 35 13 88 9 16 78 90 30 69 65 56 42 47 23 41 76 84 39 88 43 94 36 66 26 64 62 4 38 56 9 77
 98 92 76 87 44 8 49 18 25 38 62 45 94 44 50 1 9 33 92 53 25 91 33 20 69 87 84 14 60 35 84 50 61 99 53 48 86 71 3 10 30 19 49 39 23 32 92 62 70 36 11 21 76 98 78 95 43 20 0 60 12 14 14 66 21 70 11 44 64 4 31 44 94 84 69 11 84 98 15 99 41 13 55 65 32 82 69 8 13 84 68 7 35 80 47 24 54 96 85 64
 84 45 77 27 35 100 64 12 46 19 4 58 85 60 86 65 64 66 41 53 41 14 61 53 73 63 83 71 20 76 38 81 58 67 20 13 36 54 23 64 52 66 48 50 91 45 48 42 95 24 2 11 22 75 36 88 32 1 40 0 73 39 61 73 0 97 68 82 1 45 47 53 66 8 21 56 56 64 49 86 49 64 14 72 61 9 45 35 9 9 79 85 61 79 34 34 65 36 80 0
 84 40 60 25 28 50 80 36 63 79 31 12 6 50 89 5 27 9 76 58 82 49 74 46 16 97 51 75 2 71 76 9 76 30 55 84 72 6 25 81 10 47 52 58 39 95 91 3 54 36 60 93 71 59 84 5 45 64 88 27 0 50 1 51 79 71 97 98 13 77 62 68 14 35 98 34 40 64 14 40 34 31 17 34 66 59 10 9 16 30 76 7 67 98 90 76 31 40 73 56
 59 16 22 62 47 66 7 7 67 22 57 81 28 74 88 26 77 45 63 19 28 35 88 17 91 40 99 67 26 30 92 78 67 21 29 25 67 91 73 8 33 100 7 3 73 80 78 86 48 14 38 47 82 6 33 4 80 15 86 61 50 0 70 7 85 60 51 76 19 71 28 72 96 39 28 44 53 87 96 7 2 48 72 34 7 29 27 62 77 0 35 38 32 19 97 20 48 23 45 68
 87 29 57 48 100 19 84 44 85 37 2 65 29 67 89 20 88 22 90 39 60 31 1 79 30 16 2 91 58 48 11 55 73 59 87 9 44 72 57 19 14 72 24 37 65 74 63 70 1 62 89 95 77 66 15 31 92 97 86 39 99 30 0 84 13 99 91 8 93 56 36 37 69 64 15 39 12 93 43 97 82 7 26 45 3 69 36 84 31 51 41 58 44 49 42 4 94 7 84 49
 86 88 47 30 41 34 38 42 56 59 43 46 77 55 75 59 59 22 23 25 13 27 27 13 22 4 5 52 73 91 80 78 60 81 15 47 7 92 20 72 18 40 92 13 63 90 34 45 94 3 70 24 20 68 81 44 47 75 34 27 49 93 16 0 82 67 20 46 75 10 41 61 85 56 86 41 1 73 28 17 43 26 24 20 68 1 42 57 32 42 65 13 25 75 5 25 59 69 65 99
 55 48 14 96 64 52 72 53 24 67 16 48 100 45 25 3 13 25 91 68 80 75 74 82 17 98 29 97 94 55 2 24 48 91 47 22 97 68 46 77 90 16 68 100 40 10 17 63 23 57 76 45 4 34 9 9 42 40 79 100 21 15 87 18 0 1 76 26 53 31 31 27 5 20 25 36 58 89 9 46 75 12 54 77 19 20 70 16 42 7 34 84 16 42 12 83 93 80 79 88
 41 49 45 39 81 89 31 77 13 93 48 64 6 61 54 80 35 96 92 15 44 13 45 21 90 43 59 57 97 92 9 72 32 55 47 14 9 6 33 61 80 70 60 19 80 91 98 19 24 34 12 4 38 51 76 22 42 100 30 3 29 40 1 33 99 0 81 95 99 55 17 11 46 59 21 69 43 73 44 84 58 68 1 6 43 29 73 30 97 11 99 33 29 92 61 4 68 70 95 68
 71 91 80 55 62 71 63 9 12 89 8 92 28 7 65 42 5 39 66 43 37 77 29 62 29 10 92 98 51 35 22 28 24 85 58 40 76 36 95 73 39 21 2 80 38 58 87 50 64 4 70 92 71 31 68 52 61 93 89 32 3 49 9 80 24 19 0 13 11 91 52 86 60 21 25 55 48 63 26 47 97 21 59 97 98 87 41 1 69 19 38 57 91 91 43 7 22 10 32 17
 71 19 42 19 17 61 59 22 49 72 15 25 27 88 36 66 90 6 34 61 94 74 15 53 59 59 65 36 73 37 4 51 37 3 53 69 52 55 14 97 60 35 75 23 42 98 36 35 13 58 88 73 66 66 82 76 81 25 56 18 2 24 92 54 74 5 87 0 2 59 7 48 28 4 50 44 53 98 68 37 51 0 17 39 47 70 81 32 21 96 80 20 65 2 22 34 24 0 41 54
 16 62 63 43 86 2 54 61 10 7 13 20 14 89 76 25 52 73 13 64 7 45 72 45 32 20 40 95 43 30 75 59 15 93 88 41 2 91 1 77 54 68 84 62 10 91 79 23 24 85 73 34 35 60 12 90 24 9 36 99 87 81 7 25 47 1 89 98 0 58 80 20 83 97 26 63 17 68 10 89 23 16 3 20 62 59 36 44 12 48 25 66 72 70 39 59 96 2 89 89
 100 81 5 47 71 67 9 62 25 31 21 3 73 90 10 45 99 24 54 47 50 41 89 50 55 25 82 97 70 75 76 73 98 29 59 47 3 64 46 16 34 53 51 39 35 66 69 52 33 68 58 2 36 64 13 59 67 65 96 55 23 29 44 90 69 45 9 41 42 0 59 89 15 26 4 72 72 68 52 49 13 33 61 59 78 49 88 56 89 29 19 50 34 81 50 98 47 94 90 15
 100 26 46 7 92 29 57 18 100 100 46 56 40 41 44 68 55 92 47 90 17 12 2 9 29 15 16 83 52 44 93 83 62 69 28 7 32 55 83 67 84 90 33 59 65 95 14 10 65 2 82 38 77 25 51 20 2 87 69 53 38 72 64 59 69 83 48 93 20 41 0 48 60 17 51 20 55 83 4 33 6 77 9 42 37 29 48 85 5 41 71 40 17 47 96 23 67 35 74 14
 31 38 31 44 42 72 54 41 66 59 80 66 21 53 4 39 64 39 23 49 57 47 25 54 19 83 52 32 65 16 42 83 83 88 16 15 23 30 37 69 97 48 39 21 82 30 3 36 87 9 69 26 44 8 79 31 72 12 56 47 32 28 63 39 73 89 14 52 80 11 52 0 43 56 93 52 90 18 78 41 67 97 85 30 17 14 97 84 79 33 83 46 66 88 6 22 12 40 8 99
 82 16 62 74 55 89 96 80 2 11 56 62 100 29 44 23 67 36 67 38 36 50 37 100 25 71 57 60 67 92 24 97 94 42 2 52 51 49 53 4 86 67 87 99 40 87 60 84 65 26 27 86 68 9 35 43 9 91 6 34 86 4 31 15 95 54 40 72 17 85 40 57 0 55 60 33 57 50 32 15 94 64 38 25 57 88 91 32 56 90 48 69 33 52 28 13 16 68 32 43
 15 77 60 86 45 80 69 46 19 8 16 31 25 22 19 18 80 85 28 64 69 43 38 61 46 16 7 24 66 84 38 64 41 70 16 38 31 51 40 41 70 59 63 63 16 63 81 57 55 19 85 34 15 60 49 27 13 84 16 92 65 61 36 44 80 41 79 96 3 74 83 44 45 0 24 53 62 88 83 51 37 47 94 64 96 85 27 37 46 54 56 91 49 78 16 28 63 88 57 90
 78 94 22 32 5 92 18 12 87 60 81 64 39 10 88 17 86 40 99 34 13 81 48 71 18 65 30 92 70 44 6 72 94 65 85 69 67 9 65 20 59 43 13 80 37 24 66 9 75 93 95 55 47 42 26 42 89 22 31 79 2 72 85 14 75 79 75 50 74 96 49 7 40 76 0 27 82 55 45 84 91 38 16 71 86 45 80 93 16 3 69 57 90 18 90 82 82 54 92 52
 36 15 3 95 96 92 35 37 3 55 44 1 51 75 23 86 25 98 35 75 67 83 57 73 76 7 49 78 24 43 16 100 98 60 66 2 75 69 27 96 92 39 24 34 87 67 17 39 41 20 40 70 69 73 86 45 56 10 89 44 66 56 61 59 64 31 45 56 37 28 80 48 67 47 73 0 58 30 50 7 80 58 47 81 65 75 62 42 29 40 59 65 86 69 56 79 9 51 29 67
 80 20 16 13 12 56 30 6 46 30 14 52 23 99 19 41 37 76 21 100 30 72 70 64 69 91 5 47 25 57 77 14 50 98 22 63 60 92 61 9 93 16 19 43 9 75 41 15 56 31 1 21 44 67 50 39 30 70 16 44 60 47 88 99 42 57 52 47 83 28 45 10 43 38 18 42 0 24 90 62 78 49 33 72 6 99 2 85 66 98 66 41 68 37 5 35 98 48 73 66
 31 42 55 77 52 52 81 69 59 39 9 56 67 73 13 18 54 70 94 28 44 86 26 56 39 8 4 79 88 4 74 11 75 30 54 37 25 39 74 32 16 77 13 98 73 43 92 50 12 73 92 37 75 89 85 98 96 31 2 36 36 13 7 27 11 27 37 2 32 32 17 82 50 12 45 70 76 0 43 12 26 48 51 48 9 78 12 51 83 87 46 55 57 43 4 44 13 25 72 15
 9 32 88 38 84 97 49 95 25 79 34 33 32 51 100 99 29 77 65 63 17 86 28 62 70 90 96 65 4 3 87 59 84 58 40 80 82 97 69 15 45 30 86 37 82 40 14 43 67 17 77 4 65 92 15 19 6 35 85 51 86 4 57 72 91 56 74 32 90 48 96 22 68 17 55 50 10 57 0 6 58 42 64 3 11 50 88 13 67 41 92 77 30 47 47 77 45 66 1 10
 11 64 4 46 12 50 67 3 6 85 33 76 26 12 2 29 95 5 7 82 32 91 99 31 96 24 21 9 56 40 23 58 95 72 92 61 58 86 53 68 61 37 58 34 15 79 59 31 96 73 19 76 28 76 100 87 53 44 1 14 60 93 3 83 54 16 53 63 11 51 67 59 85 49 16 93 38 88 94 0 10 82 38 23 31 44 57 10 14 51 56 31 21 11 35 69 69 72 37 84
 16 57 77 37 9 44 96 17 35 47 40 67 6 16 90 89 10 50 82 86 25 60 48 53 18 97 90 63 30 91 99 70 83 50 43 33 16 94 4 28 19 68 98 85 24 38 96 49 53 81 25 85 33 73 81 38 32 58 59 51 66 98 18 57 25 42 3 49 77 87 94 33 6 63 9 20 22 74 42 90 0 24 60 45 39 59 98 43 78 36 60 62 22 2 43 52 98 92 8 6
 51 40 89 35 84 27 56 96 53 67 96 48 39 71 100 49 14 74 20 72 71 33 88 39 63 92 16 7 6 2 15 45 35 23 71 27 84 30 70 37 99 58 8 37 40 96 5 21 41 23 80 77 34 90 1 93 7 53 87 36 69 52 93 74 88 32 79 100 84 67 23 3 36 53 62 42 51 52 58 18 76 0 91 91 62 20 85 77 76 40 89 50 27 78 81 56 48 64 69 68
 82 75 91 76 94 4 14 4 60 49 82 13 90 88 95 100 95 88 95 34 83 2 4 71 86 82 40 52 66 93 64 92 15 54 23 29 83 64 51 80 23 64 30 74 83 24 20 42 57 96 75 72 49 29 52 56 87 77 45 86 83 28 74 76 46 99 41 83 97 39 91 15 62 6 84 53 67 49 36 62 40 9 0 92 15 17 84 16 23 51 16 89 72 3 76 38 8 8 54 36
 30 39 28 55 20 78 50 27 25 80 28 7 1 51 24 95 59 99 62 60 38 34 62 39 46 45 64 31 7 76 51 98 54 51 97 64 94 17 19 61 71 79 31 79 3 53 12 29 50 65 99 18 22 34 82 37 6 59 35 28 66 66 55 80 23 94 3 61 80 41 58 70 75 36 29 19 28 52 97 77 55 9 8 0 29 71 42 74 38 4 40 49 23 64 44 93 60 88 18 30
 11 93 42 91 45 58 95 1 67 72 86 71 95 81 23 7 13 46 80 59 49 27 22 12 72 35 62 13 33 94 20 20 13 3 14 50 75 93 48 43 15 17 82 20 33 49 96 32 79 36 68 74 34 95 87 62 51 24 68 39 34 93 97 32 81 57 2 53 38 22 63 83 43 4 14 35 94 91 89 69 61 38 85 71 0 75 30 85 19 7 84 43 30 30 63 25 10 54 73 59
 91 78 83 35 99 92 100 64 1 91 94 68 100 45 26 24 14 69 21 55 47 31 71 49 52 59 79 83 27 26 54 78 58 47 12 82 96 85 56 39 76 60 43 41 76 49 31 12 9 21 93 74 84 40 80 57 13 16 18 91 41 71 31 99 80 71 13 30 41 51 71 86 12 15 55 25 1 22 50 56 41 80 83 29 25 0 11 74 86 6 49 62 82 6 30 10 62 42 22 21
 91 62 17 30 94 22 1 86 43 100 66 44 95 43 31 8 23 11 83 39 62 38 71 86 56 78 97 22 80 5 32 58 33 61 57 81 82 73 10 5 15 46 20 100 28 81 36 37 92 67 71 89 35 27 4 11 9 61 31 55 90 73 64 58 30 27 59 19 64 12 52 3 9 73 20 38 98 88 12 43 2 15 16 58 70 89 0 57 0 77 22 56 4 74 24 89 79 5 72 86
 33 95 58 69 74 97 26 62 48 86 88 23 83 30 64 75 10 40 5 12 6 22 48 89 40 82 25 45 95 33 59 55 77 60 16 16 36 62 99 51 59 45 60 14 73 71 54 48 68 91 38 26 2 5 33 27 59 12 92 65 91 38 16 43 84 70 99 68 56 44 15 16 68 63 7 58 15 49 87 90 57 23 84 26 15 26 43 0 77 61 79 68 7 40 73 6 33 72 99 79
 55 57 52 64 18 52 34 3 6 34 2 45 26 4 96 7 31 25 35 78 57 79 41 64 55 84 96 95 52 6 100 15 31 28 2 76 16 68 51 54 32 64 59 37 6 1 38 48 9 23 27 62 39 13 48 99 36 57 87 91 84 23 69 68 58 3 31 79 88 11 95 21 44 54 84 71 34 17 33 86 22 24 77 62 81 14 100 23 0 30 82 35 81 17 49 69 33 41 9 73
 91 20 55 29 66 100 24 40 55 80 5 44 68 71 67 64 31 7 70 15 16 50 81 1 79 10 5 86 45 53 27 80 81 56 95 6 88 39 100 36 37 3 59 70 60 66 68 32 92 94 33 62 57 71 14 98 49 6 16 91 70 100 49 58 93 89 81 4 52 71 59 67 10 46 97 60 2 13 59 49 64 60 49 96 93 94 23 39 70 0 40 67 93 6 34 44 20 45 49 5
 82 58 42 34 28 29 58 62 85 37 88 46 25 67 26 90 73 35 40 67 76 72 48 64 25 33 58 37 41 50 91 30 93 58 11 34 93 32 42 87 4 39 88 14 46 68 4 38 85 63 68 48 88 74 39 60 65 64 32 21 24 65 59 35 66 1 62 20 75 81 29 17 52 44 31 41 34 54 8 44 40 11 84 60 16 51 78 21 18 60 0 81 69 16 15 14 48 80 72 65
 55 12 37 57 54 35 10 47 78 18 62 96 37 2 63 83 46 85 95 9 66 76 34 74 45 74 73 23 95 66 1 25 44 63 77 89 35 5 15 33 48 54 65 55 50 7 95 56 48 18 52 21 94 91 33 51 64 34 93 15 93 62 42 87 16 67 43 80 34 50 60 54 31 9 43 35 59 45 23 69 38 50 11 51 57 38 44 32 65 33 19 0 49 11 46 69 13 40 70 71
 51 10 94 32 37 57 75 45 57 58 68 16 47 45 84 4 96 29 21 28 28 31 48 69 49 89 92 18 86 21 11 94 80 22 84 47 27 13 41 42 36 29 39 22 19 99 71 44 65 91 49 81 64 33 5 16 66 74 65 39 33 68 56 75 84 71 9 35 28 66 83 34 67 51 10 14 32 43 70 79 78 73 28 77 70 18 96 93 19 7 31 51 0 37 38 67 18 93 96 70
 80 61 32 55 65 54 61 30 72 3 44 44 15 75 85 92 80 70 7 52 8 44 62 28 3 35 8 37 95 52 41 35 77 53 59 15 22 9 10 61 39 31 3 36 95 19 26 61 32 67 6 23 33 19 68 31 6 36 20 21 2 81 51 25 58 8 9 98 30 19 53 12 48 22 82 31 63 57 53 89 98 22 97 36 70 94 26 60 83 94 84 89 63 0 79 88 10 95 80 26
 57 19 19 51 67 97 51 9 14 17 55 75 46 31 64 30 70 72 18 39 31 41 67 88 97 46 48 2 49 93 54 30 29 62 74 51 74 61 33 68 81 24 28 60 63 64 24 92 1 83 84 56 55 1 90 61 52 38 53 66 10 3 58 95 88 39 57 78 61 50 4 94 72 84 10 44 95 96 53 65 57 19 24 56 37 70 76 27 51 66 85 54 62 21 0 87 41 87 76 60
 3 68 7 75 35 45 96 69 91 18 100 37 19 58 45 32 45 16 30 59 31 66 67 86 91 33 20 97 9 4 97 66 100 77 9 65 19 41 70 19 34 79 100 96 39 92 86 9 66 26 65 29 84 80 19 41 27 96 76 66 24 80 96 75 17 96 93 66 41 2 77 78 87 72 18 21 65 56 23 31 48 44 62 7 75 90 11 94 31 56 86 31 33 12 13 0 2 81 2 46
 45 7 29 1 18 20 54 58 25 14 37 3 39 26 20 43 82 7 31 10 43 63 27 74 41 40 14 7 36 20 35 32 16 50 37 43 92 44 10 88 39 32 29 15 38 60 3 54 21 64 16 45 51 83 12 85 86 62 46 35 69 52 6 41 7 32 78 76 4 53 33 88 84 37 18 91 2 87 55 31 2 52 92 40 90 38 21 67 67 80 52 87 82 90 59 98 0 50 98 25
 33 21 96 74 1 23 69 54 65 87 50 20 76 43 25 36 78 74 16 53 100 26 75 59 19 49 26 16 66 61 25 63 16 46 67 29 97 84 12 100 22 96 31 31 59 29 24 46 87 74 88 44 39 33 91 6 25 44 4 64 60 77 93 31 20 30 90 100 98 6 65 60 32 12 46 49 52 75 34 28 8 36 92 12 46 58 95 28 59 55 20 60 7 5 13 19 50 0 90 2
 25 57 65 78 93 22 93 20 28 18 29 74 48 23 19 42 81 14 80 96 93 19 82 96 18 24 5 39 51 24 48 12 35 64 88 78 22 39 62 91 53 11 28 24 88 37 87 91 65 25 74 30 13 72 7 68 37 91 15 20 27 55 16 35 21 5 68 59 11 10 26 92 68 43 8 71 27 28 99 63 92 31 46 82 27 78 28 1 91 51 28 30 4 20 24 98 2 10 0 32
 68 19 2 25 7 53 86 90 65 91 71 24 30 37 35 58 29 12 15 76 24 56 12 89 15 27 3 63 26 31 35 32 36 12 27 78 14 60 53 30 76 41 33 31 100 44 68 42 34 51 92 90 63 57 62 43 27 23 36 100 44 32 51 1 12 32 83 46 11 85 86 1 57 10 48 33 34 85 90 16 94 32 64 70 41 79 14 21 27 95 35 29 30 74 40 54 75 98 68 0
