40

 0 87 76 34 1 32 81 26 20 66 10 90 33 39 57 97 56 0 25 53 91 77 82 59 85 58 29 78 7 48 30 88 58 42 44 81 69 57 88 58
 71 0 31 96 54 21 33 75 61 13 36 97 30 16 99 89 72 48 69 44 31 39 25 80 1 76 26 46 65 1 19 69 24 83 17 26 83 20 87 76
 7 40 0 7 32 19 85 57 13 65 9 38 10 79 53 48 82 98 58 53 89 53 87 83 26 29 81 65 85 61 54 83 16 37 63 63 60 3 31 37
 53 19 9 0 25 4 43 20 98 15 95 31 93 79 47 66 34 0 7 98 74 39 16 32 65 99 75 1 45 19 45 84 81 18 74 58 4 95 54 89
 50 1 1 28 0 12 53 50 69 83 8 21 81 0 74 17 63 11 39 73 4 50 97 67 84 36 64 27 34 21 94 1 81 95 38 79 0 54 36 13
 8 64 7 73 94 0 78 95 48 97 42 3 97 87 3 81 5 14 1 40 98 1 21 12 61 95 99 19 25 16 60 16 24 69 1 73 76 77 72 53
 69 97 53 98 61 86 0 56 31 35 0 74 34 30 96 79 64 16 12 65 27 31 21 29 20 13 65 75 24 51 2 10 82 12 55 65 31 0 6 94
 98 99 45 66 96 43 10 0 88 54 65 66 72 40 8 90 86 51 72 0 18 82 58 9 14 47 72 70 13 39 81 42 48 96 4 44 19 9 97 25
 7 86 84 54 90 94 62 69 0 16 34 23 80 81 5 36 14 11 53 99 4 66 33 3 41 67 10 70 61 71 89 93 93 28 76 31 20 15 51 32
 16 74 64 47 31 88 27 37 89 0 91 6 83 72 42 16 55 64 74 1 32 93 81 23 45 61 89 54 74 86 86 45 46 51 15 43 64 1 18 83
 81 20 3 88 84 48 10 22 69 4 0 60 69 74 92 4 59 24 14 0 55 11 33 3 83 75 4 68 90 60 14 68 32 49 30 82 36 45 29 86
 67 20 66 49 17 76 73 18 87 3 10 0 2 73 88 68 54 48 9 10 29 2 68 96 64 87 85 10 3 18 86 13 79 15 75 82 81 17 98 91
 29 71 88 14 73 6 43 88 34 31 49 15 0 38 68 90 32 72 22 98 94 21 67 90 34 18 62 94 39 82 52 91 90 36 59 57 56 47 84 11
 79 51 18 65 30 90 55 56 39 18 95 71 85 0 66 48 36 47 19 3 47 29 65 17 53 72 94 75 17 67 70 65 1 27 9 27 28 88 66 26
 37 64 5 15 49 53 71 93 10 24 73 95 77 46 0 73 60 30 75 7 60 17 11 35 50 11 17 14 19 62 98 22 95 38 62 38 13 26 20 66
 85 23 34 25 28 31 57 49 20 84 91 17 6 5 13 0 97 18 77 34 15 88 64 81 55 76 69 65 85 77 52 88 8 22 85 64 54 24 33 80
 51 33 46 76 64 82 56 54 87 99 67 4 52 6 53 47 0 90 85 33 85 46 55 22 99 73 21 65 72 90 35 20 74 26 45 1 4 11 86 27
 90 19 89 13 0 40 81 16 3 38 44 1 77 93 39 87 81 0 90 15 42 23 76 38 88 39 94 62 38 21 77 63 25 33 96 45 75 53 72 83
 79 28 17 91 68 44 32 31 65 94 56 62 61 63 32 22 46 95 0 53 30 45 89 76 72 23 49 18 5 81 72 92 95 85 0 63 37 2 67 49
 47 88 4 41 78 55 62 50 98 26 99 50 26 49 52 61 48 55 99 0 18 72 33 83 55 41 42 79 64 79 0 8 49 83 0 57 45 10 22 28
 67 13 57 31 65 41 89 39 74 5 2 61 40 68 12 63 80 9 81 65 0 97 45 57 66 52 13 55 55 59 40 55 13 45 35 23 65 15 63 81
 30 32 47 0 65 76 4 56 86 58 8 92 0 49 59 33 61 7 38 43 30 0 50 44 7 35 36 8 46 47 26 58 42 39 4 93 41 95 22 97
 43 62 99 86 62 74 66 39 86 49 69 44 15 58 14 91 76 59 5 18 90 71 0 72 39 94 43 32 20 69 68 36 90 25 49 44 73 3 85 8
 47 65 57 21 75 65 56 95 9 12 50 68 87 81 17 49 7 19 43 28 21 43 28 0 37 38 27 69 64 0 42 31 72 85 64 60 66 77 22 72
 6 38 83 37 76 40 96 48 71 16 77 8 71 16 56 43 49 11 21 89 5 65 78 68 0 93 33 34 83 44 65 9 76 79 67 25 88 42 25 45
 90 46 86 98 38 84 20 92 87 31 44 46 93 4 28 84 14 13 87 94 40 58 95 7 23 0 63 74 43 64 7 8 43 58 39 6 3 56 48 76
 8 43 13 5 69 64 0 79 63 85 89 53 50 80 54 36 98 81 38 4 86 50 69 61 93 14 0 23 51 21 18 82 52 21 91 66 73 87 42 88
 75 61 11 4 65 58 60 98 48 99 48 70 12 93 93 99 36 40 83 79 21 53 83 48 35 20 59 0 9 54 74 50 61 50 62 86 70 5 10 88
 85 14 59 58 73 72 47 73 99 95 35 3 89 95 30 82 52 72 37 43 48 11 57 72 76 31 14 52 0 45 24 17 96 60 43 10 33 67 58 6
 5 75 79 0 70 66 16 62 46 73 19 85 20 4 14 60 53 44 56 39 81 35 99 11 77 21 58 36 37 0 85 10 26 60 96 80 6 18 48 97
 98 26 61 69 41 67 19 3 61 35 75 92 87 36 47 13 9 66 27 78 97 42 3 38 43 34 59 93 60 89 0 6 77 22 42 56 48 23 82 92
 96 91 20 4 67 51 9 94 41 90 80 60 40 74 99 87 85 32 19 80 37 39 23 95 47 72 97 65 70 20 71 0 90 2 10 9 49 46 69 48
 79 26 99 16 51 5 2 8 11 16 44 15 76 6 24 9 91 23 93 72 78 72 45 85 80 8 17 32 29 44 26 45 0 95 86 69 66 57 18 0
 46 56 6 46 21 11 72 88 72 1 88 93 64 65 16 67 7 47 43 76 32 11 68 41 73 5 22 30 15 18 86 23 78 0 20 71 79 82 10 87
 34 15 57 42 27 34 72 91 14 99 20 81 32 18 98 24 75 7 53 12 39 24 54 11 74 13 37 88 58 41 74 60 70 38 0 98 36 97 93 45
 36 47 24 49 76 26 35 60 32 66 32 13 41 6 97 51 5 76 35 26 67 22 22 39 94 17 97 59 9 65 32 36 19 25 57 0 16 3 16 51
 53 83 53 69 96 45 58 58 89 3 37 32 5 91 85 71 1 55 5 23 54 86 33 90 18 10 15 63 31 21 55 25 1 92 8 50 0 33 58 93
 66 60 41 46 1 13 1 84 50 85 86 16 89 27 16 63 82 47 85 10 68 55 15 20 97 51 72 52 14 76 21 31 65 61 69 84 93 0 90 17
 48 0 41 57 14 52 54 28 87 76 11 80 30 27 55 53 41 62 68 5 21 95 77 73 86 77 34 24 0 54 37 84 59 92 2 58 18 49 0 72
 21 8 97 49 76 3 26 58 89 55 7 58 30 10 98 42 78 95 52 2 87 68 50 77 3 28 23 52 37 32 60 22 28 70 37 16 66 84 53 0
