20

 0 92 43 65 99 40 63 15 34 45 63 38 78 87 57 32 50 7 74 67
 80 0 15 2 29 38 41 15 66 10 66 66 21 84 5 57 69 7 98 41
 55 31 0 19 8 24 36 52 35 77 72 56 54 68 11 23 6 85 67 16
 16 83 16 0 58 88 81 74 26 20 63 66 64 59 8 24 56 29 0 66
 99 56 80 91 0 91 6 55 86 17 91 82 13 22 57 61 49 87 33 5
 76 26 1 90 65 0 47 51 56 62 66 73 0 95 83 13 65 31 12 43
 87 30 25 2 2 11 0 55 79 40 54 15 22 56 91 78 84 52 76 41
 74 85 36 84 45 29 3 0 78 56 74 20 54 88 36 85 84 87 56 86
 28 64 19 94 70 39 15 64 0 49 21 0 91 58 31 45 29 55 67 47
 0 52 14 95 65 78 33 64 20 0 44 41 25 73 12 78 7 61 64 9
 78 34 79 14 9 51 74 32 99 61 0 42 51 16 14 70 36 64 88 79
 37 22 27 60 24 31 57 4 7 1 18 0 95 81 99 30 55 87 49 79
 2 50 10 60 50 80 20 82 13 4 33 82 0 63 48 67 83 7 52 46
 85 6 67 67 87 68 38 51 81 48 63 86 1 0 91 55 61 46 19 55
 22 75 11 70 70 48 4 25 19 71 50 31 41 22 0 11 49 7 26 67
 47 32 93 9 99 74 37 19 48 33 39 66 2 50 71 0 75 76 53 57
 9 25 40 0 22 27 21 43 42 47 62 10 9 0 60 0 0 56 40 25
 23 67 12 95 7 72 5 91 25 64 93 1 39 45 35 71 3 0 53 74
 79 45 0 49 22 89 81 6 90 71 85 7 10 10 16 28 89 1 0 88
 40 67 65 55 40 63 13 61 16 11 8 50 31 13 9 42 83 22 4 0
