40

 0 66 8 38 6 32 95 11 10 25 78 33 57 65 33 89 63 31 13 43 22 81 78 12 10 0 72 52 78 63 25 60 87 94 79 14 52 26 47 73
 34 0 93 17 47 31 16 22 37 49 93 63 30 95 93 68 59 35 14 84 2 41 35 34 30 9 81 4 40 42 99 32 4 92 67 13 64 75 11 78
 92 7 0 85 11 97 16 66 26 0 72 58 55 5 37 82 92 87 14 45 63 47 29 34 56 18 59 7 7 43 25 93 47 7 27 35 66 72 33 97
 62 83 15 0 70 9 56 48 60 31 87 17 10 65 55 67 0 56 53 22 76 76 82 68 80 83 50 76 29 11 37 41 52 82 46 29 49 17 52 59
 94 53 89 30 0 64 74 29 60 81 61 9 36 34 29 22 4 82 36 41 97 67 63 80 7 68 89 97 93 6 4 18 46 2 66 72 55 46 32 26
 68 69 3 91 36 0 74 1 51 30 93 40 40 56 11 89 48 33 9 84 35 59 67 14 91 74 62 78 28 40 72 73 4 78 75 6 39 4 69 35
 5 84 84 44 26 26 0 14 38 66 32 80 94 26 14 59 67 75 73 97 64 6 82 16 98 1 3 70 34 57 59 13 84 65 68 11 34 30 34 0
 89 78 34 52 71 99 86 0 32 95 86 48 88 89 54 42 19 59 17 97 30 39 47 72 80 95 20 49 45 15 37 82 78 41 30 45 55 54 45 84
 90 63 74 40 40 49 62 68 0 28 66 0 75 13 15 69 29 36 1 83 94 57 62 79 45 78 48 68 73 11 33 46 15 51 11 11 41 63 43 70
 75 51 100 69 19 70 34 5 72 0 2 68 38 15 90 97 25 41 66 52 69 47 95 25 58 87 13 60 5 93 17 56 65 93 70 66 61 38 72 36
 22 7 28 13 39 7 68 14 34 98 0 38 3 93 87 20 5 90 4 73 15 11 40 95 44 72 44 71 60 82 3 27 9 8 26 56 68 66 72 52
 67 37 42 83 91 60 20 52 100 32 62 0 88 27 41 97 85 50 13 29 18 7 34 74 72 30 4 40 92 55 28 46 74 83 6 80 33 53 11 67
 43 70 45 90 64 60 6 12 25 62 97 12 0 6 11 70 42 36 90 51 54 51 28 2 23 27 87 9 59 80 78 40 53 64 70 97 68 22 1 88
 35 5 95 35 66 44 74 11 87 85 7 73 94 0 58 76 60 29 14 1 8 80 90 89 85 57 94 45 10 68 80 7 71 90 14 94 74 50 15 98
 67 7 63 45 71 89 86 46 85 10 13 59 89 42 0 33 0 44 49 30 44 18 13 80 89 15 27 26 76 47 39 3 8 11 45 48 21 90 60 33
 11 32 18 33 78 11 41 58 31 3 80 3 30 24 67 0 40 53 93 91 62 30 18 21 76 28 17 5 22 76 65 1 60 17 75 63 77 17 13 40
 37 41 8 100 96 52 33 81 71 75 95 15 58 40 100 60 0 43 13 82 13 58 70 25 11 76 86 64 32 59 61 22 18 10 38 25 64 36 10 99
 69 65 13 44 18 67 25 41 64 59 10 50 64 71 56 47 57 0 77 84 36 6 26 15 54 9 77 23 64 71 6 26 29 6 64 91 25 13 87 30
 87 86 86 47 64 91 27 83 99 34 96 87 10 86 51 7 87 23 0 45 84 78 17 95 26 36 65 83 44 88 15 2 72 6 26 61 99 16 82 55
 57 16 55 78 59 16 3 3 17 48 27 71 49 99 70 9 18 16 55 0 10 40 72 0 68 66 82 43 34 40 25 51 44 27 89 44 7 54 22 22
 78 98 37 24 3 65 36 70 6 31 85 82 46 92 56 38 87 64 16 90 0 67 64 41 83 57 39 44 62 95 62 11 29 45 67 89 31 30 80 38
 19 59 53 24 33 41 94 61 43 53 89 93 49 20 82 70 42 94 22 60 33 0 41 86 8 86 90 51 44 68 82 60 51 7 67 55 61 27 37 30
 22 65 71 18 37 33 18 53 38 5 60 66 72 10 87 82 30 74 83 28 36 59 0 9 12 71 72 14 23 74 91 95 46 11 67 20 17 19 44 42
 88 66 66 32 20 86 84 28 21 75 5 26 98 11 20 79 75 85 5 100 59 14 91 0 54 43 65 77 11 22 44 54 85 85 34 58 2 74 24 42
 90 70 44 20 93 9 2 20 55 42 56 28 77 15 11 24 89 46 74 32 17 92 88 46 0 5 35 23 82 4 52 16 90 65 88 25 91 8 21 58
 100 91 82 17 32 26 99 5 22 13 28 70 73 43 85 72 24 91 64 34 43 14 29 57 95 0 15 63 90 97 11 14 22 10 89 88 94 32 70 79
 28 19 41 50 11 38 97 80 52 87 56 96 13 6 73 83 14 23 35 18 61 10 28 35 65 85 0 32 88 1 1 28 63 44 52 22 26 4 58 13
 48 96 93 24 3 22 30 51 32 40 29 60 91 55 74 95 36 77 17 57 56 49 86 23 77 37 68 0 6 57 44 64 78 52 86 34 93 12 68 85
 22 60 93 71 7 72 66 55 27 95 40 8 41 90 24 78 68 36 56 66 38 56 77 89 18 10 12 94 0 10 81 3 78 37 87 93 81 27 85 22
 37 58 57 89 94 60 43 85 89 7 18 45 20 32 53 24 41 29 12 60 5 32 26 78 96 3 99 43 90 0 92 54 29 26 11 73 81 60 63 73
 75 1 75 63 96 28 41 63 67 83 97 72 22 20 61 35 39 94 85 75 38 18 9 56 48 89 99 56 19 8 0 2 26 25 23 77 80 1 63 71
 40 68 7 59 82 27 87 18 54 44 73 54 60 93 97 99 78 74 98 49 89 40 5 46 84 86 72 36 97 46 98 0 62 11 12 23 73 99 91 1
 13 96 53 48 54 96 16 22 85 35 91 26 47 29 92 40 82 71 28 56 71 49 54 15 10 78 37 22 22 71 74 38 0 13 20 80 62 67 55 67
 6 8 93 18 98 22 35 59 49 7 92 17 36 10 89 83 90 94 94 73 55 93 89 15 35 90 56 48 63 74 75 89 87 0 5 42 2 48 77 53
 21 33 73 54 34 25 32 70 89 30 74 94 30 86 55 25 62 36 74 11 33 33 33 66 12 11 48 14 13 89 77 88 80 95 0 84 4 63 78 10
 86 87 65 71 28 94 89 55 89 34 44 20 3 6 52 37 75 9 39 56 11 45 80 42 75 12 78 66 7 27 23 77 20 58 16 0 81 45 1 6
 48 36 34 51 45 61 66 45 59 39 32 67 32 26 79 23 36 75 1 93 69 39 83 98 9 6 74 7 19 19 20 27 38 98 96 19 0 64 27 26
 74 25 28 83 54 96 70 46 37 62 34 47 78 50 10 83 64 87 84 46 70 73 81 26 92 68 96 88 73 40 99 1 33 52 37 55 36 0 50 5
 53 89 67 48 68 31 66 55 57 28 28 89 99 85 40 87 90 13 18 78 20 63 56 76 79 30 42 32 15 37 37 9 45 23 22 99 73 50 0 22
 27 22 3 41 74 65 100 16 30 64 48 33 12 2 67 60 1 70 45 78 62 70 58 58 42 21 87 15 78 27 29 99 33 47 90 94 74 95 78 0
