20

 0 38 57 68 96 48 67 98 13 70 11 2 95 98 55 53 56 55 54 20
 62 0 43 82 62 96 13 99 82 20 35 91 97 63 95 76 19 74 93 96
 43 57 0 91 24 93 98 63 68 53 25 83 1 67 71 92 9 26 29 6
 32 18 9 0 62 68 5 47 38 82 69 35 42 45 93 50 52 23 76 40
 4 38 76 38 0 80 21 36 90 60 73 98 3 70 47 12 89 27 74 62
 52 4 7 32 20 0 65 16 31 53 5 77 31 46 49 66 2 82 69 45
 33 87 2 95 79 35 0 28 91 18 87 12 38 56 32 65 94 98 98 52
 2 1 37 53 64 84 72 0 63 35 11 67 39 71 47 39 87 80 80 62
 87 18 32 62 10 69 9 37 0 29 38 78 35 30 36 23 35 64 1 17
 30 80 47 18 40 47 82 65 71 0 38 10 51 27 1 62 64 55 15 8
 89 65 75 31 27 95 13 89 62 62 0 4 57 63 23 91 70 48 10 45
 98 9 17 65 2 23 88 33 22 90 96 0 74 56 0 20 57 24 59 77
 5 3 99 58 97 69 62 61 65 49 43 26 0 75 45 92 53 41 80 29
 2 37 33 55 30 54 44 29 70 73 37 44 25 0 27 86 86 4 71 85
 45 5 29 7 53 51 68 53 64 99 77 100 55 73 0 75 2 98 23 51
 47 24 8 50 88 34 35 61 77 38 9 80 8 14 25 0 7 53 47 80
 44 81 91 48 11 98 6 13 65 36 30 43 47 14 98 93 0 66 30 95
 45 26 74 77 73 18 2 20 36 45 52 76 59 96 2 47 34 0 88 81
 46 7 71 24 26 31 2 20 99 85 90 41 20 29 77 53 70 12 0 63
 80 4 94 60 38 55 48 38 83 92 55 23 71 15 49 20 5 19 37 0
