50

 0 34 50 20 14 3 56 57 73 56 59 22 86 25 40 21 63 11 28 0 77 79 7 51 24 46 42 50 85 54 73 15 44 20 6 50 89 59 63 11 14 8 44 23 35 10 18 71 77 37
 66 0 4 17 79 3 77 12 72 23 71 16 40 44 38 38 63 83 70 87 69 10 13 92 27 32 95 43 12 89 48 84 64 64 74 23 8 90 98 8 69 59 29 45 25 89 17 79 32 94
 50 96 0 34 16 34 6 26 57 14 59 25 49 58 43 59 72 42 59 52 89 93 0 6 86 80 93 50 18 45 89 99 67 40 77 15 53 56 26 14 75 50 6 22 74 19 11 16 44 56
 80 83 66 0 33 36 11 57 18 52 88 49 76 48 7 75 35 89 81 73 82 69 82 35 39 12 44 42 25 93 34 97 24 6 73 54 83 29 56 91 71 54 39 86 77 25 52 37 72 17
 86 21 84 67 0 84 5 94 25 69 32 37 78 26 58 55 22 15 75 97 18 94 91 69 54 9 17 23 84 82 57 34 23 22 57 42 59 97 20 66 67 19 5 10 11 76 37 67 68 11
 97 97 66 64 16 0 86 50 47 60 32 14 5 9 63 78 68 26 49 60 84 20 98 31 21 77 42 90 61 17 98 57 41 76 84 88 57 90 0 70 59 38 82 49 59 71 55 53 29 19
 44 23 94 89 95 14 0 51 64 60 16 31 21 43 64 67 62 37 60 22 87 85 6 56 2 14 45 91 46 68 13 94 52 54 7 82 43 59 6 84 65 30 90 52 10 30 60 42 24 58
 43 88 74 43 6 50 49 0 7 44 4 2 24 87 87 9 14 88 62 32 70 94 92 84 51 34 46 55 57 89 39 92 89 27 39 29 84 24 4 1 47 72 78 92 0 94 66 75 48 3
 27 28 43 82 75 53 36 93 0 49 54 85 48 65 90 38 71 99 98 79 67 64 33 67 8 10 29 72 47 73 33 92 44 52 63 4 73 5 28 35 23 34 11 65 62 11 26 80 1 46
 44 77 86 48 31 40 40 56 51 0 90 31 47 45 78 56 45 15 54 90 18 69 13 78 94 12 55 52 67 4 35 42 50 71 54 21 49 94 81 44 96 79 71 90 89 32 76 26 88 92
 41 29 41 12 68 68 84 96 46 10 0 50 6 91 1 38 64 82 43 1 86 89 70 65 12 54 3 43 7 81 10 6 68 2 42 99 53 71 55 14 26 40 75 66 42 69 36 0 63 77
 78 84 75 51 63 86 69 98 15 69 50 0 12 67 34 21 23 44 12 54 80 89 3 65 1 42 98 82 51 21 21 88 81 21 54 85 19 52 90 95 31 88 51 18 84 46 64 90 49 56
 14 60 51 24 22 95 79 76 52 53 94 88 0 13 19 80 71 72 28 85 67 61 49 90 89 98 75 92 74 76 19 90 6 57 7 39 37 51 22 4 50 84 58 25 58 9 37 74 96 8
 75 56 42 52 74 91 57 13 35 55 9 33 87 0 51 20 93 28 15 36 25 48 38 40 5 57 63 34 1 21 63 93 9 38 78 28 55 72 63 7 68 26 86 51 45 27 5 18 86 49
 60 62 57 93 42 37 36 13 10 22 99 66 81 49 0 52 4 56 86 77 0 61 33 83 72 38 54 43 40 70 13 94 1 55 12 8 16 35 63 65 62 88 14 27 88 14 11 32 37 35
 79 62 41 25 45 22 33 91 62 44 62 79 20 80 48 0 82 79 29 30 13 39 80 31 33 68 33 7 58 59 1 26 37 63 83 29 26 63 53 5 26 72 50 12 91 90 88 92 52 97
 37 37 28 65 78 32 38 86 29 55 36 77 29 7 96 18 0 4 34 25 43 83 62 54 48 68 79 82 96 18 17 50 71 79 27 16 4 32 87 41 5 5 28 93 14 75 46 46 40 62
 89 17 58 11 85 74 63 12 1 85 18 56 28 72 44 21 96 0 98 56 23 45 87 41 11 7 32 88 16 10 9 71 85 8 88 46 72 38 41 4 39 61 49 55 72 96 80 82 65 61
 72 30 41 19 25 51 40 38 2 46 57 88 72 85 14 71 66 2 0 3 3 22 94 18 37 20 22 89 97 99 28 31 81 47 80 79 32 56 5 59 40 46 16 14 48 84 46 21 4 26
 100 13 48 27 3 40 78 68 21 10 99 46 15 64 23 70 75 44 97 0 77 21 48 9 31 34 69 84 39 97 72 10 75 8 67 55 68 13 59 16 8 10 42 90 44 97 24 65 53 8
 23 31 11 18 82 16 13 30 33 82 14 20 33 75 100 87 57 77 97 23 0 7 73 42 87 77 30 43 40 82 59 6 5 44 29 90 65 35 12 16 10 43 0 54 62 87 12 98 42 87
 21 90 7 31 6 80 15 6 36 31 11 11 39 52 39 61 17 55 78 79 93 0 92 34 84 20 42 46 39 91 4 6 53 18 41 32 31 59 25 93 98 1 95 78 87 6 77 60 90 38
 93 87 100 18 9 2 94 8 67 87 30 97 51 62 67 20 38 13 6 52 27 8 0 55 16 31 23 0 52 65 49 76 69 55 90 41 82 58 59 5 71 84 52 11 70 46 97 69 20 38
 49 8 94 65 31 69 44 16 33 22 35 35 10 60 17 69 46 59 82 91 58 66 45 0 57 78 35 58 84 1 44 40 97 5 43 15 40 60 58 21 23 98 65 35 48 54 45 40 13 22
 76 73 14 61 46 79 98 49 92 6 88 99 11 95 28 67 52 89 63 69 13 16 84 43 0 41 90 31 79 16 93 34 8 41 92 10 48 89 81 4 31 83 91 10 40 69 60 87 79 82
 54 68 20 88 91 23 86 66 90 88 46 58 2 43 62 32 32 93 80 66 23 80 69 22 59 0 28 97 86 65 40 23 47 86 32 90 73 40 72 76 1 38 13 56 61 81 23 63 89 66
 58 5 7 56 83 58 55 54 71 45 97 2 25 37 46 67 21 68 78 31 70 58 77 65 10 72 0 86 36 38 3 70 35 23 64 87 38 33 20 51 51 29 93 13 56 0 1 85 52 71
 50 57 50 58 77 10 9 45 28 48 57 18 8 66 57 93 18 12 11 16 57 54 100 42 69 3 14 0 25 40 22 81 50 67 63 80 19 74 88 99 53 62 48 72 87 89 46 20 13 81
 15 88 82 75 16 39 54 43 53 33 93 49 26 99 60 42 4 84 3 61 60 61 48 16 21 14 64 75 0 85 11 7 92 46 80 29 96 30 83 45 82 21 29 29 80 27 83 38 9 88
 46 11 55 7 18 83 32 11 27 96 19 79 24 79 30 41 82 90 1 3 18 9 35 99 84 35 62 60 15 0 83 76 48 13 25 68 34 2 99 92 36 65 14 74 11 36 17 89 40 5
 27 52 11 66 43 2 87 61 67 65 90 79 81 37 87 99 83 91 72 28 41 96 51 56 7 60 97 78 89 17 0 35 31 24 5 20 84 0 94 31 43 49 4 50 31 95 45 41 84 22
 85 16 1 3 66 43 6 8 8 58 94 12 10 7 6 74 50 29 69 90 94 94 24 60 66 77 30 19 93 24 65 0 38 72 80 86 51 94 47 20 6 3 37 14 53 64 65 33 23 37
 56 36 33 76 77 59 48 11 56 50 32 19 94 91 99 63 29 15 19 25 95 47 31 3 92 53 65 50 8 52 69 62 0 10 45 86 36 82 53 44 3 15 21 40 38 27 14 96 10 69
 80 36 60 94 78 24 46 73 48 29 98 79 43 62 45 37 21 92 53 92 56 82 45 95 59 14 77 33 54 87 76 28 90 0 10 89 4 5 9 10 47 35 2 1 16 65 51 67 38 81
 94 26 23 27 43 16 93 61 37 46 58 46 93 22 88 17 73 12 20 33 71 59 10 57 8 68 36 37 20 75 95 20 55 90 0 66 7 34 41 41 9 67 95 67 11 86 75 84 14 65
 50 77 85 46 58 12 18 71 96 79 1 15 61 72 92 71 84 54 21 45 10 68 59 85 90 10 13 20 71 32 80 14 14 11 34 0 92 18 9 32 66 86 17 58 63 27 53 58 47 60
 11 92 47 17 41 43 57 16 27 51 47 81 63 45 84 74 96 28 68 32 35 69 18 60 52 27 62 81 4 66 16 49 64 96 93 8 0 48 70 65 29 9 59 75 43 39 78 51 17 8
 41 10 44 71 3 10 41 76 95 6 29 48 49 28 65 37 68 62 44 87 65 41 42 40 11 60 67 26 70 98 100 6 18 95 66 82 52 0 14 92 40 42 70 12 92 54 46 10 95 5
 37 2 74 44 80 100 94 96 72 19 45 10 78 37 37 47 13 59 95 41 88 75 41 42 19 28 80 12 17 1 6 53 47 91 59 91 30 86 0 85 75 55 74 12 51 60 22 46 25 1
 89 92 86 9 34 30 16 99 65 56 86 5 96 93 35 95 59 96 41 84 84 7 95 79 96 24 49 1 55 8 69 80 56 90 59 68 35 8 15 0 46 29 19 51 87 52 99 91 56 94
 86 31 25 29 33 41 35 53 77 4 74 69 50 32 38 74 95 61 60 92 90 2 29 77 69 99 49 47 18 64 57 94 97 53 91 34 71 60 25 54 0 30 96 20 39 88 81 41 99 31
 92 41 50 46 81 62 70 28 66 21 60 12 16 74 12 28 95 39 54 90 57 99 16 2 17 62 71 38 79 35 51 97 85 65 33 14 91 58 45 71 70 0 16 58 93 41 33 13 14 76
 56 71 94 61 95 18 10 22 89 29 25 49 42 14 86 50 72 51 84 58 100 5 48 35 9 87 7 52 71 86 96 63 79 98 5 83 41 30 26 81 4 84 0 24 69 13 82 59 7 62
 77 55 78 14 90 51 48 8 35 10 34 82 75 49 73 88 7 45 86 10 46 22 89 65 90 44 87 28 71 26 50 86 60 99 33 42 25 88 88 49 80 42 76 0 39 56 97 82 65 21
 65 75 26 23 89 41 90 100 38 11 58 16 42 55 12 9 86 28 52 56 38 13 30 52 60 39 44 13 20 89 69 47 62 84 89 37 57 8 49 13 61 7 31 61 0 92 64 3 11 5
 90 11 81 75 24 29 70 6 89 68 31 54 91 73 86 10 25 4 16 3 13 94 54 46 31 19 100 11 73 64 5 36 73 35 14 73 61 46 40 48 12 59 87 44 8 0 43 59 46 62
 82 83 89 48 63 45 40 34 74 24 64 36 63 95 89 12 54 20 54 76 88 23 3 55 40 77 99 54 17 83 55 35 86 49 25 47 22 54 78 1 19 67 18 3 36 57 0 28 3 66
 29 21 84 63 33 47 58 25 20 74 100 10 26 82 68 8 54 18 79 35 2 40 31 60 13 37 15 80 62 11 59 67 4 33 16 42 49 90 54 9 59 87 41 18 97 41 72 0 84 24
 23 68 56 28 32 71 76 52 99 12 37 51 4 14 63 48 60 35 96 47 58 10 80 87 21 11 48 87 91 60 16 77 90 62 86 53 83 5 75 44 1 86 93 35 89 54 97 16 0 19
 63 6 44 83 89 81 42 97 54 8 23 44 92 51 65 3 38 39 74 92 13 62 62 78 18 34 29 19 12 95 78 63 31 19 35 40 92 95 99 6 69 24 38 79 95 38 34 76 81 0
