100

 0 15 68 24 44 33 8 34 48 50 5 86 26 0 84 17 2 17 79 38 45 45 1 9 50 84 25 37 86 50 92 14 50 32 55 35 67 63 39 78 24 71 52 80 23 64 81 93 37 83 86 8 34 79 8 28 10 67 39 42 21 95 23 93 24 79 84 9 38 61 73 95 67 81 52 79 5 18 82 14 91 99 63 70 9 76 42 76 54 94 29 56 1 28 18 24 68 58 65 57
 85 0 78 18 9 7 71 24 60 26 40 52 45 95 98 22 11 81 50 46 94 2 66 79 54 4 46 5 92 96 79 67 55 69 18 78 64 62 40 48 95 87 90 85 86 24 63 79 52 65 81 30 24 70 28 24 43 66 45 54 63 72 37 61 84 40 79 59 13 64 27 21 82 3 98 77 33 91 26 85 27 80 17 2 37 93 40 92 21 49 79 41 96 80 97 16 31 98 9 37
 32 22 0 42 6 87 25 12 86 28 34 64 76 70 96 77 29 5 44 20 7 51 34 61 30 64 91 89 46 83 32 39 22 0 36 11 9 21 22 40 52 87 63 7 63 12 62 34 57 25 43 54 24 61 66 13 54 19 81 48 96 52 46 26 74 40 20 73 26 13 3 24 10 10 78 91 37 55 34 98 12 79 50 78 11 14 45 10 1 57 51 74 95 65 3 93 6 8 34 15
 76 82 58 0 49 62 18 8 76 20 26 27 17 40 94 35 50 27 63 56 6 40 99 41 6 36 76 2 13 75 34 46 20 52 44 43 5 77 67 71 84 12 35 69 34 61 58 55 13 47 85 93 14 64 27 56 2 3 75 96 75 99 2 37 9 14 25 64 24 11 93 60 7 50 49 7 66 1 1 54 6 56 62 92 5 98 97 17 46 18 0 49 32 20 19 16 73 19 28 75
 56 91 94 51 0 28 37 93 25 65 90 79 75 19 99 84 69 39 93 27 48 37 56 38 65 63 0 85 30 24 24 72 44 80 9 29 76 15 99 6 64 39 69 17 37 78 28 10 93 80 7 20 28 34 98 89 96 50 53 20 20 1 59 10 43 97 42 73 87 52 6 65 36 42 64 97 66 37 95 69 28 21 32 77 58 76 84 86 3 7 75 40 11 41 21 39 3 45 9 20
 67 93 13 38 72 0 67 1 48 53 35 51 27 39 22 48 53 64 20 67 39 13 36 40 67 6 58 40 67 24 13 51 63 31 65 71 39 59 37 15 83 77 96 98 31 68 64 7 20 24 4 91 92 5 55 6 60 37 68 65 24 28 35 7 26 64 8 6 88 8 42 70 34 91 44 96 64 70 43 48 52 29 74 82 40 94 11 94 0 16 95 66 96 50 84 23 8 93 80 2
 92 29 75 82 63 33 0 8 61 4 85 18 93 5 31 18 52 39 39 21 41 69 42 82 5 51 5 74 48 86 62 50 90 36 38 78 78 37 17 59 66 99 29 36 78 85 97 64 20 97 76 26 56 52 16 46 10 58 80 33 47 46 0 58 96 75 46 0 68 47 4 47 66 25 60 99 90 86 13 3 83 93 55 21 41 66 0 2 91 13 96 87 31 99 7 49 44 71 56 4
 66 76 88 92 7 99 92 0 44 14 39 98 38 5 88 36 39 13 7 1 11 22 74 43 3 36 96 2 39 86 80 60 3 51 30 74 8 90 75 10 36 9 17 13 53 54 37 97 15 59 11 86 55 69 52 28 93 48 42 41 38 77 6 50 57 24 20 20 58 92 52 99 33 71 36 15 70 12 77 5 53 62 72 86 39 30 1 15 62 14 83 98 47 18 31 31 23 13 0 31
 52 40 14 24 75 52 39 56 0 2 75 35 58 76 80 37 14 54 25 11 86 25 85 81 7 23 22 99 19 46 78 32 46 9 86 9 51 36 62 98 75 70 21 92 52 90 32 72 38 15 97 85 6 52 73 29 10 18 41 89 9 4 63 10 94 66 53 26 11 88 28 15 21 88 97 69 14 75 96 41 61 88 85 86 9 18 18 22 54 30 75 51 83 77 91 37 17 39 29 42
 50 74 72 80 35 47 96 86 98 0 58 78 11 45 65 26 12 52 47 49 2 78 69 44 80 85 32 56 35 72 45 32 71 16 68 21 42 90 85 93 70 20 82 18 39 10 30 67 24 47 55 22 76 56 48 90 64 78 0 34 50 60 92 12 94 22 97 91 24 16 79 75 17 12 58 27 42 97 9 44 25 27 0 79 83 80 94 12 26 86 64 93 81 52 82 89 64 95 62 29
 95 60 66 74 10 65 15 61 25 42 0 31 76 46 27 67 80 78 89 45 50 69 60 54 7 41 71 96 82 25 33 34 17 89 19 13 1 35 67 65 2 89 7 49 29 66 21 87 93 27 75 58 7 44 23 53 48 22 19 59 98 20 18 11 17 50 21 66 85 31 0 68 81 42 66 51 91 2 63 85 96 55 57 6 54 87 47 73 24 21 28 99 77 3 80 73 67 43 86 0
 14 48 36 73 21 49 82 2 65 22 69 0 87 61 69 55 26 83 0 5 99 61 43 49 51 88 16 11 27 77 30 30 96 91 69 15 58 2 93 58 3 77 75 79 84 83 14 96 56 95 25 42 72 58 36 3 8 40 24 48 94 58 27 74 92 42 24 26 24 84 24 63 33 69 10 71 97 7 33 32 79 92 81 87 4 82 48 95 71 29 66 7 77 67 21 4 31 27 69 93
 74 55 24 83 25 73 7 62 42 89 24 13 0 29 60 73 51 1 19 30 78 36 52 62 60 0 50 88 49 8 43 69 76 23 61 63 41 5 71 69 88 28 79 32 90 93 97 36 78 32 19 20 28 33 1 20 19 35 32 1 65 24 4 87 55 39 77 21 27 15 51 41 27 89 81 78 72 6 81 84 5 44 7 81 11 62 73 36 28 76 38 30 47 12 86 85 53 65 5 33
 100 5 30 60 81 61 95 95 24 55 54 39 71 0 74 5 13 77 18 73 10 30 33 97 37 21 3 45 98 56 91 93 97 61 93 18 25 82 97 47 82 32 37 87 45 90 60 13 97 0 78 85 71 56 50 98 81 2 3 74 12 6 29 66 4 57 29 24 16 79 90 15 33 92 16 28 44 26 89 68 77 44 87 94 20 75 90 37 36 37 3 36 17 59 50 4 60 59 20 77
 16 2 4 6 1 78 69 12 20 35 73 31 40 26 0 81 70 40 45 41 45 55 72 39 46 40 29 10 93 31 84 75 71 37 23 76 59 81 48 54 68 34 58 68 5 11 75 48 26 30 45 9 35 97 75 35 31 12 11 63 52 67 71 2 60 31 89 21 62 74 25 31 81 70 83 34 99 26 19 57 84 1 94 53 47 64 38 74 11 46 28 44 76 40 43 94 88 54 99 0
 83 78 23 65 16 52 82 64 63 74 33 45 27 95 19 0 62 71 19 77 56 98 88 32 75 5 66 77 23 27 62 81 7 47 27 42 92 63 97 15 42 4 29 70 9 77 49 90 43 2 21 14 29 99 55 58 45 0 34 86 84 2 78 29 96 52 92 0 71 48 4 52 64 21 91 53 18 97 64 71 47 24 34 11 99 9 2 61 10 70 68 97 9 91 56 83 42 61 12 51
 98 89 71 50 31 47 48 61 86 88 20 74 49 87 30 38 0 26 94 5 99 6 41 52 52 29 27 82 31 63 77 55 96 35 33 36 11 78 6 4 40 88 30 11 58 65 67 1 88 77 99 98 94 83 20 85 10 33 96 56 67 98 26 16 91 68 83 8 72 85 67 48 36 75 29 51 10 83 27 43 96 22 92 89 38 5 13 92 81 22 65 66 54 99 41 29 54 89 67 71
 83 19 95 73 61 36 61 87 46 48 22 17 99 23 60 29 74 0 51 6 55 75 44 34 30 43 15 26 17 68 75 83 60 65 46 32 5 80 65 29 81 0 42 88 40 94 21 65 9 64 79 34 19 8 18 44 34 81 69 26 80 59 24 47 58 48 10 91 84 7 91 13 57 64 12 64 60 25 74 1 96 29 6 94 5 85 38 27 66 18 82 90 14 23 87 68 51 75 25 63
 21 50 56 37 7 80 61 93 75 53 11 100 81 82 55 81 6 49 0 56 86 61 78 12 45 65 70 50 93 31 11 85 53 0 0 19 74 63 17 81 53 35 57 11 54 31 7 18 24 29 57 13 23 66 46 88 22 5 27 23 10 29 42 31 4 97 41 44 15 34 25 90 42 4 81 25 75 9 69 66 99 34 27 14 42 56 18 65 44 93 96 90 73 69 94 22 8 0 85 6
 62 54 80 44 73 33 79 99 89 51 55 95 70 27 59 23 95 94 44 0 5 39 9 18 18 60 86 83 81 84 11 16 0 33 37 73 97 47 56 24 81 25 9 9 76 78 95 1 27 5 74 63 72 91 96 83 82 7 63 62 46 87 38 78 65 70 97 63 27 31 54 6 63 92 46 14 59 70 49 87 15 15 66 37 46 78 50 99 93 51 31 58 48 60 64 60 52 6 7 72
 55 6 93 94 52 61 59 89 14 98 50 1 22 90 55 44 1 45 14 95 0 86 69 30 26 93 40 11 77 76 63 54 94 61 68 47 60 66 95 77 51 44 21 89 46 92 63 64 48 7 87 77 32 66 0 48 34 54 50 83 6 72 39 68 72 48 48 1 12 34 40 87 84 57 38 90 51 9 52 29 60 24 14 91 43 89 23 1 21 56 78 42 23 75 38 75 73 78 38 68
 55 98 49 60 63 87 31 78 75 22 31 39 64 70 45 2 94 25 39 61 14 0 14 7 17 38 96 77 58 92 53 61 71 96 68 61 55 1 63 72 61 9 40 49 9 54 29 94 73 74 45 29 55 61 59 63 68 45 35 4 89 91 14 59 29 41 78 22 94 21 37 46 73 59 66 28 50 54 12 3 81 44 26 39 65 39 30 35 12 58 43 16 40 64 33 78 20 54 23 12
 99 34 66 1 44 64 58 26 15 31 40 57 48 67 28 12 59 56 22 91 31 86 0 6 0 6 66 37 47 27 2 71 62 96 44 70 28 79 2 43 52 14 48 77 61 31 19 20 21 58 63 73 50 63 14 4 52 58 21 38 96 10 95 53 80 36 3 68 95 40 26 93 64 36 14 88 68 89 70 90 34 43 69 49 81 33 91 98 77 88 86 60 76 25 29 80 94 7 43 76
 91 21 39 59 62 60 18 57 19 56 46 51 38 3 61 68 48 66 88 82 70 93 94 0 38 0 0 80 34 73 18 63 10 57 73 54 84 71 53 16 2 91 45 96 27 34 49 79 44 90 54 16 91 14 10 65 14 60 35 8 43 98 85 26 91 19 30 23 91 93 74 64 45 75 26 2 51 27 43 98 22 57 69 82 26 91 56 83 10 38 67 31 19 40 13 12 68 25 19 30
 50 46 70 94 35 33 95 97 93 20 93 49 40 63 54 25 48 70 55 82 74 83 100 62 0 37 37 91 55 9 62 99 95 54 70 7 1 18 39 33 88 44 14 86 8 90 72 84 91 61 31 29 78 7 24 45 43 2 96 6 79 35 56 83 85 90 42 88 53 21 62 21 89 38 52 43 67 95 31 99 38 98 8 56 38 81 35 63 42 76 51 12 78 48 26 60 36 41 17 82
 16 96 36 64 37 94 49 64 77 15 59 12 100 79 60 95 71 57 35 40 7 62 94 100 63 0 16 20 85 82 25 75 34 65 15 67 46 20 35 28 19 38 45 11 97 34 34 48 12 60 14 49 44 84 7 51 49 42 44 66 51 24 82 85 3 56 86 72 54 92 34 33 67 82 38 68 57 80 39 60 80 53 0 45 12 81 56 46 79 7 89 2 11 63 37 71 91 70 67 23
 75 54 9 24 100 42 95 4 78 68 29 84 50 97 71 34 73 85 30 14 60 4 34 100 63 84 0 1 54 11 42 81 15 66 0 49 70 43 75 50 47 60 91 18 53 94 56 83 61 73 13 53 56 6 42 69 18 29 73 23 37 91 23 6 82 33 74 62 22 69 47 45 55 30 84 2 37 74 38 78 68 43 89 93 53 90 12 80 27 67 51 23 4 89 95 34 33 10 58 24
 63 95 11 98 15 60 26 98 1 44 4 89 12 55 90 23 18 74 50 17 89 23 63 20 9 80 99 0 96 84 72 95 8 78 20 49 25 77 60 78 10 37 30 6 90 77 3 30 32 19 32 9 19 91 79 6 15 44 37 76 97 25 23 76 39 94 67 40 39 3 59 34 43 91 21 76 89 62 4 18 47 73 40 3 36 55 16 92 24 25 11 22 47 65 97 68 3 48 97 56
 14 8 54 87 70 33 52 61 81 65 18 73 51 2 7 77 69 83 7 19 23 42 53 66 45 15 46 4 0 87 27 7 38 85 67 61 40 62 88 72 34 77 27 33 93 41 60 27 29 80 32 98 99 37 10 94 21 35 33 66 8 26 97 18 16 39 72 21 82 61 19 16 80 12 41 95 5 31 7 86 50 62 73 58 94 44 82 48 60 79 89 15 78 20 80 66 34 44 95 88
 50 4 17 25 76 76 14 14 54 28 75 23 92 44 69 73 37 32 69 16 24 8 73 27 91 18 89 16 13 0 78 22 52 27 68 84 88 89 25 37 32 8 66 22 22 45 43 65 9 78 41 37 68 5 27 23 6 67 61 72 57 97 58 20 18 69 56 71 63 6 48 66 62 78 82 41 82 34 25 53 5 79 57 43 35 32 15 24 16 51 16 85 61 93 13 18 84 72 38 4
 8 21 68 66 76 87 38 20 22 55 67 70 57 9 16 38 23 25 89 89 37 47 98 82 38 75 58 28 73 22 0 26 98 18 53 36 26 44 74 47 81 63 31 85 86 88 38 9 97 28 91 61 64 35 35 55 25 70 54 94 23 48 0 99 31 86 94 78 49 42 93 22 98 25 71 56 2 46 8 26 25 88 80 21 23 91 94 25 43 83 36 47 88 49 86 95 9 86 24 23
 86 33 61 54 28 49 50 40 68 68 66 70 31 7 25 19 45 17 15 84 46 39 29 37 1 25 19 5 93 78 74 0 28 99 52 48 19 60 23 36 52 1 60 94 13 86 60 18 58 12 47 15 43 80 65 91 19 88 72 89 31 1 85 76 7 70 73 83 14 6 69 68 19 94 4 84 31 94 5 26 27 96 47 88 35 10 30 63 27 23 34 75 25 54 33 83 15 54 80 26
 50 45 78 80 56 37 10 97 54 29 83 4 24 3 29 93 4 40 47 100 6 29 38 90 5 66 85 92 62 48 2 72 0 92 60 74 82 83 6 27 73 53 36 85 95 66 12 7 77 11 11 60 12 27 21 87 1 24 69 78 89 26 40 26 75 31 1 45 75 68 3 33 59 43 13 72 77 36 43 3 77 82 71 34 30 71 33 86 21 33 70 5 53 1 74 44 35 1 66 19
 68 31 100 48 20 69 64 49 91 84 11 9 77 39 63 53 65 35 100 67 39 4 4 43 46 35 34 22 15 73 82 1 8 0 18 36 40 62 3 28 58 56 60 4 82 9 93 31 41 54 64 75 42 64 87 67 22 29 21 17 15 98 8 43 38 0 65 52 35 98 26 64 50 23 72 84 40 1 50 88 93 87 81 26 65 48 19 94 86 72 84 9 28 16 95 75 1 26 40 73
 45 82 64 56 91 35 62 70 14 32 81 31 39 7 77 73 67 54 100 63 32 32 56 27 30 85 100 80 33 32 47 48 40 82 0 28 69 80 10 49 38 72 86 87 61 71 83 69 12 6 97 84 10 15 26 17 70 25 5 57 80 28 85 57 78 50 84 29 35 47 29 83 10 31 12 14 23 73 22 78 11 65 26 60 24 22 65 89 44 97 37 28 89 45 6 84 84 59 96 9
 65 22 89 57 71 29 22 26 91 79 87 85 37 82 24 58 64 68 81 27 53 39 30 46 93 33 51 51 39 16 64 52 26 64 72 0 61 83 17 8 64 68 99 19 19 62 84 29 66 50 22 32 49 8 91 2 35 46 33 39 5 19 27 48 62 23 45 70 53 47 55 31 91 47 90 87 23 73 43 75 16 39 43 26 85 51 96 88 30 44 28 26 48 43 15 0 0 93 12 79
 33 36 91 95 24 61 22 92 49 58 99 42 59 75 41 8 89 95 26 3 40 45 72 16 99 54 30 75 60 12 74 81 18 60 31 39 0 52 82 62 46 22 23 40 83 45 17 72 46 65 77 37 55 87 77 34 59 60 72 71 17 63 79 49 5 71 86 3 45 84 70 12 25 62 64 76 29 93 39 28 50 88 76 80 14 7 27 2 22 18 92 25 60 12 80 48 77 75 35 2
 37 38 79 23 85 41 63 10 64 10 65 98 95 18 19 37 22 20 37 53 34 99 21 29 82 80 57 23 38 11 56 40 17 38 20 17 48 0 7 63 20 79 45 31 73 2 3 20 27 31 86 54 51 89 43 27 82 20 36 95 86 72 8 21 1 6 89 35 88 48 22 12 60 56 53 55 82 41 66 56 57 97 76 75 34 61 39 66 63 95 59 0 99 64 2 89 62 16 16 71
 61 60 78 33 1 63 83 25 38 15 33 7 29 3 52 3 94 35 83 44 5 37 98 47 61 65 25 40 12 75 26 77 94 97 90 83 18 93 0 34 43 19 75 61 14 68 68 6 72 85 76 38 38 49 47 2 84 59 97 48 32 2 9 32 65 62 85 21 52 47 21 32 54 14 43 36 44 65 53 13 93 25 50 97 29 73 91 54 60 20 56 66 73 21 31 75 99 75 17 96
 22 52 60 29 94 85 41 90 2 7 35 42 31 53 46 85 96 71 19 76 23 28 57 84 67 72 50 22 28 63 53 64 73 72 51 92 38 37 66 0 13 46 65 73 25 40 25 0 52 35 23 84 62 72 74 73 32 64 23 76 5 54 21 41 94 50 19 6 20 36 7 26 45 97 36 13 0 62 72 72 57 13 0 59 29 12 1 93 65 70 68 99 47 63 40 26 84 89 14 18
 76 5 48 16 36 17 34 64 25 30 98 97 12 18 32 58 60 19 47 19 49 39 48 98 12 81 53 90 66 68 19 48 27 42 62 36 54 80 57 87 0 23 9 18 50 99 41 92 91 7 94 76 73 28 42 52 33 40 6 92 93 32 67 21 56 53 43 50 43 82 26 10 76 31 38 10 91 86 53 2 26 16 23 57 18 39 98 85 42 19 57 54 2 17 98 81 87 80 45 92
 29 13 13 88 61 23 1 91 30 80 11 23 72 68 66 96 12 100 65 75 56 91 86 9 56 62 40 63 23 92 37 99 47 44 28 32 78 21 81 54 77 0 99 20 16 87 63 30 30 13 42 90 0 33 14 0 6 67 90 28 10 75 74 49 67 7 90 53 81 14 80 97 87 49 0 18 24 99 61 37 46 93 76 52 46 92 30 4 34 62 70 56 25 71 52 25 95 61 52 79
 48 10 37 65 31 4 71 83 79 18 93 25 21 63 42 71 70 58 43 91 79 60 52 55 86 55 9 70 73 34 69 40 64 40 14 1 77 55 25 35 91 1 0 31 39 38 89 13 71 72 68 47 52 80 93 86 70 74 32 15 10 30 47 43 37 97 22 62 65 39 87 63 80 85 23 2 70 28 95 81 45 83 32 80 98 80 38 13 48 45 78 9 39 37 9 44 35 81 80 85
 20 15 93 31 83 2 64 87 8 82 51 21 68 13 32 30 89 12 89 91 11 51 23 4 14 89 82 94 67 78 15 6 15 96 13 81 60 69 39 27 82 80 69 0 99 31 51 23 14 83 35 27 25 8 32 68 85 55 84 98 65 33 75 66 20 78 18 16 43 37 36 23 67 73 55 6 4 38 40 7 82 72 63 62 99 53 73 12 19 83 49 81 79 87 53 80 30 0 43 2
 77 14 37 66 63 69 22 47 48 61 71 16 10 55 95 91 42 60 46 24 54 91 39 73 92 3 47 10 7 78 14 87 5 18 39 81 17 27 86 75 50 84 61 1 0 13 35 97 86 21 98 14 75 98 42 48 99 63 31 5 94 39 55 30 88 77 51 19 64 71 33 94 17 92 61 52 89 61 12 41 98 45 48 50 53 91 58 1 58 45 63 52 11 86 62 45 25 28 59 68
 36 76 88 39 22 32 15 46 10 90 34 17 7 10 89 23 35 6 69 22 8 46 69 66 10 66 6 23 59 55 12 14 34 91 29 38 55 98 32 60 1 13 62 69 87 0 33 19 74 63 68 93 6 57 34 37 10 22 82 83 79 85 54 10 45 93 3 66 40 38 60 37 93 5 3 98 1 40 78 49 24 59 86 81 37 7 39 27 70 76 72 47 2 94 42 58 32 34 49 23
 19 37 38 42 72 36 3 63 68 70 79 86 3 40 25 51 33 79 93 5 37 71 81 51 28 66 44 97 40 57 62 40 88 7 17 16 83 97 32 75 59 37 11 49 65 67 0 63 9 10 46 77 31 30 30 40 30 13 66 33 38 99 69 21 25 55 42 73 77 83 30 36 55 22 89 2 83 44 75 76 6 87 88 14 19 34 37 23 35 2 65 1 60 40 40 26 12 41 15 96
 7 21 66 45 90 93 36 3 28 33 13 4 64 87 52 10 99 35 82 99 36 6 80 21 16 52 17 70 73 35 91 82 93 69 31 71 28 80 94 100 8 70 87 77 3 81 37 0 27 8 25 25 17 39 35 90 54 71 87 48 96 23 55 94 98 51 1 97 40 68 27 13 20 38 46 21 1 48 16 71 77 66 77 51 61 5 37 52 85 79 47 39 33 7 31 65 58 63 41 69
 63 48 43 87 7 80 80 85 62 76 7 44 22 3 74 57 12 91 76 73 52 27 79 56 9 88 39 68 71 91 3 42 23 59 88 34 54 73 28 48 9 70 29 86 14 26 91 73 0 65 11 20 32 86 98 30 44 42 17 97 40 46 12 78 62 98 38 48 15 39 99 11 28 74 51 18 64 73 32 42 86 74 95 55 48 97 68 96 58 34 63 87 66 20 72 15 28 89 78 80
 17 35 75 53 20 76 3 41 85 53 73 5 68 100 70 98 23 36 71 95 93 26 42 10 39 40 27 81 20 22 72 88 89 46 94 50 35 69 15 65 93 87 28 17 79 37 90 92 35 0 98 78 70 22 62 68 35 55 52 46 55 90 80 5 18 53 81 48 13 62 18 92 53 75 16 69 46 36 48 10 92 40 47 83 52 71 10 35 46 24 65 77 51 60 48 97 30 21 14 56
 14 19 57 15 93 96 24 89 3 45 25 75 81 22 55 79 1 21 43 26 13 55 37 46 69 86 87 68 68 59 9 53 89 36 3 78 23 14 24 77 6 58 32 65 2 32 54 75 89 2 0 16 87 10 55 52 81 42 91 82 76 32 72 41 52 57 14 82 40 12 83 54 21 46 85 75 31 96 81 8 61 92 96 31 1 83 75 48 80 46 6 82 0 29 62 51 38 93 18 55
 92 70 46 7 80 9 74 14 15 78 42 58 80 15 91 86 2 66 87 37 23 71 27 84 71 51 47 91 2 63 39 85 40 25 16 68 63 46 62 16 24 10 53 73 86 7 23 75 80 22 84 0 71 72 28 44 37 7 12 70 23 49 98 35 66 12 83 89 48 87 96 8 68 82 32 51 8 67 43 72 7 67 73 21 78 61 94 77 29 79 98 32 70 12 39 87 34 29 91 37
 66 76 76 86 72 8 44 45 94 24 93 28 72 29 65 71 6 81 77 28 68 45 50 9 22 56 44 81 1 32 36 57 88 58 90 51 45 49 62 38 27 100 48 75 25 94 69 83 68 30 13 29 0 8 52 45 22 35 22 12 92 60 0 86 1 85 61 40 98 98 13 74 80 49 27 87 67 19 94 81 45 48 69 29 97 72 56 40 73 35 14 12 76 76 72 67 76 61 35 32
 21 30 39 36 66 95 48 31 48 44 56 42 67 44 3 1 17 92 34 9 34 39 37 86 93 16 94 9 63 95 65 20 73 36 85 92 13 11 51 28 72 67 20 92 2 43 70 61 14 78 90 28 92 0 51 43 36 15 21 58 8 76 43 94 9 95 25 74 80 64 26 72 54 66 27 56 35 50 52 80 59 77 51 94 48 59 77 87 96 64 29 76 0 97 83 90 8 21 67 91
 92 72 34 73 2 45 84 48 27 52 77 64 99 50 25 45 80 82 54 4 100 41 86 90 76 93 58 21 90 73 65 35 79 13 74 9 23 57 53 26 58 86 7 68 58 66 70 65 2 38 45 72 48 49 0 22 79 67 86 58 78 44 18 12 71 51 27 98 37 29 37 17 60 67 17 17 72 66 6 99 15 40 51 68 1 54 95 62 86 52 21 22 55 58 78 30 94 19 65 83
 72 76 87 44 11 94 54 72 71 10 47 97 80 2 65 42 15 56 12 17 52 37 96 35 55 49 31 94 6 77 45 9 13 33 83 98 66 73 98 27 48 100 14 32 52 63 60 10 70 32 48 56 55 57 78 0 72 48 33 51 82 92 28 6 51 32 79 35 68 48 96 88 68 51 47 4 76 77 52 10 43 94 28 65 63 13 32 98 95 29 6 28 59 67 42 85 88 29 20 69
 90 57 46 98 4 40 90 7 90 36 52 92 81 19 69 55 90 66 78 18 66 32 48 86 57 51 82 85 79 94 75 81 99 78 30 65 41 18 16 68 67 94 30 15 1 90 70 46 56 65 19 63 78 64 21 28 0 18 6 99 1 67 62 22 77 46 19 0 88 17 38 35 82 13 85 71 88 77 55 91 5 80 99 92 30 81 6 36 25 75 76 41 21 98 13 83 42 92 1 58
 33 34 81 97 50 63 42 52 82 22 78 60 65 98 88 100 67 19 95 93 46 55 42 40 98 58 71 56 65 33 30 12 76 71 75 54 40 80 41 36 60 33 26 45 37 78 87 29 58 45 58 93 65 85 33 52 82 0 23 73 47 93 9 29 84 54 12 62 35 12 33 93 8 37 30 20 8 24 61 56 33 92 49 5 59 54 28 29 78 92 83 9 20 94 88 66 73 84 54 49
 61 55 19 25 47 32 20 58 59 100 81 76 68 97 89 66 4 31 73 37 50 65 79 65 4 56 27 63 67 39 46 28 31 79 95 67 28 64 3 77 94 10 68 16 69 18 34 13 83 48 9 88 78 79 14 67 94 77 0 26 41 50 15 0 29 65 33 23 18 24 91 59 8 59 80 36 9 4 3 3 70 72 86 91 34 85 11 75 96 40 55 38 88 8 57 45 28 94 25 96
 58 46 52 4 80 35 67 59 11 66 41 52 99 26 37 14 44 74 77 38 17 96 62 92 94 34 77 24 34 28 6 11 22 83 43 61 29 5 52 24 8 72 85 2 95 17 67 52 3 54 18 30 88 42 42 49 1 27 74 0 6 99 6 2 80 70 38 36 24 65 3 6 37 65 13 0 79 78 83 28 74 49 35 50 69 41 21 55 25 29 3 95 77 41 19 49 72 32 11 8
 79 37 4 25 80 76 53 62 91 50 2 6 35 88 48 16 33 20 90 54 94 11 4 57 21 49 63 3 92 43 77 69 11 85 20 95 83 14 68 95 7 90 90 35 6 21 62 4 60 45 24 77 8 92 22 18 99 53 59 94 0 36 84 96 39 95 56 8 66 80 19 46 38 94 38 34 59 17 84 25 51 82 50 90 64 87 71 24 3 96 49 5 50 25 41 15 8 4 8 90
 5 28 48 1 99 72 54 23 96 40 80 42 76 94 33 98 2 41 71 13 28 9 90 2 65 76 9 75 74 3 52 99 74 2 72 81 37 28 98 46 68 25 70 67 61 15 1 77 54 10 68 51 40 24 56 8 33 7 50 1 64 0 54 12 33 11 45 27 57 41 69 91 94 23 59 20 27 28 64 15 91 75 40 7 8 91 22 20 4 42 9 33 38 79 61 3 89 53 51 80
 77 63 54 98 41 65 100 94 37 8 82 73 96 71 29 22 74 76 58 62 61 86 5 15 44 18 77 77 3 42 100 15 60 92 15 73 21 92 91 79 33 26 53 25 45 46 31 45 88 20 28 2 100 57 82 72 38 91 85 94 16 46 0 25 97 75 56 92 53 0 68 15 29 54 70 67 43 28 70 13 55 42 38 47 83 74 83 15 54 82 18 88 51 92 22 78 62 22 24 25
 7 39 74 63 90 93 42 50 90 88 89 26 13 34 98 71 84 53 69 22 32 41 47 74 17 15 94 24 82 80 1 24 74 57 43 52 51 79 68 59 79 51 57 34 70 90 79 6 22 95 59 65 14 6 88 94 78 71 100 98 4 88 75 0 0 1 9 58 17 88 42 71 6 57 65 38 63 24 49 3 2 25 63 28 5 13 78 5 74 26 71 32 40 39 14 16 41 67 39 6
 76 16 26 91 57 74 4 43 6 6 83 8 45 96 40 4 9 42 96 35 28 71 20 9 15 97 18 61 84 82 69 93 25 62 22 38 95 99 35 6 44 33 63 80 12 55 75 2 38 82 48 34 99 91 29 49 23 16 71 20 61 67 3 100 0 77 86 34 50 71 53 43 28 69 15 19 29 53 57 58 47 62 7 64 69 70 16 67 45 92 77 64 68 57 97 64 75 54 55 40
 21 60 60 86 3 36 25 76 34 78 50 58 61 43 69 48 32 52 3 30 52 59 64 81 10 44 67 6 61 31 14 30 69 100 50 77 29 94 38 50 47 93 3 22 23 7 45 49 2 47 43 88 15 5 49 68 54 46 35 30 5 89 25 99 23 0 98 49 11 82 48 33 99 80 83 42 12 89 25 56 47 41 63 43 72 23 43 68 71 86 86 29 63 7 3 81 5 25 11 0
 16 21 80 75 58 92 54 80 47 3 79 76 23 71 11 8 17 90 59 3 52 22 97 70 58 14 26 33 28 44 6 27 99 35 16 55 14 11 15 81 57 10 78 82 49 97 58 99 62 19 86 17 39 75 73 21 81 88 67 62 44 55 44 91 14 2 0 96 45 67 50 61 70 61 54 98 96 22 48 53 2 71 95 90 98 72 73 82 17 28 78 68 0 38 14 87 31 60 8 80
 91 41 27 36 27 94 100 80 74 9 34 74 79 76 79 100 92 9 56 37 99 78 32 77 12 28 38 60 79 29 22 17 55 48 71 30 97 65 79 94 50 47 38 84 81 34 27 3 52 52 18 11 60 26 2 65 100 38 77 64 92 73 8 42 66 51 4 0 56 64 77 40 89 27 71 76 51 93 84 19 50 21 4 59 61 2 18 69 64 64 58 90 1 76 98 2 81 66 38 77
 62 87 74 76 13 12 32 42 89 76 15 76 73 84 38 29 28 16 85 73 88 6 5 9 47 46 78 61 18 37 51 86 25 65 65 47 55 12 48 80 57 19 35 57 36 60 23 60 85 87 60 52 2 20 63 32 12 65 82 76 34 43 47 83 50 89 55 44 0 32 79 65 87 14 70 70 93 72 7 34 67 82 63 59 62 16 9 77 23 75 47 18 37 43 21 12 85 86 95 54
 39 36 87 89 48 92 53 8 12 84 69 16 85 21 26 52 15 93 66 69 66 79 60 7 79 8 31 97 39 94 58 94 32 2 53 53 16 52 53 64 18 86 61 63 29 62 17 32 61 38 88 13 2 36 71 52 83 88 76 35 20 59 100 12 29 18 33 36 68 0 55 35 31 11 15 60 96 98 67 23 84 2 68 84 43 9 93 66 65 9 78 31 71 0 71 20 67 10 14 92
 27 73 97 7 94 58 96 48 72 21 100 76 49 10 75 96 33 9 75 46 60 63 74 26 38 66 53 41 81 52 7 31 97 74 71 45 30 78 79 93 74 20 13 64 67 40 70 73 1 82 17 4 87 74 63 4 62 67 9 97 81 31 32 58 47 52 50 23 21 45 0 48 28 56 37 1 10 16 35 71 10 93 62 57 34 50 29 82 50 18 87 71 24 82 19 98 15 39 62 14
 5 79 76 40 35 30 53 1 85 25 32 37 59 85 69 48 52 87 10 94 13 54 7 36 79 67 55 66 84 34 78 32 67 36 17 69 88 88 68 74 90 3 37 77 6 63 64 87 89 8 46 92 26 28 83 12 65 7 41 94 54 9 85 29 57 67 39 60 35 65 52 0 62 36 91 22 79 96 51 34 70 62 60 89 19 58 57 93 71 47 77 98 82 99 59 98 72 95 74 89
 33 18 90 93 64 66 34 67 79 83 19 67 73 67 19 36 64 43 58 37 16 27 36 55 11 33 45 57 20 38 2 81 41 50 90 9 75 40 46 55 24 13 20 33 83 7 45 80 72 47 79 32 20 46 40 32 18 92 92 63 62 6 71 94 72 1 30 11 13 69 72 38 0 99 57 48 73 5 87 0 45 47 50 15 41 86 55 57 82 60 75 19 32 16 33 1 86 42 37 69
 19 97 90 50 58 9 75 29 12 88 58 31 11 8 30 79 25 36 96 8 43 41 64 25 62 18 70 9 88 22 75 6 57 77 69 53 38 44 86 3 69 51 15 27 8 95 78 62 26 25 54 18 51 34 33 49 87 63 41 35 6 77 46 43 31 20 39 73 86 89 44 64 1 0 37 67 60 8 48 7 22 11 66 0 61 5 33 87 12 33 42 35 57 12 76 71 97 49 84 85
 48 2 22 51 36 56 40 64 3 42 34 90 19 84 17 9 71 88 19 54 62 34 86 74 48 62 16 79 59 18 29 96 87 28 88 10 36 47 57 64 62 100 77 45 39 97 11 54 49 84 15 68 73 73 83 53 15 70 20 87 62 41 30 35 85 17 46 29 30 85 63 9 43 63 0 52 61 39 11 23 10 20 24 94 14 21 52 60 36 98 41 21 26 47 11 63 12 25 35 21
 21 23 9 93 3 4 1 85 31 73 49 29 22 72 66 47 49 36 75 86 10 72 12 98 57 32 98 24 5 59 44 16 28 16 86 13 24 45 64 87 90 82 98 94 48 2 98 79 82 31 25 49 13 44 83 96 29 80 64 100 66 80 33 62 81 58 2 24 30 40 99 78 52 33 48 0 83 71 59 76 96 17 75 15 50 70 53 20 15 9 89 22 86 21 49 72 6 86 22 82
 95 67 63 34 34 36 10 30 86 58 9 3 28 56 1 82 90 40 25 41 49 50 32 49 33 43 63 11 95 18 98 69 23 60 77 77 71 18 56 100 9 76 30 96 11 99 17 99 36 54 69 92 33 65 28 24 12 92 91 21 41 73 57 37 71 88 4 49 7 4 90 21 27 40 39 17 0 7 8 95 9 67 29 54 65 92 73 88 58 15 10 75 33 8 72 22 77 12 87 38
 82 9 45 99 63 30 14 88 25 3 98 93 94 74 74 3 17 75 91 30 91 46 11 73 5 20 26 38 69 66 54 6 64 99 27 27 7 59 35 38 14 1 72 62 39 60 56 52 27 64 4 33 81 50 34 23 23 76 96 22 83 72 72 76 47 11 78 7 28 2 84 4 95 92 61 29 93 0 44 55 76 82 9 72 34 74 48 0 89 79 98 28 13 8 3 0 49 44 72 24
 18 74 66 99 5 57 87 23 4 91 37 67 19 11 81 36 73 26 31 51 48 88 30 57 69 61 62 96 93 75 92 95 57 50 78 57 61 34 47 28 47 39 5 60 88 22 25 84 68 52 19 57 6 48 94 48 45 39 97 17 16 36 30 51 43 75 52 16 93 33 65 49 13 52 89 41 92 56 0 1 94 44 88 82 15 30 96 5 93 83 97 68 76 47 35 54 18 77 54 19
 86 15 2 46 31 52 97 95 59 56 15 68 16 32 43 29 57 99 34 13 71 97 10 2 1 40 22 82 14 47 74 74 97 12 22 25 72 44 87 28 98 63 19 93 59 51 24 29 58 90 92 28 19 20 1 90 9 44 97 72 75 85 87 97 42 44 47 81 66 77 29 66 100 93 77 24 5 45 99 0 96 99 79 68 95 60 92 45 45 30 76 33 78 54 41 24 77 75 9 70
 9 73 88 94 72 48 17 47 39 75 4 21 95 23 16 53 4 4 1 85 40 19 66 78 62 20 32 53 50 95 75 73 23 7 89 84 50 43 7 43 74 54 55 18 2 76 94 23 14 8 39 93 55 41 85 57 95 67 30 26 49 9 45 98 53 53 98 50 33 16 90 30 55 78 90 4 91 24 6 4 0 94 69 91 94 3 63 31 26 60 52 18 53 58 6 81 26 47 12 45
 1 20 21 44 79 71 7 38 12 73 45 8 56 56 99 76 78 71 66 85 76 56 57 43 2 47 57 27 38 21 12 4 18 13 35 61 12 3 75 87 84 7 17 28 55 41 13 34 26 60 8 33 52 23 60 6 20 8 28 51 18 25 58 75 38 59 29 79 18 98 7 38 53 89 80 83 33 18 56 1 6 0 55 42 83 74 16 86 8 57 46 71 32 46 3 87 56 4 34 23
 37 83 50 38 68 26 45 28 15 100 43 19 93 13 6 66 8 94 73 34 86 74 31 31 92 100 11 60 27 43 20 53 29 19 74 57 24 24 50 100 77 24 68 37 52 14 12 23 5 53 4 27 31 49 49 72 1 51 14 65 50 60 62 37 93 37 5 96 37 32 38 40 50 34 76 25 71 91 12 21 31 45 0 2 54 33 85 49 17 82 36 58 3 12 18 25 43 28 71 26
 30 98 22 8 23 18 79 14 14 21 94 13 19 6 47 89 11 6 86 63 9 61 51 18 44 55 7 97 42 57 79 12 66 74 40 74 20 25 3 41 43 48 20 38 50 19 86 49 45 17 69 79 71 6 32 35 8 95 9 50 10 93 53 72 36 57 10 41 41 16 43 11 85 100 6 85 46 28 18 32 9 58 98 0 77 15 14 3 66 94 73 7 89 25 47 24 53 30 63 8
 91 63 89 95 42 60 59 61 91 17 46 96 89 80 53 1 62 95 58 54 57 35 19 74 62 88 47 64 6 65 77 65 70 35 76 15 86 66 71 71 82 54 2 1 47 63 81 39 52 48 99 22 3 52 99 37 70 41 66 31 36 92 17 95 31 28 2 39 38 57 66 81 59 39 86 50 35 66 85 5 6 17 46 23 0 73 79 59 11 89 28 34 90 15 67 95 77 64 60 87
 24 7 86 2 24 6 34 70 82 20 13 18 38 25 36 91 95 15 44 22 11 61 67 9 19 19 10 45 56 68 9 90 29 52 78 49 93 39 27 88 61 8 20 47 9 93 66 95 3 29 17 39 28 41 46 87 19 46 15 59 13 9 26 87 30 77 28 98 84 91 50 42 14 95 79 30 8 26 70 40 97 26 67 85 27 0 18 53 65 78 39 61 20 61 15 84 3 28 22 75
 58 60 55 3 16 89 100 99 82 6 53 52 27 10 62 98 87 62 82 50 77 70 9 44 65 44 88 84 18 85 6 70 67 81 35 4 73 61 9 99 2 70 62 27 42 61 63 63 32 90 25 6 44 23 5 68 94 72 89 79 29 78 17 22 84 57 27 82 91 7 71 43 45 67 48 47 27 52 4 8 37 84 15 86 21 82 0 4 21 48 50 4 88 28 68 13 45 74 65 3
 24 8 90 83 14 6 98 85 78 88 27 5 64 63 26 39 8 73 35 1 99 65 2 17 37 54 20 8 52 76 75 37 14 6 11 12 98 34 46 7 15 96 87 88 99 73 77 48 4 65 52 23 60 13 38 2 64 71 25 45 76 80 85 95 33 32 18 31 23 34 18 7 43 13 40 80 12 100 95 55 69 14 51 97 41 47 96 0 59 7 18 53 58 17 71 94 14 51 45 91
 46 79 99 54 97 100 9 38 46 74 76 29 72 64 89 90 19 34 56 7 79 88 23 90 58 21 73 76 40 84 57 73 79 14 56 70 78 37 40 35 58 66 52 81 42 30 65 15 42 54 20 71 27 4 14 5 75 22 4 75 97 96 46 26 55 29 83 36 77 35 50 29 18 88 64 85 42 11 7 55 74 92 83 34 89 35 79 41 0 2 58 70 52 82 46 14 43 91 72 34
 6 51 43 82 93 84 87 86 70 14 79 71 24 63 54 30 78 82 7 49 44 42 12 62 24 93 33 75 21 49 17 77 67 28 3 56 82 5 80 30 81 38 55 17 55 24 98 21 66 76 54 21 65 36 48 71 25 8 60 71 4 58 18 74 8 14 72 36 25 91 82 53 40 67 2 91 85 21 17 70 40 43 18 6 11 22 52 93 98 0 30 23 94 27 89 38 86 97 18 26
 71 21 49 100 25 5 4 17 25 36 72 34 62 97 72 32 35 18 4 69 22 57 14 33 49 11 49 89 11 84 64 66 30 16 63 72 8 41 44 32 43 30 22 51 37 28 35 53 37 35 94 2 86 71 79 94 24 17 45 97 51 91 82 29 23 14 22 42 53 22 13 23 25 58 59 11 90 2 3 24 48 54 64 27 72 61 50 82 42 70 0 79 12 16 81 54 62 86 82 13
 44 59 26 51 60 34 13 2 49 7 1 93 70 64 56 3 34 10 10 42 58 84 40 69 88 98 77 78 85 15 53 25 95 91 72 74 75 100 34 1 46 44 91 19 48 53 99 61 13 23 18 68 88 24 78 72 59 91 62 5 95 67 12 68 36 71 32 10 82 69 29 2 81 65 79 78 25 72 32 67 82 29 42 93 66 39 96 47 30 77 21 0 61 18 85 6 18 75 69 74
 99 4 5 68 89 4 69 53 17 19 23 23 53 83 24 91 46 86 27 52 77 60 24 81 22 89 96 53 22 39 12 75 47 72 11 52 40 1 27 53 98 75 61 21 89 98 40 67 34 49 100 30 24 100 45 41 79 80 12 23 50 62 49 60 32 37 100 99 63 29 76 18 68 43 74 14 67 87 24 22 47 68 97 11 10 80 12 42 48 6 88 39 0 5 24 27 62 95 10 68
 72 20 35 80 59 50 1 82 23 48 97 33 88 41 60 9 1 77 31 40 25 36 75 60 52 37 11 35 80 7 51 46 99 84 55 57 88 36 79 37 83 29 63 13 14 6 60 93 80 40 71 88 24 3 42 33 2 6 92 59 75 21 8 61 43 93 62 24 57 100 18 1 84 88 53 79 92 92 53 46 42 54 88 75 85 39 72 83 18 73 84 82 95 0 68 30 93 95 7 72
 82 3 97 81 79 16 93 69 9 18 20 79 14 50 57 44 59 13 6 36 62 67 71 87 74 63 5 3 20 87 14 67 26 5 94 85 20 98 69 60 2 48 91 47 38 58 60 69 28 52 38 61 28 17 22 58 87 12 43 81 59 39 78 86 3 97 86 2 79 29 81 41 67 24 89 51 28 97 65 59 94 97 82 53 33 85 32 29 54 11 19 15 76 32 0 87 90 36 95 24
 76 84 7 84 61 77 51 69 63 11 27 96 15 96 6 17 71 32 78 40 25 22 20 88 40 29 66 32 34 82 5 17 56 25 16 100 52 11 25 74 19 75 56 20 55 42 74 35 85 3 49 13 33 10 70 15 17 34 55 51 85 97 22 84 36 19 13 98 88 80 2 2 99 29 37 28 78 100 46 76 19 13 75 76 5 16 87 6 86 62 46 94 73 70 13 0 7 73 36 54
 32 69 94 27 97 92 56 77 83 36 33 69 47 40 12 58 46 49 92 48 27 80 6 32 64 9 67 97 66 16 91 85 65 99 16 100 23 38 1 16 13 5 65 70 75 68 88 42 72 70 62 66 24 92 6 12 58 27 72 28 92 11 38 59 25 95 69 19 15 33 85 28 14 3 88 94 23 51 82 23 74 44 57 47 23 97 55 86 57 14 38 82 38 7 10 93 0 7 48 68
 42 2 92 81 55 7 29 87 61 5 57 73 35 41 46 39 11 25 100 94 22 46 93 75 59 30 90 52 56 28 14 46 99 74 41 7 25 84 25 11 20 39 19 100 72 66 59 37 11 79 7 71 39 79 81 71 8 16 6 68 96 47 78 33 46 75 40 34 14 90 61 5 58 51 75 14 88 56 23 25 53 96 72 70 36 72 26 49 9 3 14 25 5 5 64 27 93 0 93 57
 35 91 66 72 91 20 44 100 71 38 14 31 95 80 1 88 33 75 15 93 62 77 57 81 83 33 42 3 5 62 76 20 34 60 4 88 65 84 83 86 55 48 20 57 41 51 85 59 22 86 82 9 65 33 35 80 99 46 75 89 92 49 76 61 45 89 92 62 5 86 38 26 63 16 65 78 13 28 46 91 88 66 29 37 40 78 35 55 28 82 18 31 90 93 5 64 52 7 0 31
 43 63 85 25 80 98 96 69 58 71 100 7 67 23 100 49 29 37 94 28 32 88 24 70 18 77 76 44 12 96 77 74 81 27 91 21 98 29 4 82 8 21 15 98 32 77 4 31 20 44 45 63 68 9 17 31 42 51 4 92 10 20 75 94 60 100 20 23 46 8 86 11 31 15 79 18 62 76 81 30 55 77 74 92 13 25 97 9 66 74 87 26 32 28 76 46 32 43 69 0
