100

 0 0 31 2 42 20 70 19 35 53 19 3 40 76 90 15 59 52 57 74 96 60 29 11 90 2 4 45 44 71 88 84 78 54 78 11 61 54 78 39 56 18 79 3 87 93 22 8 81 46 84 13 19 40 66 70 84 57 36 32 50 43 52 14 80 12 53 77 95 8 60 94 32 40 76 16 18 52 43 10 76 12 48 89 17 1 5 53 81 26 59 76 85 1 40 72 32 80 76 29
 100 0 49 9 93 2 56 90 17 67 58 28 25 74 60 80 75 43 47 93 11 41 49 41 6 34 11 42 58 96 88 91 39 56 48 37 50 68 69 80 94 77 79 53 38 76 66 89 84 27 71 73 30 41 82 89 15 70 47 46 48 85 45 38 93 79 26 27 76 87 6 4 2 97 43 94 39 0 66 91 78 80 69 57 76 60 40 42 88 0 48 96 24 65 8 13 96 93 11 12
 69 51 0 49 4 39 83 48 24 11 42 85 29 25 1 34 44 92 61 92 23 57 30 43 84 97 97 23 11 54 92 25 16 25 90 30 89 23 80 67 12 62 22 91 46 27 66 92 23 55 42 54 37 45 70 34 5 82 15 7 5 43 82 93 68 21 74 69 26 40 44 70 49 39 87 15 2 44 93 74 30 78 34 18 87 58 33 15 55 21 74 82 19 61 40 52 26 69 39 83
 98 91 51 0 61 55 59 58 86 70 8 53 84 9 56 33 29 39 52 10 39 32 97 69 32 75 92 25 80 31 70 44 43 26 10 97 15 88 44 44 55 48 90 93 9 86 77 88 62 69 99 4 29 85 16 56 40 15 31 83 74 18 42 48 8 10 65 47 41 76 94 95 0 49 12 70 77 45 17 54 60 75 55 73 33 38 12 6 0 42 27 87 67 91 83 84 44 38 19 65
 58 7 96 39 0 65 2 38 52 12 93 59 68 83 77 92 77 58 64 78 18 11 92 1 36 69 43 31 19 37 33 8 7 33 71 91 62 18 60 81 96 43 15 11 32 89 74 60 98 49 54 44 70 33 50 70 63 85 84 68 45 80 56 47 40 66 1 92 1 52 50 95 48 13 36 30 31 13 33 75 87 66 96 74 58 80 75 38 3 59 9 66 87 32 28 25 44 43 50 12
 80 98 61 45 35 0 80 42 21 43 4 95 38 51 91 70 18 44 32 89 1 55 75 70 74 34 81 57 89 74 54 43 16 41 87 56 14 65 24 35 42 67 50 51 53 51 77 81 46 85 6 82 79 27 27 48 14 17 95 74 22 62 32 25 21 15 12 24 66 36 35 35 81 30 45 82 24 34 2 58 48 28 38 12 5 74 50 55 24 95 97 61 76 71 85 79 67 9 11 29
 30 44 17 41 98 20 0 44 16 63 4 16 64 84 24 21 48 31 89 12 45 16 7 34 11 32 38 36 58 37 36 80 30 67 66 76 61 47 35 84 86 8 42 46 38 9 46 23 69 61 57 27 94 10 42 20 83 67 81 62 98 22 3 10 19 19 88 75 28 16 10 90 58 76 49 58 46 8 35 92 64 12 2 94 34 91 75 2 10 66 8 99 84 65 55 36 61 89 43 29
 81 10 52 42 62 58 56 0 2 25 42 22 76 16 76 66 40 48 11 37 51 33 79 92 73 7 39 95 45 60 98 10 11 37 27 58 39 98 62 80 89 69 89 58 82 7 36 79 52 84 92 24 19 64 40 53 54 85 54 20 86 97 25 10 88 35 66 58 42 20 3 4 25 2 50 46 58 54 46 21 34 5 22 19 20 11 29 17 81 34 90 26 38 28 48 89 14 13 6 64
 65 83 76 14 48 79 84 98 0 81 42 27 14 68 73 26 32 56 74 61 92 92 90 61 10 73 43 24 50 81 8 54 34 54 26 4 28 89 1 83 54 15 57 10 73 23 66 94 3 19 2 38 29 36 18 24 45 11 6 17 18 40 57 43 29 30 31 73 92 54 86 8 55 56 43 23 65 90 95 98 24 53 27 59 65 35 95 63 18 97 65 86 96 72 24 61 51 40 5 59
 47 33 89 30 88 57 37 75 19 0 51 69 6 10 25 55 71 59 76 34 23 23 16 67 0 14 8 34 10 91 30 20 96 32 44 98 63 96 60 73 89 97 79 9 21 74 56 50 80 79 34 55 78 44 66 16 95 16 65 1 63 90 84 17 19 6 67 61 61 87 6 26 32 78 96 70 52 15 69 20 11 37 94 40 89 92 65 41 27 88 38 5 62 97 46 50 88 15 58 83
 81 42 58 92 7 96 96 58 58 49 0 47 22 24 87 65 14 40 80 4 87 96 61 58 73 25 65 84 96 51 11 53 3 59 75 7 95 41 44 28 46 84 34 94 11 0 61 40 46 13 65 88 93 12 63 83 0 85 60 71 51 5 79 21 22 75 51 41 73 98 68 61 95 89 40 18 77 94 55 85 32 12 42 96 75 57 57 66 44 75 79 41 75 33 45 53 8 51 54 71
 97 72 15 47 41 5 84 78 73 31 53 0 91 91 93 84 99 90 17 54 28 76 16 32 70 94 24 22 9 6 45 76 33 69 21 7 85 92 90 2 95 43 26 1 79 18 74 2 61 72 23 94 35 94 74 14 16 7 75 37 64 94 15 69 82 9 0 11 94 95 16 86 66 55 42 91 25 1 54 1 20 72 24 88 53 88 39 38 17 9 14 68 80 0 70 69 27 24 75 1
 60 75 71 16 32 62 36 24 86 94 78 9 0 54 83 35 42 57 49 87 1 69 69 93 65 88 46 19 38 63 84 16 8 28 76 17 46 42 30 6 39 38 0 83 1 39 63 77 5 93 3 33 14 34 10 67 45 97 45 29 6 82 8 74 36 90 77 60 32 88 77 31 79 27 66 68 7 31 2 10 17 58 77 61 84 50 81 39 61 12 13 70 79 15 36 28 78 54 17 5
 24 26 75 91 17 49 16 84 32 90 76 9 46 0 71 79 69 82 29 62 84 31 28 13 5 94 75 93 53 39 71 7 70 95 40 45 16 86 50 53 26 52 90 46 0 75 28 23 62 89 38 65 78 26 14 80 84 61 54 22 92 39 44 28 61 23 37 52 27 8 62 12 34 90 10 83 21 79 74 27 7 69 27 75 88 52 78 2 84 39 18 31 69 63 75 56 40 26 86 36
 10 40 99 44 23 9 76 24 27 75 13 7 17 29 0 30 66 12 20 7 16 63 77 46 15 41 47 47 13 82 40 19 16 91 81 58 22 93 47 87 39 14 9 51 10 92 57 49 41 62 96 6 78 85 40 13 41 52 11 18 96 12 65 33 1 43 80 62 35 76 20 57 88 87 29 38 16 87 19 4 48 68 29 18 38 96 95 52 50 73 12 91 97 10 8 74 79 38 76 68
 85 20 66 67 8 30 79 34 74 45 35 16 65 21 70 0 8 47 72 9 46 13 30 54 3 99 11 64 27 72 38 56 69 88 84 73 57 19 48 71 80 92 41 19 84 92 27 12 96 93 79 60 96 70 84 63 25 58 79 83 99 76 57 83 75 86 27 97 46 21 63 93 95 92 60 62 80 83 84 7 11 92 24 58 48 1 27 10 79 82 85 11 4 74 24 17 96 70 28 11
 41 25 56 71 23 82 52 60 68 29 86 1 58 31 34 92 0 29 58 59 41 20 36 99 73 69 41 68 87 7 42 69 3 19 26 86 58 75 95 63 16 50 86 57 27 68 85 70 58 59 83 30 87 90 38 14 82 36 57 74 42 12 64 8 29 27 51 47 38 29 17 84 9 78 99 93 35 29 30 33 48 82 72 76 19 51 66 26 81 24 74 1 2 4 15 8 47 98 75 60
 48 57 8 61 42 56 69 52 44 41 60 10 43 18 88 53 71 0 79 3 80 63 61 1 46 36 2 29 77 48 56 9 85 64 65 28 16 94 29 6 78 11 2 28 7 32 57 42 45 89 51 25 2 21 15 13 7 47 88 95 10 88 11 75 48 2 89 89 93 31 48 81 74 13 3 56 98 73 5 22 66 94 99 94 20 87 35 75 84 47 2 16 17 99 10 94 0 35 90 45
 43 53 39 48 36 68 11 89 26 24 20 83 51 71 80 28 42 21 0 15 2 61 9 21 9 47 2 63 77 47 19 95 12 62 43 80 37 89 88 96 35 55 77 57 31 68 13 73 88 14 82 26 87 2 17 28 85 53 21 42 94 69 54 70 64 86 62 19 52 34 19 1 58 76 86 1 80 63 56 85 19 75 47 55 24 88 18 35 41 42 5 61 46 79 91 65 18 73 26 32
 26 7 8 90 22 11 88 63 39 66 96 46 13 38 93 91 41 97 85 0 72 94 81 30 11 66 31 27 27 26 76 77 87 45 37 97 49 21 80 50 46 72 88 62 36 45 99 38 13 82 25 32 76 49 27 2 9 42 30 87 27 44 90 1 46 75 43 35 42 78 86 5 26 79 87 20 52 84 95 89 77 21 70 62 75 34 80 6 89 46 1 57 41 31 74 71 33 52 43 72
 4 89 77 61 82 99 55 49 8 77 13 72 99 16 84 54 59 20 98 28 0 66 71 85 7 24 16 96 9 83 69 91 39 26 97 71 8 48 7 44 28 67 48 52 89 48 48 4 27 66 70 56 54 83 3 89 7 26 51 92 20 86 44 35 18 43 13 96 64 64 94 79 57 21 61 17 50 45 13 60 33 28 20 18 22 83 68 47 27 41 35 77 87 96 30 25 90 12 89 78
 40 59 43 68 89 45 84 67 8 77 4 24 31 69 37 87 80 37 39 6 34 0 23 42 88 91 48 26 34 27 3 39 93 21 86 23 33 94 13 36 80 31 76 37 89 37 49 37 66 60 97 93 0 21 84 84 26 97 10 64 55 64 65 75 5 59 48 43 7 62 39 23 62 98 80 85 91 37 40 80 49 45 83 26 73 15 91 64 26 27 76 25 42 14 3 74 18 53 20 76
 71 51 70 3 8 25 93 21 10 84 39 84 31 72 23 70 64 39 91 19 29 77 0 20 56 30 63 47 53 40 46 98 20 67 48 63 34 52 47 62 14 2 10 38 2 72 41 91 71 63 19 43 90 53 91 71 67 79 26 66 15 72 49 65 14 52 35 1 36 0 4 84 13 18 16 72 6 33 13 37 0 21 10 28 71 56 41 98 44 94 45 98 78 23 82 62 79 39 43 61
 89 59 57 31 99 30 66 8 39 33 42 68 7 87 54 46 1 99 79 70 15 58 80 0 23 68 4 31 61 90 97 84 79 78 29 72 95 11 66 44 63 1 46 12 31 12 47 15 49 63 11 3 10 1 55 79 15 72 19 96 90 97 87 16 56 95 5 15 9 68 41 87 78 44 0 50 24 71 60 36 52 66 69 86 54 63 24 47 92 15 60 50 20 17 98 24 65 84 69 49
 10 94 16 68 64 26 89 27 90 100 27 30 35 95 85 97 27 54 91 89 93 12 44 77 0 80 20 34 58 14 98 99 81 79 49 43 5 16 59 2 19 5 65 69 92 32 99 90 54 37 12 71 49 34 25 92 97 23 74 42 7 0 66 47 19 30 25 76 16 35 65 64 94 15 71 29 57 97 49 91 7 10 74 47 85 56 32 81 92 22 28 16 20 21 80 82 35 32 29 14
 98 66 3 25 31 66 68 93 27 86 75 6 12 6 59 1 31 64 53 34 76 9 70 32 20 0 8 61 26 54 45 78 52 32 31 16 51 95 91 62 39 81 74 53 83 59 4 76 19 60 30 30 44 4 59 22 43 30 63 21 70 26 30 90 45 98 44 26 63 22 29 62 88 86 14 39 41 96 91 6 91 97 44 26 60 48 83 15 46 17 1 51 1 73 77 31 19 73 10 39
 96 89 3 8 57 19 62 61 57 92 35 76 54 25 53 89 59 98 98 69 84 52 37 96 80 92 0 93 42 80 98 72 54 63 35 66 40 10 51 23 52 66 83 60 65 20 71 74 99 44 83 56 1 18 6 88 44 28 42 57 43 28 54 0 57 7 64 81 74 26 45 50 15 50 68 40 91 6 11 77 6 95 38 84 62 98 84 93 65 68 84 66 58 53 6 28 53 51 44 41
 55 58 77 75 69 43 64 5 76 66 16 78 81 7 53 36 32 71 37 73 4 74 53 69 66 39 7 0 44 8 84 50 93 81 40 86 24 87 50 47 62 3 45 32 15 30 72 67 34 37 75 82 12 40 14 89 99 2 22 51 41 30 49 10 13 5 45 81 81 96 32 95 98 24 91 59 7 4 14 95 49 2 36 41 80 62 50 54 24 29 79 2 7 40 63 71 70 89 82 10
 56 42 89 20 81 11 42 55 50 90 4 91 62 47 87 73 13 23 23 73 91 66 47 39 42 74 58 56 0 86 89 69 4 32 99 90 7 79 37 61 72 77 56 86 84 76 31 58 87 96 78 51 38 66 72 11 21 60 35 47 2 67 96 9 1 17 54 6 44 28 30 39 1 18 25 11 80 33 32 54 60 94 5 27 7 21 49 7 64 12 89 23 60 64 63 85 85 75 9 13
 29 4 46 69 63 26 63 40 19 9 49 94 37 61 18 28 93 52 53 74 17 73 60 10 86 46 20 92 14 0 13 81 74 83 88 72 85 87 32 12 36 48 68 40 41 70 10 15 70 20 21 74 11 83 97 6 1 16 64 75 86 8 22 80 41 51 75 9 76 9 1 15 1 51 23 18 67 1 22 88 73 83 53 80 57 38 84 95 18 69 51 97 90 87 57 14 35 17 50 49
 12 12 8 30 67 46 64 2 92 70 89 55 16 29 60 62 58 44 81 24 31 97 54 3 2 55 2 16 11 87 0 44 22 26 93 43 76 60 47 55 49 43 44 78 39 15 46 13 75 50 99 3 56 21 1 90 15 27 55 86 31 94 95 69 95 74 90 40 4 64 26 6 8 32 21 9 78 59 3 49 73 80 5 63 52 9 66 86 48 75 57 31 85 80 17 98 59 68 60 66
 16 9 75 56 92 57 20 90 46 80 47 24 84 93 81 44 31 91 5 23 9 61 2 16 1 22 28 50 31 19 56 0 52 54 50 91 59 53 81 4 53 77 82 68 72 38 45 8 62 56 88 21 1 37 83 66 58 10 62 25 96 93 20 11 93 2 63 73 87 74 26 93 20 1 44 35 72 12 23 33 19 46 69 26 63 36 2 39 30 85 87 10 46 94 1 95 53 59 92 21
 22 61 84 57 93 84 70 89 66 4 97 67 92 30 84 31 97 15 88 13 61 7 80 21 19 48 46 7 96 26 78 48 0 85 27 18 27 63 17 13 60 13 40 22 75 72 87 0 51 85 25 43 25 4 97 0 81 96 71 56 70 61 74 40 33 30 50 10 88 13 2 24 44 70 93 22 51 64 60 10 53 52 21 43 53 59 55 88 44 78 50 78 78 48 8 4 20 4 52 38
 46 44 75 74 67 59 33 63 46 68 41 31 72 5 9 12 81 36 38 55 74 79 33 22 21 68 37 19 68 17 74 46 15 0 13 42 95 22 6 96 17 14 77 9 13 32 33 37 28 2 11 68 41 26 54 34 7 46 42 2 19 58 72 54 2 68 99 93 81 91 37 39 97 15 93 38 0 92 45 37 78 63 58 78 3 1 61 51 95 60 94 67 57 83 18 58 21 52 7 44
 22 52 10 90 29 13 34 73 74 56 25 79 24 60 19 16 74 35 57 63 3 14 52 71 51 69 65 60 1 12 7 50 73 87 0 94 5 93 32 1 62 41 31 60 53 0 51 66 3 8 95 39 48 69 27 12 2 28 87 67 35 34 67 54 12 59 85 82 51 95 1 27 56 29 52 66 8 29 13 23 94 92 61 74 91 21 95 81 88 90 97 80 95 53 40 65 91 81 76 59
 89 63 70 3 9 44 24 42 96 2 93 93 83 55 42 27 14 72 20 3 29 77 37 28 57 84 34 14 10 28 57 9 82 58 6 0 99 61 75 5 45 97 84 45 51 39 61 62 63 36 20 87 78 78 98 5 30 10 27 82 25 42 57 8 17 8 33 18 78 92 45 3 75 59 36 80 33 67 28 0 58 79 16 98 19 51 31 72 62 7 76 41 81 3 22 63 3 53 56 75
 39 50 11 85 38 86 39 61 72 37 5 15 54 84 78 43 42 84 63 51 92 67 66 5 95 49 60 76 93 15 24 41 73 5 95 1 0 3 17 44 33 89 23 16 96 79 33 8 16 86 57 76 4 24 49 23 4 64 72 82 57 66 48 31 62 36 3 16 74 24 33 82 1 58 68 80 7 62 28 36 2 42 27 54 85 69 3 14 55 72 79 75 50 40 74 79 42 38 57 27
 46 32 77 12 82 35 53 2 11 4 59 8 58 14 7 81 25 6 11 79 52 6 48 89 84 5 90 13 21 13 40 47 37 78 7 39 97 0 99 83 80 34 0 8 99 1 89 73 66 31 18 34 83 24 52 92 92 55 33 7 39 58 6 19 62 33 67 65 34 49 40 14 59 25 0 45 99 60 69 79 2 79 4 15 75 19 55 21 55 5 96 40 81 21 10 72 28 56 90 55
 22 31 20 56 40 76 65 38 99 40 56 10 70 50 53 52 5 71 12 20 93 87 53 34 41 9 49 50 63 68 53 19 83 94 68 25 83 1 0 81 51 88 12 27 91 48 91 46 73 3 76 93 52 88 31 98 76 8 69 12 56 46 33 94 57 99 56 54 36 0 2 5 27 80 24 99 91 71 13 38 17 77 57 3 94 19 98 7 43 58 79 8 2 20 51 74 5 76 4 23
 61 20 33 56 19 65 16 20 17 27 72 98 94 47 13 29 37 94 4 50 56 64 38 56 98 38 77 53 39 88 45 96 87 4 99 95 56 17 19 0 39 34 77 22 36 79 68 86 59 35 37 29 84 63 4 48 10 14 39 49 66 40 4 68 46 85 91 4 49 78 10 49 43 77 1 66 83 14 59 41 0 80 47 43 44 55 43 73 84 72 22 92 63 86 52 58 92 18 93 84
 44 6 88 45 4 58 14 11 46 11 54 5 61 74 61 20 84 22 65 54 72 20 86 37 81 61 48 38 28 64 51 47 40 83 38 55 67 20 49 61 0 39 14 19 75 33 86 24 15 30 32 8 27 89 34 14 82 42 96 57 78 85 19 11 31 58 68 82 11 62 34 32 84 18 27 71 63 23 89 27 72 78 60 93 82 78 37 46 9 36 77 22 20 91 79 35 7 88 68 51
 82 23 38 52 57 33 92 31 85 3 16 57 62 48 86 8 50 89 45 28 33 69 98 99 95 19 34 97 23 52 57 23 87 86 59 3 11 66 12 66 61 0 31 2 33 8 36 55 13 83 6 92 91 21 3 17 41 94 90 87 1 31 3 89 44 45 76 78 65 76 16 48 65 27 22 26 26 48 36 36 3 40 63 65 81 20 95 91 74 64 9 71 92 5 95 58 59 91 60 9
 21 21 78 10 85 50 58 11 43 21 66 74 100 10 91 59 14 98 23 12 52 24 90 54 35 26 17 55 44 32 56 18 60 23 69 16 77 100 88 23 86 69 0 1 83 89 78 22 4 94 51 94 54 7 89 7 11 43 90 52 47 20 56 8 27 48 37 59 49 83 39 47 39 18 61 84 0 29 3 31 4 91 30 37 52 38 21 60 18 13 74 70 69 34 31 9 71 48 31 99
 97 47 9 7 89 49 54 42 90 91 6 99 17 54 49 81 43 72 43 38 48 63 62 88 31 47 40 68 14 60 22 32 78 91 40 55 84 92 73 78 81 98 99 0 18 10 34 35 66 48 53 72 40 79 81 77 96 24 45 43 25 37 56 81 18 92 88 31 91 97 48 84 60 60 12 41 95 25 58 28 19 93 90 11 45 80 51 55 87 0 19 60 82 5 55 56 77 68 16 35
 13 62 54 91 68 47 62 18 27 79 89 21 99 100 90 16 73 93 69 64 11 11 98 69 8 17 35 85 16 59 61 28 25 87 47 49 4 1 9 64 25 67 17 82 0 53 9 92 57 63 85 41 17 32 81 74 53 17 92 1 21 81 44 4 59 72 15 10 63 71 25 75 15 23 74 99 77 50 31 4 13 18 55 82 78 59 84 97 99 56 26 18 23 11 21 24 27 56 3 42
 7 24 73 14 11 49 91 93 77 26 100 82 61 25 8 8 32 68 32 55 52 63 28 88 68 41 80 70 24 30 85 62 28 68 100 61 21 99 52 21 67 92 11 90 47 0 38 77 29 11 30 21 30 74 26 43 45 77 76 83 57 72 86 76 80 73 6 54 67 9 20 0 25 31 12 1 53 57 62 59 26 74 17 57 17 26 84 47 99 34 17 77 21 64 28 89 12 88 41 52
 78 34 34 23 26 23 54 64 34 44 39 26 37 72 43 73 15 43 87 1 52 51 59 53 1 96 29 28 69 90 54 55 13 67 49 39 67 11 9 32 14 64 22 66 91 62 0 39 85 40 78 60 64 95 37 56 39 0 47 59 64 38 40 81 20 36 27 9 7 30 77 69 72 81 47 92 16 68 77 72 97 22 45 95 48 51 3 67 51 6 84 77 60 21 34 0 84 11 52 0
 92 11 8 12 40 19 77 21 6 50 60 98 23 77 51 88 30 58 27 62 96 63 9 85 10 24 26 33 42 85 87 92 100 63 34 38 92 27 54 14 76 45 78 65 8 23 61 0 55 23 48 74 21 85 72 2 24 11 14 47 16 65 83 14 5 28 63 98 53 12 3 13 13 57 67 54 46 15 81 50 85 53 31 58 72 20 56 34 34 67 74 47 34 17 86 25 88 84 29 1
 19 16 77 38 2 54 31 48 97 20 54 39 95 38 59 4 42 55 12 87 73 34 29 51 46 81 1 66 13 30 25 38 49 72 97 37 84 34 27 41 85 87 96 34 43 71 15 45 0 60 31 85 59 39 30 44 34 32 53 3 46 99 92 99 30 21 32 36 50 29 81 61 15 41 42 10 15 39 18 68 67 56 71 65 18 98 60 8 37 95 22 90 63 71 81 23 60 64 4 72
 54 73 45 31 51 15 39 16 81 21 87 28 7 11 38 7 41 11 86 18 34 40 37 37 63 40 56 63 4 80 50 44 15 98 92 64 14 69 97 65 70 17 6 52 37 89 60 77 40 0 77 9 53 24 42 76 90 12 25 26 83 55 97 39 2 8 6 66 13 32 76 97 30 19 71 16 40 7 49 96 34 49 32 51 86 56 52 39 82 58 89 38 57 58 7 88 39 77 93 79
 16 29 58 1 46 94 43 8 98 66 35 77 97 62 4 21 17 49 18 75 30 3 81 89 88 70 17 25 22 79 1 12 75 89 5 80 43 82 24 63 68 94 49 47 15 70 22 52 69 23 0 57 44 60 52 88 57 64 57 10 45 43 47 87 56 97 2 22 7 34 94 76 18 59 71 12 9 37 9 57 99 18 83 92 71 53 99 96 87 9 31 49 29 57 53 17 18 48 21 23
 87 27 46 96 56 18 73 76 62 45 12 6 67 35 94 40 70 75 74 68 44 7 57 97 29 70 44 18 49 26 97 79 57 32 61 13 24 66 7 71 92 8 6 28 59 79 40 26 15 91 43 0 59 45 82 4 2 9 9 59 65 13 74 17 19 35 97 21 47 35 65 51 14 86 35 44 45 60 12 58 37 80 83 21 89 65 27 75 12 3 99 24 4 69 46 22 83 7 39 74
 81 70 63 71 30 21 6 81 71 22 7 65 86 22 22 4 13 98 13 24 46 100 10 90 51 56 99 88 62 89 44 99 75 59 52 22 96 17 48 16 73 9 46 60 83 70 36 79 41 47 56 41 0 10 59 59 4 85 20 57 86 81 67 24 94 63 5 76 52 8 58 3 41 23 14 78 95 98 13 14 91 68 77 56 62 17 39 49 39 52 4 81 20 75 82 64 47 3 46 28
 60 59 55 15 67 73 90 36 64 56 88 6 66 74 15 30 10 79 98 51 17 79 47 99 66 96 82 60 34 17 79 63 96 74 31 22 76 76 12 37 11 79 93 21 68 26 5 15 61 76 40 55 90 0 25 15 88 52 57 21 15 9 30 53 0 65 95 30 55 55 26 42 39 12 14 33 88 48 1 77 5 91 61 70 2 55 36 14 88 97 70 91 15 24 47 53 22 1 25 15
 34 18 30 84 50 73 58 60 82 34 37 26 90 86 60 16 62 85 83 73 97 16 9 45 75 41 94 86 28 3 99 17 3 46 73 2 51 48 69 96 66 97 11 19 19 74 63 28 70 58 48 18 41 75 0 86 83 45 36 31 14 25 94 1 34 76 22 53 84 59 58 59 50 82 34 47 57 71 12 57 22 69 45 26 51 29 9 77 28 60 52 97 56 1 63 29 14 78 45 86
 30 11 66 44 30 52 80 47 76 84 17 86 33 20 87 37 86 87 72 98 11 16 29 21 8 78 12 11 89 94 10 34 100 66 88 95 77 8 2 52 86 83 93 23 26 57 44 98 56 24 12 96 41 85 14 0 55 6 23 20 86 8 93 10 91 55 35 32 7 14 51 64 16 62 68 85 64 85 83 89 66 12 37 63 22 56 67 58 76 70 38 0 46 40 89 47 5 17 95 28
 16 85 95 60 37 86 17 46 55 5 100 84 55 16 59 75 18 93 15 91 93 74 33 85 3 57 56 1 79 99 85 42 19 93 98 70 96 8 24 90 18 59 89 4 47 55 61 76 66 10 43 98 96 12 17 45 0 6 1 99 84 27 72 26 79 59 1 81 6 74 82 32 83 64 5 80 98 74 8 7 51 55 77 71 75 80 99 22 90 26 9 33 25 34 3 3 97 83 99 32
 43 30 18 85 15 83 33 15 89 84 15 93 3 39 48 42 64 53 47 58 74 3 21 28 77 70 72 98 40 84 73 90 4 54 72 90 36 45 92 86 58 6 57 76 83 23 100 89 68 88 36 91 15 48 55 94 94 0 10 6 31 50 57 77 61 91 32 33 66 28 78 83 51 45 1 45 94 92 8 59 11 33 63 52 38 25 31 24 3 89 17 9 87 81 39 85 68 11 97 8
 64 53 85 69 16 5 19 46 94 35 40 25 55 46 89 21 43 12 79 70 49 90 74 81 26 37 58 78 65 36 45 38 29 58 13 73 28 67 31 61 4 10 10 55 8 24 53 86 47 75 43 91 80 43 64 77 99 90 0 25 29 13 93 75 22 35 74 80 46 50 34 51 19 20 45 26 48 8 36 19 13 19 63 8 0 68 7 99 32 55 36 50 16 64 63 29 54 27 1 79
 68 54 93 17 32 26 38 80 83 99 29 63 71 78 82 17 26 5 58 13 8 36 34 4 58 79 43 49 53 25 14 75 44 98 33 18 18 93 88 51 43 13 48 57 99 17 41 53 97 74 90 41 43 79 69 80 1 94 75 0 57 66 19 29 13 9 82 76 87 63 93 3 85 21 60 17 33 19 13 65 66 30 69 69 88 89 99 49 97 35 86 2 28 71 82 71 12 66 30 95
 50 52 95 26 55 78 2 14 82 37 49 36 94 8 4 1 58 90 6 73 80 45 85 10 93 30 57 59 98 14 69 4 30 81 65 75 43 61 44 34 22 99 53 75 79 43 36 84 54 17 55 35 14 85 86 14 16 69 71 43 0 39 35 96 56 56 12 49 71 38 85 21 30 78 94 11 64 22 91 12 59 35 65 49 14 10 2 76 71 34 5 85 79 14 61 65 63 56 89 3
 57 15 57 82 20 38 78 3 60 10 95 6 18 61 88 24 88 12 31 56 14 36 28 3 100 74 72 70 33 92 6 7 39 42 66 58 34 42 54 60 15 69 80 63 19 28 62 35 1 45 57 87 19 91 75 92 73 50 87 34 61 0 54 70 54 41 37 18 5 6 97 33 59 30 72 25 87 77 90 8 88 17 24 22 78 37 88 65 34 79 27 67 86 69 65 94 8 71 36 49
 48 55 18 58 44 68 97 75 43 16 21 85 92 56 35 43 36 89 46 10 56 35 51 13 34 70 46 51 4 78 5 80 26 28 33 43 52 94 67 96 81 97 44 44 56 14 60 17 8 3 53 26 33 70 6 7 28 43 7 81 65 46 0 39 12 51 14 97 2 55 23 14 69 48 71 64 75 1 73 71 97 91 58 75 72 28 51 24 33 11 88 74 7 40 2 45 19 92 72 59
 86 62 7 52 53 75 90 90 57 83 79 31 26 72 67 17 92 25 30 99 65 25 35 84 53 10 100 90 91 20 31 89 60 46 46 92 69 81 6 32 89 11 92 19 96 24 19 86 1 61 13 83 76 47 99 90 74 23 25 71 4 30 61 0 51 63 33 53 86 28 4 80 37 95 80 85 55 47 18 67 89 92 70 84 89 63 13 35 69 11 17 76 79 28 5 76 38 32 69 3
 20 7 32 92 60 79 81 12 71 81 78 18 64 39 99 25 71 52 36 54 82 95 86 44 81 55 43 87 99 59 5 7 67 98 88 83 38 38 43 54 69 56 73 82 41 20 80 95 70 98 44 81 6 100 66 9 21 39 78 87 44 46 88 49 0 27 67 92 62 73 90 12 4 41 35 14 50 21 15 75 22 72 32 33 76 17 95 51 8 55 84 33 94 91 75 56 35 25 52 34
 88 21 79 90 34 85 81 65 70 94 25 91 10 77 57 14 73 98 14 25 57 41 48 5 70 2 93 95 83 49 26 98 70 32 41 92 64 67 1 15 42 55 52 8 28 27 64 72 79 92 3 65 37 35 24 45 41 9 65 91 44 59 49 37 73 0 96 60 75 69 7 90 53 13 71 40 98 55 67 10 50 43 91 18 76 76 90 2 42 3 3 75 18 1 36 2 89 95 80 86
 47 74 26 35 99 88 12 34 69 33 49 100 23 63 20 73 49 11 38 57 87 52 65 95 75 56 36 55 46 25 10 37 50 1 15 67 97 33 44 9 32 24 63 12 85 94 73 37 68 94 98 3 95 5 78 65 99 68 26 18 88 63 86 67 33 4 0 40 55 72 46 9 67 34 27 57 69 55 56 4 77 70 0 16 33 18 99 48 21 65 58 11 39 46 30 26 76 45 77 38
 23 73 31 53 8 76 25 42 27 39 59 89 40 48 38 3 53 11 81 65 4 57 99 85 24 74 19 19 94 91 60 27 90 7 18 82 84 35 46 96 18 22 41 69 90 46 91 2 64 34 78 79 24 70 47 68 19 67 20 24 51 82 3 47 8 40 60 0 49 51 29 35 32 38 42 2 34 60 19 67 94 80 32 64 65 13 63 97 90 13 9 21 41 8 22 8 79 69 91 39
 5 24 74 59 99 34 72 58 8 39 27 6 68 73 65 54 62 7 48 58 36 93 64 91 84 37 26 19 56 24 96 13 12 19 49 22 26 66 64 51 89 35 51 9 37 33 93 47 50 87 93 53 48 45 16 93 94 34 54 13 29 95 98 14 38 25 45 51 0 69 2 12 18 88 51 33 73 13 88 96 57 93 40 1 80 95 11 19 3 9 5 98 92 90 46 33 49 40 48 87
 92 13 60 24 48 64 84 80 46 13 2 5 12 92 24 79 71 69 66 22 36 38 100 32 65 78 74 4 72 91 36 26 87 9 5 8 76 51 100 22 38 24 17 3 29 91 70 88 71 68 66 65 92 45 41 86 26 72 50 37 62 94 45 72 27 31 28 49 31 0 73 72 60 53 83 23 76 96 49 44 47 49 59 73 42 17 83 91 79 55 33 27 60 37 98 64 58 12 61 91
 40 94 56 6 50 65 90 97 14 94 32 84 23 38 80 37 83 52 81 14 6 61 96 59 35 71 55 68 70 99 74 74 98 63 99 55 67 60 98 90 66 84 61 52 75 80 23 97 19 24 6 35 42 74 42 49 18 22 66 7 15 3 77 96 10 93 54 71 98 27 0 13 90 97 71 46 43 57 96 1 76 89 16 57 26 76 92 62 22 15 14 52 12 25 85 16 62 97 6 7
 6 96 30 5 5 65 10 96 92 74 39 14 69 88 43 7 16 19 99 95 21 77 16 13 36 38 50 5 61 85 94 7 76 61 73 97 18 86 95 51 68 52 53 16 25 100 31 87 39 3 24 49 97 58 41 36 68 17 49 97 79 67 86 20 88 10 91 65 88 28 87 0 37 57 26 95 21 85 37 83 4 11 39 7 88 71 5 16 27 82 64 13 37 11 92 28 43 26 30 27
 68 98 51 100 52 19 42 75 45 68 5 34 21 66 12 5 91 26 42 74 43 38 87 22 6 12 85 2 99 99 92 80 56 3 44 25 99 41 73 57 16 35 61 40 85 75 28 87 85 70 82 86 59 61 50 84 17 49 81 15 70 41 31 63 96 47 33 68 82 40 10 63 0 26 75 66 1 20 6 86 48 3 58 15 29 44 3 26 12 27 68 3 96 53 83 28 27 48 25 92
 60 3 61 51 87 70 24 98 44 22 11 45 73 10 13 8 22 87 24 21 79 2 82 56 85 14 50 76 82 49 68 99 30 85 71 41 42 75 20 23 82 73 82 40 77 69 19 43 59 81 41 14 77 88 18 38 36 55 80 79 22 70 52 5 59 87 66 62 12 47 3 43 74 0 15 29 30 73 67 63 91 6 69 61 9 23 32 59 16 34 35 49 69 6 91 13 81 25 33 13
 24 57 13 88 64 55 51 50 57 4 60 58 34 90 71 40 1 97 14 13 39 20 84 100 29 86 32 9 75 77 79 56 7 7 48 64 32 100 76 99 73 78 39 88 26 88 53 33 58 29 29 65 86 86 66 32 95 99 55 40 6 28 29 20 65 29 73 58 49 17 29 74 25 85 0 15 94 62 14 24 43 88 5 19 35 53 22 26 66 48 67 68 22 90 26 76 95 51 47 26
 84 6 85 30 70 18 42 54 77 30 82 9 32 17 62 38 7 44 99 80 83 15 28 50 71 61 60 41 89 82 91 65 78 62 34 20 20 55 1 34 29 74 16 59 1 99 8 46 90 84 88 56 22 67 53 15 20 55 74 83 89 75 36 15 86 60 43 98 67 77 54 5 34 71 85 0 18 3 85 80 23 71 10 36 78 35 56 48 70 67 53 78 27 6 58 34 29 95 93 74
 82 61 98 23 69 76 54 42 35 48 23 75 93 79 84 20 65 2 20 48 50 9 94 76 43 59 9 93 20 33 22 28 49 100 92 67 93 1 9 17 37 74 100 5 23 47 84 54 85 60 91 55 5 12 43 36 2 6 52 67 36 13 25 45 50 2 31 66 27 24 57 79 99 70 6 82 0 27 37 14 98 7 99 41 77 97 28 60 45 48 80 84 33 68 17 67 20 49 67 35
 48 100 56 55 87 66 92 46 10 85 6 99 69 21 13 17 71 27 37 16 55 63 67 29 3 4 94 96 67 99 41 88 36 8 71 33 38 40 29 86 77 52 71 75 50 43 32 85 61 93 63 40 2 52 29 15 26 8 92 81 78 23 99 53 79 45 45 40 87 4 43 15 80 27 38 97 73 0 26 7 87 40 20 47 7 84 12 5 91 9 43 17 77 42 7 88 73 86 45 33
 57 34 7 83 67 98 65 54 5 31 45 46 98 26 81 16 70 95 44 5 87 60 87 40 51 9 89 86 68 78 97 77 40 55 87 72 72 31 87 41 11 64 97 42 69 38 23 19 82 51 91 88 87 99 88 17 92 92 64 87 9 10 27 82 85 33 44 81 12 51 4 63 94 33 86 15 63 74 0 79 40 3 40 3 4 16 42 78 30 20 71 20 63 90 18 93 14 44 26 92
 90 9 26 46 25 42 8 79 2 80 15 99 90 73 96 93 67 78 15 11 40 20 63 64 9 94 23 5 46 12 51 67 90 63 77 100 64 21 62 59 73 64 69 72 96 41 28 50 32 4 43 42 86 23 43 11 93 41 81 35 88 92 29 33 25 90 96 33 4 56 99 17 14 37 76 20 86 93 21 0 44 9 73 20 1 45 24 2 83 10 47 29 69 95 78 74 6 45 36 92
 24 22 70 40 13 52 36 66 76 89 68 80 83 93 52 89 52 34 81 23 67 51 100 48 93 9 94 51 40 27 27 81 47 22 6 42 98 98 83 100 28 97 96 81 87 74 3 15 33 66 1 63 9 95 78 34 49 89 87 34 41 12 3 11 78 50 23 6 43 53 24 96 52 9 57 77 2 13 60 56 0 69 27 18 68 8 47 60 32 70 35 91 60 35 1 42 6 11 91 64
 88 20 22 25 34 72 88 95 47 63 88 28 42 31 32 8 18 6 25 79 72 55 79 34 90 3 5 98 6 17 20 54 48 37 8 21 58 21 23 20 22 60 9 7 82 26 78 47 44 51 82 20 32 9 31 88 45 67 81 70 65 83 9 8 28 57 30 20 7 51 11 89 97 94 12 29 93 60 97 91 31 0 27 36 43 49 46 97 8 22 1 76 41 45 68 64 26 56 26 26
 52 31 66 45 4 62 98 78 73 6 58 76 23 73 71 76 28 1 53 30 80 17 90 31 26 56 62 64 95 47 95 31 79 42 39 84 73 96 43 53 40 37 70 10 45 83 55 69 29 68 17 17 23 39 55 63 23 37 37 31 35 76 42 30 68 9 100 68 60 41 84 61 42 31 95 90 1 80 60 27 73 73 0 8 96 11 85 0 18 81 81 32 42 3 45 79 76 62 70 75
 11 43 82 27 26 88 6 81 41 60 4 12 39 25 82 42 24 6 45 38 82 74 72 14 53 74 16 59 73 20 37 74 57 22 26 2 46 85 97 57 7 35 63 89 18 43 5 42 35 49 8 79 44 30 74 37 29 48 92 31 51 78 25 16 67 82 84 36 99 27 43 93 85 39 81 64 59 53 97 80 82 64 92 0 2 2 25 88 54 51 14 32 36 92 53 13 95 12 69 62
 83 24 13 67 42 95 66 80 35 11 25 47 16 12 62 52 81 80 76 25 78 27 29 46 15 40 38 20 93 43 48 37 47 97 9 81 15 25 6 56 18 19 48 55 22 83 52 28 82 14 29 11 38 98 49 78 25 62 100 12 86 22 28 11 24 24 67 35 20 58 74 12 71 91 65 22 23 93 96 99 32 57 4 98 0 23 93 55 76 74 60 1 59 19 43 65 87 21 22 10
 99 40 42 62 20 26 9 89 65 8 43 12 50 48 4 99 49 13 12 66 17 85 44 37 44 52 2 38 79 62 91 64 41 99 79 49 31 81 81 45 22 80 62 20 41 74 49 80 2 44 47 35 83 45 71 44 20 75 32 11 90 63 72 37 83 24 82 87 5 83 24 29 56 77 47 65 3 16 84 55 92 51 89 98 77 0 80 17 16 71 51 29 18 17 85 20 49 53 69 19
 95 60 67 88 25 50 25 71 5 35 43 61 19 22 5 73 34 65 82 20 32 9 59 76 68 17 16 50 51 16 34 98 45 39 5 69 97 45 2 57 63 5 79 49 16 16 97 44 40 48 1 73 61 64 91 33 1 69 93 1 98 12 49 87 5 10 1 37 89 17 8 95 97 68 78 44 72 88 58 76 53 54 15 75 7 20 0 39 61 36 73 99 15 64 93 19 49 26 62 48
 47 58 85 94 62 45 98 83 37 59 34 62 61 98 48 90 74 25 65 94 53 36 2 53 19 85 7 46 93 5 14 61 12 49 19 28 86 79 93 27 54 9 40 45 3 53 33 66 92 61 4 25 51 86 23 42 78 76 1 51 24 35 76 65 49 98 52 3 81 9 38 84 74 41 74 52 40 95 22 98 40 3 100 12 45 83 61 0 73 20 34 12 28 5 81 58 11 78 33 81
 19 12 45 100 97 76 90 19 82 73 56 83 39 16 50 21 19 16 59 11 73 74 56 8 8 54 35 76 36 82 52 70 56 5 12 38 45 45 57 16 91 26 82 13 1 1 49 66 63 18 13 88 61 12 72 24 10 97 68 3 29 66 67 31 92 58 79 10 97 21 78 73 88 84 34 30 55 9 70 17 68 92 82 46 24 84 39 27 0 47 6 0 80 15 15 57 24 35 23 83
 74 100 79 58 41 5 34 66 3 12 25 91 88 61 27 18 76 53 58 54 59 73 6 85 78 83 32 71 88 31 25 15 22 40 10 93 28 95 42 28 64 36 87 100 44 66 94 33 5 42 91 97 48 3 40 30 74 11 45 65 66 21 89 89 45 97 35 87 91 45 85 18 73 66 52 33 52 91 80 90 30 78 19 49 26 29 64 80 53 0 49 43 57 89 55 37 44 63 16 99
 41 52 26 73 91 3 92 10 35 62 21 86 87 82 88 15 26 98 95 99 65 24 55 40 72 99 16 21 11 49 43 13 50 6 3 24 21 4 21 78 23 91 26 81 74 83 16 26 78 11 69 1 96 30 48 62 91 83 64 14 95 73 12 83 16 97 42 91 95 67 86 36 32 65 33 47 20 57 29 53 65 99 19 86 40 49 27 66 94 51 0 72 7 47 92 82 74 96 2 97
 24 4 18 13 34 39 1 74 14 95 59 32 30 69 9 89 99 84 39 43 23 75 2 50 84 49 34 98 77 3 69 90 22 33 20 59 25 60 92 8 78 29 30 40 82 23 23 53 10 62 51 76 19 9 3 100 67 91 50 98 15 33 26 24 67 25 89 79 2 73 48 87 97 51 32 22 16 83 80 71 9 24 68 68 99 71 1 88 100 57 28 0 83 17 69 39 40 82 50 65
 15 76 81 33 13 24 16 62 4 38 25 20 21 31 3 96 98 83 54 59 13 58 22 80 80 99 42 93 40 10 15 54 22 43 5 19 50 19 98 37 80 8 31 18 77 79 40 66 37 43 71 96 80 85 44 54 75 13 84 72 21 14 93 21 6 82 61 59 8 40 88 63 4 31 78 73 67 23 37 31 40 59 58 64 41 82 85 72 20 43 93 17 0 68 92 38 25 10 0 14
 99 35 39 9 68 29 35 72 28 3 67 100 85 37 90 26 96 1 21 69 4 86 77 83 79 27 47 60 36 13 20 6 52 17 47 97 60 79 80 14 9 95 66 95 89 36 79 83 29 42 43 31 25 76 99 60 66 19 36 29 86 31 60 72 9 99 54 92 10 63 75 89 47 94 10 94 32 58 10 5 65 55 97 8 81 83 36 95 85 11 53 83 32 0 60 62 13 7 98 16
 60 92 60 17 72 15 45 52 76 54 55 30 64 25 92 76 85 90 9 26 70 97 18 2 20 23 94 37 37 43 83 99 92 82 60 78 26 90 49 48 21 5 69 45 79 72 66 14 19 93 47 54 18 53 37 11 97 61 37 18 39 35 98 95 25 64 70 78 54 2 15 8 17 9 74 42 83 93 82 22 99 32 55 47 57 15 7 19 85 45 8 31 8 40 0 19 45 16 8 33
 28 87 48 16 75 21 64 11 39 50 47 31 72 44 26 83 92 6 35 29 75 26 38 76 18 69 72 29 15 86 2 5 96 42 35 37 21 28 26 42 65 42 91 44 76 11 100 75 77 12 83 78 36 47 71 53 97 15 71 29 35 6 55 24 44 98 74 92 67 36 84 72 72 87 24 66 33 12 7 26 58 36 21 87 35 80 81 42 43 63 18 61 62 38 81 0 28 55 49 64
 68 4 74 56 56 33 39 86 49 12 92 73 22 60 21 4 53 100 82 67 10 82 21 35 65 81 47 30 15 65 41 47 80 79 9 97 58 72 95 8 93 41 29 23 73 88 16 12 40 61 82 17 53 78 86 95 3 32 46 88 37 92 81 62 65 11 24 21 51 42 38 57 73 19 5 71 80 27 86 94 94 74 24 5 13 51 51 89 76 56 26 60 75 87 55 72 0 3 59 12
 20 7 31 62 57 91 11 87 60 85 49 76 46 74 62 30 2 65 27 48 88 47 61 16 68 27 49 11 25 83 32 41 96 48 19 47 62 44 24 82 12 9 52 32 44 12 89 16 36 23 52 93 97 99 22 83 17 89 73 34 44 29 8 68 75 5 55 31 60 88 3 74 52 75 49 5 51 14 56 55 89 44 38 88 79 47 74 22 65 37 4 18 90 93 84 45 97 0 6 36
 24 89 61 81 50 89 57 94 95 42 46 25 83 14 24 72 25 10 74 57 11 80 57 31 71 90 56 18 91 50 40 8 48 93 24 44 43 10 96 7 32 40 69 84 97 59 48 71 96 7 79 61 54 75 55 5 1 3 99 70 11 64 28 31 48 20 23 9 52 39 94 70 75 67 53 7 33 55 74 64 9 74 30 31 78 31 38 67 77 84 98 50 100 2 92 51 41 94 0 14
 71 88 17 35 88 71 71 36 41 17 29 99 95 64 32 89 40 55 68 28 22 24 39 51 86 61 59 90 87 51 34 79 62 56 41 25 73 45 77 16 49 91 1 65 58 48 100 99 28 21 77 26 72 85 14 72 68 92 21 5 97 51 41 97 66 14 62 61 13 9 93 73 8 87 74 26 65 67 8 8 36 74 25 38 90 81 52 19 17 1 3 35 86 84 67 36 88 64 86 0
