40

 0 12 7 21 29 65 8 32 59 28 36 74 95 78 71 1 39 84 64 87 47 25 86 3 9 62 54 7 35 65 2 51 26 62 32 7 37 37 83 57
 20 0 15 86 3 78 83 2 61 5 77 31 87 39 78 15 59 29 91 67 56 32 3 5 17 91 35 90 78 83 0 76 48 19 25 35 3 53 51 1
 22 76 0 35 80 89 38 83 19 27 46 69 97 27 83 59 15 78 26 43 44 77 22 8 94 1 14 23 62 83 4 18 10 97 73 23 51 54 61 51
 9 98 14 0 82 8 22 67 60 18 32 37 75 98 29 8 82 32 78 93 1 81 29 58 7 19 28 10 79 83 1 80 78 13 48 9 89 86 32 55
 15 48 16 66 0 81 78 33 97 96 19 7 67 4 35 58 89 48 89 45 72 50 77 55 9 97 98 89 46 90 9 95 78 6 29 59 66 45 12 32
 53 20 9 16 80 0 68 72 16 44 48 9 81 20 21 64 69 28 77 48 1 74 71 1 92 30 81 77 41 15 21 56 21 29 68 11 75 67 18 44
 31 11 64 15 29 49 0 47 96 34 67 96 7 48 0 80 45 94 16 63 82 58 99 5 36 25 71 12 25 61 90 98 62 92 94 13 81 25 87 1
 85 30 98 63 59 53 31 0 21 86 76 81 68 93 33 2 98 20 66 95 38 61 28 17 36 81 61 86 38 81 25 43 3 91 25 12 74 28 65 51
 83 6 78 70 46 7 26 39 0 71 61 85 99 36 66 28 79 51 42 97 68 70 91 18 36 13 96 95 21 42 25 10 68 2 6 94 71 76 36 2
 2 84 51 62 93 57 45 15 23 0 84 79 51 58 9 48 96 11 48 8 6 34 6 82 18 25 75 16 28 31 93 31 39 85 45 25 77 26 21 17
 46 10 74 57 76 2 23 57 3 56 0 15 87 77 83 30 36 86 62 66 24 99 62 8 64 67 6 13 33 10 52 32 1 22 17 28 41 48 0 27
 20 98 14 10 82 75 13 20 9 15 6 0 57 42 49 7 4 27 88 53 94 51 66 48 12 62 40 93 92 25 56 2 1 8 61 53 78 4 3 32
 46 53 63 73 44 61 37 39 30 83 79 45 0 9 29 38 78 41 97 96 77 55 25 12 68 81 24 60 70 46 29 39 25 83 22 49 9 93 40 84
 89 74 37 9 99 9 1 28 96 83 55 69 84 0 64 63 13 82 38 18 42 97 0 9 77 55 20 26 60 14 8 90 96 35 26 9 83 8 19 24
 62 82 36 85 77 58 6 3 64 80 91 43 7 32 0 53 99 9 34 84 70 21 93 31 89 6 77 19 75 95 51 92 74 29 27 41 4 46 8 24
 30 24 89 23 67 36 46 8 70 96 52 40 38 41 36 0 16 48 37 99 82 0 1 17 6 3 50 32 62 57 25 1 6 50 20 14 93 34 99 30
 54 86 57 86 85 33 9 89 49 25 84 3 37 29 59 61 0 2 55 39 99 78 26 61 29 23 85 89 61 51 6 89 69 29 71 34 71 67 87 86
 94 22 89 5 21 7 11 49 89 71 81 28 91 13 92 38 92 0 1 42 47 51 39 61 5 81 83 12 89 38 22 20 31 9 39 99 10 34 24 76
 88 0 86 21 14 18 61 90 48 41 79 13 23 72 80 21 6 24 0 58 46 64 15 83 87 75 32 57 41 91 92 85 33 88 7 82 6 49 35 30
 19 81 25 12 3 36 90 15 45 29 55 91 98 54 85 51 68 3 11 0 81 13 54 19 44 58 72 26 26 33 59 70 27 6 8 59 45 72 64 36
 50 38 68 65 52 73 85 59 18 40 30 73 85 63 80 67 38 2 74 73 0 1 45 63 32 37 93 24 10 36 61 46 70 17 45 67 81 55 24 4
 65 55 59 59 35 32 1 58 89 6 47 54 38 67 30 30 45 20 50 73 2 0 49 49 86 24 2 19 20 35 97 47 37 34 96 38 90 79 81 63
 12 83 68 58 44 62 0 8 74 80 30 12 75 70 96 49 43 43 82 6 59 56 0 83 66 71 70 1 33 92 59 63 20 1 61 1 92 40 22 25
 1 44 97 10 42 38 61 59 69 67 52 12 39 60 25 6 87 73 24 71 74 18 59 0 47 48 87 65 61 15 44 38 5 32 87 3 11 82 82 4
 77 80 90 93 60 37 15 36 67 5 72 13 71 4 91 10 35 33 37 41 48 19 41 36 0 36 18 19 94 98 75 11 65 76 17 98 24 26 36 43
 76 90 22 91 19 30 84 46 0 23 20 95 4 25 9 5 95 61 73 61 58 14 67 41 65 0 72 29 88 98 16 74 25 99 66 0 26 33 60 26
 34 85 16 35 71 71 4 7 55 94 13 73 49 30 22 45 65 90 63 5 21 5 15 33 32 20 0 63 50 31 78 15 99 77 42 91 77 63 11 31
 52 81 70 74 64 44 91 48 4 7 64 46 16 76 81 4 62 95 43 29 62 29 63 28 27 30 5 0 26 31 77 27 31 99 75 91 31 33 29 55
 72 59 33 19 52 22 84 81 21 99 65 90 58 67 59 0 7 41 4 1 37 36 75 26 27 18 27 83 0 28 49 88 80 9 67 19 59 97 92 74
 82 87 55 18 86 76 2 64 62 91 74 75 29 30 58 1 16 21 71 27 19 34 97 50 37 13 82 84 75 0 83 10 85 1 34 1 53 53 63 18
 99 31 28 25 35 83 72 66 11 61 51 81 11 51 3 62 32 26 50 32 26 51 57 76 4 69 37 65 53 60 0 34 0 73 28 79 75 45 86 67
 16 34 70 76 81 58 57 60 89 59 33 99 61 93 36 54 47 63 70 33 79 29 31 10 72 93 21 91 21 27 13 0 46 62 63 55 17 74 58 21
 19 73 41 36 59 19 54 24 56 9 76 42 56 70 49 77 33 46 98 38 66 84 16 60 8 89 30 66 89 72 40 21 0 89 20 86 29 46 33 92
 2 22 17 84 1 27 65 55 16 89 8 58 56 80 22 31 25 22 22 62 30 53 1 98 20 60 54 3 22 8 54 40 31 0 69 62 79 74 67 36
 56 80 4 50 77 23 19 31 23 33 22 3 22 30 41 97 76 97 12 48 16 15 38 76 24 57 48 98 73 84 28 97 28 65 0 0 87 0 21 98
 2 20 4 32 0 61 50 16 91 3 10 51 38 87 94 40 66 42 6 63 23 0 48 28 62 79 76 71 67 59 78 90 52 62 93 0 11 93 37 14
 70 30 54 79 67 87 58 38 62 38 89 3 21 84 89 30 67 58 3 90 14 47 69 36 22 62 55 61 66 26 20 16 98 90 90 43 0 26 5 56
 84 72 37 66 47 20 20 28 68 16 39 39 45 83 88 54 12 39 65 93 95 49 71 49 33 38 25 70 90 72 68 28 89 53 32 73 13 0 0 7
 24 98 82 56 45 74 66 54 38 7 77 57 52 91 82 98 96 78 10 16 90 93 19 22 99 89 60 51 27 46 98 49 49 99 12 16 5 60 0 64
 31 16 33 87 4 6 95 71 9 3 10 94 55 78 5 47 2 54 19 24 87 17 13 34 60 32 77 35 26 70 89 26 78 79 22 75 3 30 13 0
