30

 0 63 30 25 19 56 83 23 91 62 3 3 19 68 39 58 0 45 56 52 33 28 26 83 8 19 88 96 50 7
 1 0 80 94 34 97 28 1 94 15 52 64 22 53 25 51 93 38 97 96 27 47 86 24 54 42 56 45 63 34
 13 26 0 39 57 26 56 74 6 95 37 14 16 30 23 5 40 44 18 93 68 74 78 93 83 75 75 37 67 73
 78 46 59 0 5 69 96 40 13 75 31 95 40 20 82 89 31 67 43 98 65 15 41 40 19 64 85 37 67 48
 81 13 52 95 0 18 4 95 11 76 39 0 65 7 76 65 32 94 71 91 92 92 47 78 14 61 52 50 21 98
 33 71 55 51 13 0 67 84 11 88 53 78 0 27 39 88 88 16 56 72 33 65 37 52 6 57 75 70 76 95
 45 27 65 80 52 1 0 85 96 69 70 75 35 49 40 2 98 89 29 74 12 51 68 20 30 21 29 13 8 22
 85 50 55 66 92 85 98 0 75 12 48 27 80 88 94 97 51 55 11 81 92 56 89 51 5 16 87 49 22 18
 16 67 88 41 33 15 10 19 0 62 76 94 26 82 94 33 86 20 2 1 39 69 83 37 62 85 42 75 82 9
 21 42 28 14 66 63 67 95 92 0 50 48 50 93 4 75 1 84 14 53 52 13 67 53 66 75 69 45 17 14
 63 91 59 12 13 55 78 73 38 54 0 22 77 46 47 37 3 8 6 72 98 19 66 13 99 15 29 4 28 29
 44 54 21 85 18 88 49 77 44 24 77 0 52 97 39 79 0 69 75 57 46 21 96 22 76 35 35 10 41 98
 8 60 73 45 31 86 67 97 74 59 8 0 0 74 81 34 80 35 77 9 67 47 13 64 21 47 90 61 44 35
 0 80 17 1 96 70 9 47 11 97 44 1 14 0 72 91 92 69 1 18 31 79 53 6 72 94 3 64 83 25
 91 5 37 57 98 43 23 57 99 98 55 14 51 8 0 18 4 67 27 97 15 57 31 55 43 44 75 33 94 58
 65 66 29 11 54 85 10 67 91 74 89 57 67 92 65 0 53 11 92 77 88 90 50 25 5 28 5 13 31 95
 68 0 0 66 91 83 37 35 69 38 29 11 15 78 96 32 0 75 58 44 26 95 11 76 40 57 73 17 67 78
 9 68 83 49 4 38 69 55 73 21 15 87 70 48 48 61 93 0 90 49 52 59 45 46 45 77 64 37 98 90
 55 66 15 41 48 6 26 57 43 37 20 68 69 52 30 24 50 31 0 72 75 66 43 49 70 94 81 55 68 23
 5 14 41 94 84 48 29 1 92 79 87 74 33 72 43 32 71 37 3 0 75 94 31 84 42 95 0 74 66 46
 0 92 37 36 3 25 62 81 81 45 78 8 27 53 15 82 50 50 11 92 0 19 21 7 89 84 92 9 31 15
 24 51 35 92 60 74 41 59 41 78 25 73 12 39 63 75 31 70 97 17 62 0 14 50 69 39 29 0 89 59
 35 10 7 31 88 37 97 89 77 88 37 21 47 2 5 88 56 22 1 14 66 68 0 87 19 58 84 57 35 32
 13 76 34 22 58 53 11 88 93 20 11 36 33 94 18 42 88 32 29 33 15 78 57 0 49 57 81 65 74 94
 67 68 37 44 11 56 18 75 21 87 2 7 94 83 23 14 2 11 23 82 35 10 48 92 0 57 45 51 42 7
 16 62 7 12 3 51 1 9 62 0 13 9 25 11 90 8 27 21 48 64 46 63 39 3 48 0 11 75 33 4
 88 95 71 69 69 94 37 71 83 89 72 73 70 42 41 50 68 71 42 83 1 90 28 5 38 33 0 75 91 7
 72 56 70 50 57 91 4 69 35 26 1 95 0 90 51 46 20 7 75 74 90 66 86 70 47 96 66 0 84 46
 77 94 95 70 0 28 65 98 25 89 40 58 15 46 24 21 45 40 83 42 63 25 11 76 8 10 12 87 0 2
 38 99 37 50 4 24 32 83 95 46 40 79 70 13 9 97 35 91 25 68 86 52 90 99 42 89 66 83 54 0
