100

 0 81 94 6 64 14 29 2 28 71 87 16 92 72 77 40 15 63 44 39 8 72 45 69 52 88 81 16 54 37 56 54 65 93 64 65 61 67 66 31 66 15 2 18 50 76 58 79 81 31 17 69 1 67 5 57 11 84 1 60 81 22 35 66 64 77 39 66 1 91 86 51 17 63 83 29 11 33 19 46 81 39 47 63 10 15 59 45 25 85 33 95 87 70 44 85 69 25 13 51
 28 0 5 72 51 32 58 17 17 24 28 72 65 63 70 1 80 83 96 54 1 22 97 16 49 19 74 33 89 40 50 95 46 41 92 45 0 5 78 87 1 56 31 21 0 64 75 34 92 3 13 41 44 75 36 80 63 18 8 88 29 9 51 23 56 30 73 10 52 52 58 32 40 61 54 56 17 13 47 28 45 79 91 79 22 80 38 36 53 27 89 53 16 48 70 53 18 77 78 45
 57 48 0 83 84 65 49 75 71 40 70 83 82 45 66 77 58 27 1 94 36 91 95 74 33 91 82 67 40 12 68 81 66 4 64 28 66 61 51 42 48 18 21 41 45 18 1 55 43 90 25 32 74 75 15 8 66 34 58 18 18 32 38 59 68 7 86 36 59 45 11 58 33 58 39 27 1 7 66 70 25 83 98 47 56 50 25 91 42 32 68 0 84 1 29 70 24 67 0 13
 26 28 88 0 8 93 99 58 85 90 76 2 89 24 65 86 22 58 51 66 84 25 12 57 54 43 87 73 21 28 19 42 81 80 33 97 32 92 95 42 21 21 79 85 47 78 80 54 79 65 18 24 68 89 24 75 57 86 65 10 7 2 74 49 10 24 1 84 9 0 70 46 36 55 16 61 55 19 4 30 68 29 7 98 60 85 65 89 64 8 72 67 94 69 53 78 78 38 71 85
 31 80 92 87 0 73 17 3 3 87 25 45 92 31 74 11 68 11 67 29 14 93 79 34 5 19 18 26 90 17 52 40 93 83 4 36 48 94 17 96 68 54 87 3 35 56 34 28 17 33 14 87 9 28 23 70 53 0 91 36 46 47 85 74 8 83 70 94 17 97 88 46 41 47 27 96 9 44 13 43 32 19 28 42 30 24 74 76 94 68 78 39 69 60 49 76 51 97 61 80
 31 75 96 67 96 0 53 61 67 62 1 13 62 46 20 35 6 41 41 8 9 76 41 67 86 78 14 16 40 81 14 17 35 43 62 98 19 55 2 39 10 26 90 7 68 93 77 36 63 50 85 75 38 81 65 17 87 67 28 65 9 5 94 71 40 93 21 99 8 88 26 49 55 18 6 31 43 34 9 63 47 99 25 90 38 49 26 33 47 47 82 21 67 45 13 75 85 54 41 94
 50 80 78 86 82 76 0 40 44 96 77 58 66 94 66 21 95 13 1 61 33 33 33 71 34 99 10 54 9 25 25 96 65 70 35 24 62 24 3 71 24 7 23 54 61 52 57 64 39 59 79 19 76 80 0 4 77 89 43 18 33 52 52 33 79 34 66 62 72 89 60 14 17 60 49 62 29 78 52 64 33 82 67 84 61 31 34 20 82 12 2 8 60 0 24 89 41 82 1 84
 20 85 14 70 6 5 45 0 59 94 84 23 3 80 94 66 18 41 77 95 85 15 87 22 68 9 91 55 94 86 16 43 77 43 31 37 92 8 16 48 83 42 81 54 84 87 39 53 88 52 24 30 45 30 69 59 57 46 64 85 0 21 81 94 12 81 17 60 23 60 81 9 79 21 93 13 90 17 16 17 68 16 3 50 85 60 4 46 20 88 47 55 29 58 75 26 81 48 46 41
 27 82 98 40 75 84 14 26 0 19 5 33 12 16 20 43 91 66 11 58 90 51 97 82 77 47 66 85 10 69 65 63 41 18 72 68 11 57 58 57 35 75 65 4 50 44 38 6 74 53 21 57 65 80 78 47 41 32 45 35 68 50 79 46 78 37 60 31 82 92 91 70 75 79 96 77 54 85 36 48 26 48 66 71 81 85 69 27 95 87 6 45 77 40 39 78 50 8 96 2
 19 76 41 79 82 88 65 44 1 0 84 82 93 62 19 24 21 86 65 31 30 45 42 15 82 44 23 97 48 46 14 24 94 28 32 20 31 23 48 89 37 41 18 9 28 60 15 44 34 23 59 2 90 14 3 26 65 94 35 72 14 62 15 45 72 20 69 86 77 4 72 57 69 26 18 6 19 83 88 71 6 54 54 89 11 54 95 16 51 44 53 36 32 64 58 92 81 41 0 46
 74 5 64 95 87 83 50 92 93 43 0 13 24 51 44 83 19 59 13 80 51 22 28 41 93 79 88 97 75 99 90 4 56 11 65 23 46 18 7 99 92 29 81 21 34 5 65 74 43 32 49 77 6 99 19 87 34 99 86 57 14 55 45 99 63 47 2 41 88 74 96 17 14 20 25 88 64 25 47 74 52 44 87 72 53 80 66 93 34 63 2 20 1 59 94 69 5 17 57 46
 9 17 30 40 56 28 36 17 1 34 55 0 6 25 5 53 19 59 42 40 16 5 68 20 35 39 75 42 88 34 15 74 92 91 5 61 7 53 60 46 51 94 75 26 74 48 43 7 81 26 91 93 84 5 15 15 26 36 64 17 41 96 20 26 41 39 70 73 85 35 98 66 88 8 56 68 83 15 10 43 20 13 72 69 99 50 5 7 87 48 57 92 34 58 61 25 5 40 80 24
 45 0 81 27 77 96 57 20 23 46 70 1 0 84 50 3 5 86 52 63 3 70 44 66 62 52 10 65 83 71 15 13 9 98 54 70 59 35 84 48 38 73 91 11 90 82 88 54 70 75 89 23 73 96 78 50 71 69 81 39 62 77 56 29 55 91 27 69 50 90 89 38 73 67 18 39 93 66 99 30 9 17 87 83 67 15 98 49 39 93 82 31 99 60 36 80 86 3 92 34
 78 93 32 41 78 17 0 38 94 68 61 52 11 0 56 32 95 78 72 21 64 68 57 11 47 65 4 90 62 30 28 91 34 17 64 27 28 79 40 28 57 33 57 94 39 94 32 83 20 51 36 26 24 2 67 57 77 92 90 75 66 69 63 57 73 34 78 33 83 47 9 2 44 38 81 75 48 83 92 61 66 58 54 26 13 99 48 44 11 28 15 62 64 93 46 31 1 98 61 37
 20 57 87 83 74 99 0 43 1 58 36 70 87 8 0 85 14 8 74 43 20 13 95 50 26 93 41 61 50 86 48 46 14 15 31 81 1 12 71 28 69 81 22 22 81 65 29 47 59 55 89 11 90 71 67 51 58 79 50 5 53 51 85 0 74 45 13 76 59 85 84 53 65 7 80 42 51 65 58 42 62 1 54 42 45 58 90 77 93 35 65 91 56 15 73 52 83 10 20 6
 71 58 36 15 93 28 17 58 1 61 92 33 74 94 72 0 62 59 80 97 33 47 32 97 51 77 23 46 58 69 70 51 52 8 18 91 54 11 86 44 17 38 89 33 63 54 3 8 77 47 44 51 48 78 58 75 90 17 3 18 80 5 49 50 54 72 25 91 23 53 32 2 80 30 36 20 65 69 74 33 94 6 92 82 67 42 23 64 46 14 25 49 43 20 32 41 65 73 91 60
 91 8 4 33 37 63 60 77 55 61 81 99 8 69 26 62 0 82 95 56 23 63 25 98 4 32 32 85 38 97 42 27 77 69 41 62 18 28 83 91 45 89 17 8 76 19 98 23 39 95 62 41 8 6 3 88 17 92 44 30 16 78 40 41 35 2 31 52 70 30 41 72 26 18 23 67 82 61 27 19 17 32 52 11 76 9 84 56 35 55 99 37 56 4 50 16 88 83 19 17
 99 97 19 22 52 19 13 62 99 83 11 89 77 55 87 77 65 0 93 54 75 28 13 73 15 68 11 41 76 58 12 82 96 82 80 35 59 5 73 91 52 14 4 27 97 97 37 3 15 26 36 9 99 30 63 52 45 36 26 51 91 99 54 20 68 0 29 92 25 15 37 95 50 63 73 93 76 10 10 58 0 62 35 13 99 2 4 32 62 43 65 27 3 45 42 92 37 20 53 17
 40 12 87 15 24 60 71 81 81 47 33 25 42 50 39 45 17 85 0 32 4 89 87 95 61 4 99 36 43 29 89 32 44 99 1 89 28 78 93 40 77 79 26 24 53 13 86 6 77 75 18 92 2 62 96 82 49 46 79 78 88 49 31 74 13 29 89 31 46 10 83 15 70 62 82 86 17 72 90 75 68 26 92 18 9 92 29 80 49 62 61 65 63 16 3 84 24 47 25 83
 11 57 1 27 61 72 9 77 52 62 57 10 41 95 54 5 58 94 87 0 59 32 40 93 95 49 8 53 38 23 93 83 36 85 77 85 84 79 77 66 3 58 94 8 0 12 29 53 90 41 76 89 44 3 66 15 88 70 80 44 4 38 35 40 73 73 15 39 35 28 80 62 21 81 87 40 59 9 24 89 54 55 50 58 36 85 81 74 67 94 2 78 63 93 85 14 93 88 74 58
 41 89 36 71 13 63 24 22 3 0 15 61 4 4 36 1 66 82 66 2 0 57 80 39 42 47 50 46 73 42 54 80 28 98 56 63 66 48 67 71 73 39 86 10 25 4 44 5 5 50 85 59 31 91 94 94 99 17 53 82 32 41 50 80 21 70 9 81 85 81 33 83 34 27 29 88 68 76 34 8 21 14 74 67 57 89 69 60 50 72 59 87 25 71 4 76 47 30 31 76
 50 72 32 33 67 81 75 73 40 54 54 61 33 91 52 77 41 48 94 36 84 0 34 1 3 24 16 84 69 80 93 84 40 82 80 88 42 53 61 7 57 31 88 56 75 18 0 4 65 79 70 93 55 76 17 68 63 48 54 36 20 13 6 8 63 49 28 99 85 87 40 39 56 80 26 39 42 46 5 84 95 74 51 7 30 5 91 62 26 50 70 35 25 94 25 89 74 63 42 89
 78 79 78 8 68 11 27 61 64 22 85 62 80 92 15 43 11 24 22 7 35 46 0 37 40 67 74 16 11 50 42 19 7 47 13 66 64 77 39 69 99 73 61 91 39 77 60 3 34 43 25 31 26 3 96 15 65 97 45 37 33 73 60 58 53 58 95 14 50 74 61 81 67 34 87 42 22 14 18 28 36 7 21 87 24 26 4 32 87 25 12 90 26 98 72 60 18 33 24 54
 20 33 19 34 84 33 51 51 60 81 9 30 89 92 12 69 43 22 42 1 3 47 42 0 45 6 30 82 62 73 40 99 64 2 47 92 87 98 63 58 60 70 47 92 37 40 29 25 51 34 22 27 10 85 88 2 86 28 70 44 93 57 2 3 77 9 62 67 58 97 58 87 53 17 70 30 96 58 54 32 0 86 99 24 70 33 85 24 13 74 67 85 29 52 54 94 26 58 60 32
 1 57 14 27 17 84 7 56 91 61 71 16 14 76 16 14 96 98 12 12 79 53 93 58 0 59 56 13 89 81 52 18 44 54 64 22 90 73 47 5 68 7 58 7 71 4 38 85 17 96 62 43 11 80 31 6 19 53 23 24 1 97 43 80 4 60 70 81 2 38 51 50 23 9 49 89 17 18 92 62 7 69 20 51 41 30 40 15 56 46 43 74 45 44 33 4 61 20 89 56
 28 91 53 8 93 65 72 73 4 39 76 93 72 38 39 65 11 64 14 84 86 29 55 21 84 0 45 40 11 66 2 15 64 3 79 51 15 88 6 62 32 34 20 62 68 42 65 89 51 4 24 97 7 4 31 51 54 75 72 54 52 31 5 76 82 14 36 36 33 7 56 95 11 50 60 29 87 15 18 62 1 97 82 36 68 23 23 24 0 95 97 60 41 68 0 62 79 98 84 35
 97 96 20 77 37 1 82 17 96 80 59 29 17 92 24 68 75 63 22 5 94 23 87 0 68 64 0 19 56 92 9 83 33 7 4 39 2 95 64 43 56 78 19 79 67 2 97 74 86 13 30 26 0 44 79 16 0 17 46 96 42 16 63 41 95 28 11 8 65 46 38 89 4 62 19 10 83 98 22 89 92 93 46 51 90 3 5 92 21 27 69 2 44 73 37 33 93 70 81 78
 2 8 98 66 18 68 15 16 51 17 11 21 28 83 61 95 92 44 75 63 20 31 93 35 37 63 44 0 31 87 85 84 23 22 40 24 77 88 86 27 3 6 4 57 41 80 73 70 90 51 87 91 49 60 42 65 34 76 83 86 52 55 43 48 14 40 41 73 52 87 6 96 53 38 29 26 28 74 57 60 50 55 73 11 94 64 36 26 92 7 77 36 79 38 96 28 25 56 58 80
 86 89 12 34 41 13 53 42 30 60 84 51 66 6 43 60 73 74 0 85 34 92 81 18 25 90 74 8 0 30 51 64 86 47 11 86 26 60 68 94 85 26 78 31 2 30 7 23 5 68 41 95 28 97 88 39 13 68 74 19 31 95 54 88 81 71 1 94 96 90 11 2 54 57 30 69 76 99 92 47 48 99 75 66 36 94 25 15 57 93 91 4 24 40 70 32 69 72 47 23
 9 32 4 26 87 47 16 45 99 10 35 74 61 67 40 55 76 89 30 36 40 68 7 5 83 10 66 90 90 0 33 13 99 61 22 12 46 89 4 45 46 18 87 90 30 67 5 26 85 18 22 51 92 31 8 85 22 48 47 75 44 72 22 60 84 71 17 72 94 80 48 74 30 86 88 70 21 36 82 19 43 57 48 7 6 2 79 31 36 57 3 97 16 50 74 92 12 13 92 79
 95 46 78 60 27 54 82 51 76 15 3 3 60 44 17 16 88 45 3 49 6 25 68 96 29 37 76 38 19 72 0 57 16 95 50 81 23 14 47 76 97 70 2 47 85 58 15 55 21 94 18 17 93 78 80 70 46 63 41 53 86 98 99 57 60 18 66 79 91 57 85 10 45 63 95 12 48 39 92 16 62 67 69 0 54 77 79 91 63 2 15 1 46 52 25 87 75 59 85 48
 90 42 64 90 11 16 11 43 37 7 70 97 86 72 85 71 15 2 31 85 6 33 38 14 46 30 15 61 45 57 40 0 98 47 67 55 25 17 89 53 45 20 8 66 78 44 69 11 33 91 26 40 48 5 6 59 43 35 6 58 62 27 9 87 59 46 73 8 96 65 94 7 61 73 84 58 40 38 15 24 78 21 21 88 90 30 2 4 78 90 37 1 49 74 53 75 9 34 70 44
 23 3 21 28 3 44 25 96 17 0 63 19 99 97 85 60 15 88 99 22 90 77 87 30 97 51 2 47 87 25 70 58 0 79 71 7 5 21 19 98 15 10 32 56 41 60 24 28 6 94 72 59 14 4 0 1 55 78 65 75 35 38 45 75 20 10 92 5 48 10 28 61 70 42 26 91 60 74 89 17 30 37 69 11 8 17 60 2 15 34 28 42 43 51 24 68 30 40 87 84
 85 28 22 92 1 72 73 30 83 30 96 37 86 41 16 58 39 7 25 35 24 40 90 11 49 64 72 43 40 2 77 86 84 0 67 54 11 69 71 24 51 31 47 90 2 25 85 59 4 55 42 88 61 78 46 12 25 23 8 72 41 47 73 91 62 86 71 29 33 93 38 69 31 2 84 56 80 11 61 73 35 95 45 7 41 26 98 6 85 43 79 22 47 20 38 48 56 37 47 83
 9 14 73 90 4 5 72 4 11 49 57 48 74 23 12 18 64 42 66 7 62 27 72 37 11 64 57 36 23 59 30 57 76 72 0 46 91 68 44 78 94 62 53 40 41 12 59 78 71 63 93 80 36 99 7 20 70 81 43 5 45 90 26 64 26 52 84 70 3 66 4 30 10 25 33 56 18 48 3 30 61 48 68 81 81 39 42 76 56 87 74 20 12 87 47 41 97 31 9 99
 68 57 7 24 32 63 96 79 51 75 40 2 82 38 3 66 69 30 17 79 47 11 28 45 94 48 87 14 24 62 90 69 27 67 94 0 58 14 21 38 7 6 38 77 19 24 42 9 71 44 13 32 62 66 33 33 66 86 59 47 15 1 4 12 44 66 82 89 61 4 48 37 97 32 74 50 68 45 38 57 39 94 64 96 33 97 14 16 51 79 12 41 25 80 17 46 56 85 4 27
 58 82 91 92 40 41 74 45 45 94 61 27 45 90 54 98 32 60 20 93 58 8 85 78 15 2 16 23 27 65 55 46 86 79 70 29 0 15 19 22 50 40 39 75 13 91 65 49 1 24 15 54 41 26 33 80 85 55 49 35 64 94 80 71 92 98 45 24 99 21 3 56 92 28 66 1 27 73 85 37 72 84 17 60 93 41 79 30 90 79 77 66 52 24 24 66 90 15 41 60
 48 80 13 4 92 68 39 76 41 20 70 19 32 64 31 36 5 2 49 94 52 18 6 18 3 3 26 79 4 41 19 56 69 8 2 94 58 0 80 2 73 34 51 39 86 99 63 91 6 17 34 22 25 23 87 49 83 99 4 54 3 34 98 48 89 55 51 58 44 76 6 35 21 34 5 53 31 67 82 50 76 80 18 33 6 59 80 38 63 40 7 53 69 90 89 18 5 9 59 98
 25 96 82 67 53 65 91 27 69 41 47 31 42 63 23 57 85 56 69 51 42 61 3 71 7 17 88 5 74 71 82 83 52 50 59 45 46 54 0 7 96 78 9 2 7 48 46 78 50 32 69 66 15 86 17 61 80 20 91 85 69 37 63 30 31 70 43 47 25 62 51 44 86 54 54 18 21 31 56 3 91 70 96 1 39 19 92 96 41 85 1 95 95 10 72 18 36 13 44 50
 8 37 27 58 87 49 97 43 49 16 21 61 8 66 11 8 65 72 9 75 53 60 98 16 66 90 13 91 18 20 19 92 54 9 43 47 71 92 22 0 14 89 62 96 50 21 33 56 46 73 42 5 57 99 99 75 23 68 49 13 93 35 35 15 14 73 14 26 59 21 35 5 77 0 64 28 15 4 54 52 90 65 49 69 49 27 32 65 26 62 76 10 1 5 79 51 29 69 4 14
 28 9 41 24 95 80 48 30 8 11 31 75 81 86 94 12 77 92 49 63 30 44 58 1 34 65 96 6 66 0 95 91 10 26 9 77 41 92 64 10 0 65 63 93 19 81 82 38 96 94 3 62 53 18 55 94 85 96 2 34 33 73 81 35 94 52 8 32 96 0 47 1 15 12 68 3 55 81 61 7 99 1 96 5 95 49 62 34 86 69 22 83 12 16 40 22 11 59 58 48
 98 12 12 30 27 90 71 10 41 76 94 44 20 51 39 24 88 3 6 0 26 96 87 57 74 18 57 43 94 28 31 7 14 43 99 17 4 0 29 41 73 0 65 93 91 75 49 56 21 42 66 28 62 91 16 64 49 8 87 64 69 22 21 82 1 12 96 56 5 34 43 86 3 40 4 45 15 71 66 33 63 77 22 32 45 26 17 94 7 80 14 64 34 72 8 22 67 45 86 73
 45 5 16 35 21 27 64 36 33 78 80 11 70 20 48 48 9 98 29 76 31 86 10 25 77 70 22 88 17 69 48 9 39 23 77 75 6 34 82 78 3 23 0 8 51 74 74 73 13 65 26 25 92 67 36 37 58 51 52 61 79 44 62 82 40 0 85 2 21 94 6 4 68 41 8 90 67 73 17 95 35 41 55 19 62 13 14 96 71 9 29 0 13 55 28 5 27 95 91 12
 41 92 93 35 54 68 83 63 15 69 55 6 69 84 12 41 55 98 31 70 4 10 30 2 89 87 65 76 66 75 33 84 44 3 38 4 18 70 46 19 36 43 79 0 23 87 11 0 36 83 7 4 99 28 93 3 8 5 97 78 94 67 61 92 24 15 76 29 99 88 13 38 61 63 6 3 71 0 24 7 98 51 68 89 52 27 25 63 59 47 70 64 73 41 47 58 84 15 92 93
 6 45 51 47 49 92 78 47 27 81 80 50 12 56 41 41 10 48 14 26 11 33 65 46 48 15 92 1 82 15 8 67 66 23 9 70 53 57 85 98 98 5 85 49 0 49 13 10 94 79 1 21 27 97 0 26 56 91 60 97 39 44 36 56 33 66 5 58 0 19 95 80 7 6 85 90 53 80 67 55 75 64 28 8 2 35 83 4 77 27 8 2 66 92 87 18 5 24 60 94
 33 91 18 33 80 94 6 89 33 78 75 82 96 29 71 99 92 86 49 90 51 53 66 31 37 46 50 0 12 60 3 80 30 35 14 86 15 62 35 30 48 84 40 7 98 0 23 42 6 59 42 95 22 88 72 62 64 25 6 58 20 3 94 34 59 62 63 99 93 67 38 18 1 97 17 4 54 51 75 3 4 44 63 79 80 58 85 29 80 47 80 48 31 96 8 30 41 98 34 8
 99 74 58 5 27 75 64 66 24 58 26 17 25 36 69 70 87 10 5 20 90 60 31 89 59 84 2 88 46 12 61 52 82 93 53 29 6 12 69 78 41 1 39 14 32 89 0 20 25 55 30 80 42 85 8 6 3 63 31 60 23 25 75 73 5 51 81 54 38 65 56 96 42 98 43 63 54 55 99 8 29 48 90 63 0 33 13 26 8 24 1 56 91 20 79 94 91 22 34 7
 12 28 56 37 82 86 41 29 56 87 31 85 95 41 13 54 92 74 70 21 54 1 54 51 70 60 28 30 6 69 33 78 55 61 30 21 12 97 39 5 81 21 65 47 14 49 48 0 6 62 84 42 61 43 27 3 88 93 59 11 70 25 63 82 94 50 97 80 56 38 78 13 18 96 86 74 71 7 97 3 44 44 51 80 26 78 30 99 78 65 43 73 0 37 55 2 83 8 1 78
 27 55 1 51 73 31 17 44 31 13 31 36 14 62 85 54 25 39 16 86 37 51 55 61 41 6 33 34 96 90 35 13 55 39 42 56 21 35 3 73 58 72 61 91 9 77 74 52 0 80 15 64 15 17 66 53 36 82 44 94 82 24 93 94 50 37 67 86 19 88 12 67 88 32 6 26 81 0 17 85 57 82 88 59 66 23 62 30 48 56 42 85 75 97 65 74 10 6 80 9
 41 53 27 46 82 33 3 53 39 16 96 10 63 90 63 2 94 34 7 8 58 65 61 54 76 51 98 66 50 22 8 51 66 71 41 62 92 61 30 87 38 16 67 13 89 76 58 8 78 0 17 59 78 73 90 67 82 73 29 94 67 56 46 12 23 84 74 80 80 76 17 44 49 56 3 42 9 41 96 20 13 80 66 32 37 67 10 50 18 94 70 34 78 45 47 41 46 92 52 67
 64 51 10 53 8 14 77 50 25 6 70 69 64 24 73 2 34 94 65 97 4 36 25 23 53 72 93 37 45 45 44 55 21 77 96 94 14 99 4 40 99 73 33 94 77 96 5 44 8 71 0 52 99 51 6 43 32 41 80 50 31 35 69 59 72 39 8 32 47 33 35 59 88 5 24 45 63 17 64 7 92 5 16 26 42 96 92 83 43 55 40 15 88 16 27 79 5 70 94 0
 82 25 37 86 23 41 3 53 19 14 19 54 33 69 35 61 59 22 41 64 40 82 97 8 87 93 88 21 1 4 57 79 53 89 27 7 80 21 97 54 97 82 30 30 97 1 27 61 80 97 94 0 50 15 62 36 33 4 23 89 36 72 20 1 10 6 97 29 87 78 64 36 52 78 15 16 44 65 17 10 65 47 88 97 96 99 38 12 85 11 78 42 65 85 18 63 73 69 81 1
 1 69 61 88 46 46 71 54 42 32 21 81 35 32 50 61 33 45 63 2 83 34 87 54 21 73 48 13 98 33 41 38 41 56 68 13 65 55 81 89 19 75 1 82 26 77 35 1 8 39 50 59 0 23 2 27 39 58 43 21 91 46 80 50 28 7 0 8 8 28 80 27 50 16 53 49 66 48 34 39 70 0 9 0 82 22 16 37 6 16 2 71 35 75 52 61 96 12 52 20
 40 16 63 22 22 2 37 86 59 18 15 39 52 92 64 39 69 8 88 24 31 2 33 2 15 55 92 41 91 81 96 14 43 99 96 26 87 9 45 11 20 70 26 67 21 20 46 26 42 96 30 34 80 0 3 14 5 59 32 92 42 95 64 12 5 68 30 99 30 11 13 1 69 23 75 56 67 84 52 96 69 73 94 96 43 81 31 95 24 1 58 19 4 86 9 62 35 78 7 89
 3 27 9 21 20 86 70 53 32 35 15 7 61 26 32 68 5 3 4 16 96 49 13 8 94 76 31 43 86 38 43 23 6 47 95 20 82 11 72 38 92 14 44 11 69 29 48 92 21 52 7 16 19 59 0 50 81 0 7 70 53 13 85 2 4 22 83 8 30 38 13 29 1 25 43 27 8 97 96 12 11 91 60 45 62 35 93 5 82 17 66 60 12 15 24 68 68 6 67 60
 57 1 13 22 79 79 45 85 41 35 58 57 0 17 28 50 48 27 75 79 92 71 74 80 24 94 55 80 78 81 62 38 30 9 92 84 4 87 25 79 62 17 44 74 0 51 69 80 84 12 8 88 51 38 16 0 32 94 40 36 55 53 83 91 9 54 38 5 71 11 87 49 27 39 3 59 48 91 87 25 12 2 5 38 96 53 72 24 14 27 53 12 85 90 30 96 74 71 76 93
 19 49 2 4 48 46 70 43 95 51 3 24 59 86 38 64 1 18 69 92 8 75 43 30 21 31 40 95 43 55 20 51 66 98 98 7 71 49 4 19 30 88 53 97 9 66 7 64 85 50 26 93 58 87 34 89 0 69 31 45 80 46 76 60 33 25 16 31 19 9 63 57 0 55 66 52 77 70 82 9 34 84 40 45 26 38 14 89 93 88 69 59 84 69 17 91 24 61 54 66
 29 33 66 76 12 19 5 2 93 97 68 33 57 81 30 42 66 39 99 76 74 0 65 23 98 84 4 83 55 42 95 61 55 34 68 56 24 69 91 51 24 48 21 8 15 42 97 70 99 50 84 16 72 29 28 83 71 0 26 91 51 71 10 4 29 3 29 17 29 0 59 97 52 18 25 91 94 32 82 8 78 34 16 33 31 12 81 48 62 24 91 10 19 86 43 40 10 29 8 52
 80 35 11 60 10 99 80 89 51 4 77 35 2 88 27 79 49 49 85 64 7 52 8 86 77 45 75 78 96 97 48 16 62 68 91 58 58 65 73 25 32 80 42 99 80 58 37 86 59 57 93 74 37 70 12 41 76 68 0 29 14 87 75 82 77 93 63 33 39 0 23 11 33 12 28 95 98 65 59 71 26 61 83 64 5 50 95 50 43 1 21 70 84 2 42 80 50 73 64 66
 0 76 20 78 83 70 80 19 47 48 8 83 50 52 27 23 69 1 18 57 3 34 77 5 81 13 98 64 90 72 98 58 92 88 23 11 66 74 26 28 89 11 13 50 81 22 78 59 43 61 77 7 26 5 84 2 7 22 58 0 1 5 5 98 13 88 58 26 35 51 67 54 66 14 22 27 18 57 84 68 60 78 20 87 97 3 36 6 7 52 15 76 28 76 6 82 33 25 47 5
 96 84 0 61 41 23 9 11 27 2 70 40 51 62 60 6 82 84 51 48 67 48 37 24 66 6 14 96 15 15 84 58 38 71 44 83 32 15 12 51 75 39 75 60 35 15 3 95 39 58 20 60 52 60 89 2 3 16 19 4 0 38 75 7 54 91 6 4 13 94 75 95 25 78 33 31 48 24 95 77 39 62 71 85 40 89 92 29 23 59 0 1 81 46 35 88 86 67 84 66
 7 69 45 32 74 86 18 96 82 55 40 66 75 20 16 68 78 25 6 32 7 83 67 63 68 44 12 4 57 81 57 44 94 19 59 44 26 34 76 82 13 93 93 85 14 84 48 11 63 70 41 31 13 27 42 90 73 14 88 54 27 0 6 42 94 77 24 46 13 21 2 70 11 42 30 45 63 10 71 52 74 86 99 14 55 83 50 60 94 6 25 52 61 41 76 19 31 61 46 34
 8 22 4 60 33 37 46 99 90 29 7 5 53 69 82 74 28 94 1 50 17 48 18 99 18 77 72 29 70 12 24 39 0 64 91 32 74 30 96 19 27 89 61 96 77 76 44 10 42 48 20 20 16 50 64 16 18 24 33 30 39 87 0 84 65 14 29 39 5 58 37 38 44 22 44 47 5 18 5 33 55 29 70 51 73 18 42 93 46 99 5 51 41 52 67 23 83 8 46 40
 11 54 56 44 74 43 81 94 8 8 13 41 40 29 88 61 38 69 54 13 8 93 73 79 42 78 64 38 83 87 48 35 36 80 16 39 48 33 11 69 59 10 36 60 36 59 12 88 92 73 33 53 82 57 7 34 70 92 92 20 93 77 31 0 53 34 60 29 88 51 31 85 11 3 92 1 50 21 34 85 43 68 52 9 55 80 2 45 72 98 51 28 12 78 12 37 38 88 99 86
 54 32 42 63 84 44 58 58 26 77 49 48 20 67 93 54 17 71 65 24 11 46 20 97 85 56 31 55 74 84 77 38 73 42 97 39 37 21 64 51 67 3 88 40 21 78 32 45 23 38 74 64 81 24 68 32 61 66 55 82 51 23 31 48 0 4 82 89 32 84 58 68 6 96 85 27 59 73 62 51 44 29 50 37 8 54 12 63 31 75 7 58 37 59 48 96 55 14 22 55
 14 76 53 18 61 42 40 57 35 61 39 69 90 59 27 93 98 4 66 93 24 93 19 45 64 6 13 11 65 40 1 81 41 75 32 53 17 60 40 28 8 32 68 58 76 37 79 83 10 7 68 73 35 45 99 5 42 66 14 65 84 26 47 51 73 0 18 10 49 84 90 43 73 39 21 80 18 90 75 66 99 67 76 89 37 46 28 35 3 69 5 95 34 49 69 5 37 16 52 77
 16 62 21 96 62 12 95 60 15 59 39 88 50 9 57 44 52 4 38 45 16 49 62 99 57 67 16 79 54 20 68 33 32 34 1 88 80 21 43 18 36 56 25 65 26 55 60 72 86 1 39 59 30 24 1 1 73 27 91 79 9 54 98 34 66 24 0 30 26 45 68 37 4 46 25 14 53 10 57 57 25 5 70 99 40 55 71 36 76 69 23 23 93 96 79 40 39 29 65 45
 71 26 15 13 38 94 5 60 3 75 29 34 2 76 69 6 54 53 94 13 7 41 74 88 38 99 40 20 43 14 44 41 51 29 53 9 31 88 37 35 40 21 39 40 70 63 16 17 26 20 12 50 78 48 7 39 59 66 9 99 58 14 27 53 74 4 4 0 17 69 46 57 38 9 6 33 3 67 24 36 0 61 65 3 14 18 18 37 46 22 9 5 65 53 28 73 19 80 9 48
 58 2 67 55 51 53 51 69 94 57 56 32 8 64 90 46 56 74 40 23 6 48 44 69 46 50 85 35 76 12 66 0 49 12 3 83 95 69 86 66 78 56 16 28 54 0 86 21 84 76 83 46 50 0 98 38 11 47 16 7 27 11 34 20 28 17 30 92 0 47 97 54 9 32 83 38 49 23 69 89 7 1 97 29 75 32 24 5 97 36 14 98 38 1 88 86 58 49 63 43
 70 91 27 20 26 56 94 73 64 4 7 82 56 89 2 58 27 83 96 70 66 37 22 32 82 8 35 16 11 71 32 93 14 23 29 11 79 92 27 91 25 80 15 32 8 36 68 82 43 12 68 21 34 27 47 41 68 70 99 58 68 25 62 55 80 52 13 51 51 0 26 73 62 84 78 52 14 67 37 67 75 10 5 34 45 1 4 61 70 11 8 2 20 71 18 9 84 34 15 44
 48 71 50 25 59 11 29 71 4 56 74 80 72 81 73 82 92 64 60 71 83 6 95 77 74 54 95 93 81 18 31 5 1 77 3 98 59 99 18 99 15 43 42 11 83 21 12 68 92 21 16 93 65 25 60 45 31 70 46 24 15 70 34 63 69 98 61 31 97 5 0 7 21 98 8 29 10 44 49 53 45 75 7 77 97 0 48 32 18 6 78 57 30 51 67 54 36 40 55 39
 71 56 5 21 47 14 9 37 17 52 22 0 69 27 92 8 36 13 66 51 51 39 21 79 13 46 44 67 35 45 8 42 4 56 80 78 11 24 32 2 70 40 50 89 2 61 20 47 51 54 51 43 88 80 71 8 72 93 14 51 42 32 85 47 90 59 2 17 18 68 83 0 89 58 40 60 24 42 9 5 73 42 87 20 32 24 37 29 87 94 63 13 25 61 2 76 59 60 65 0
 76 84 43 65 3 7 71 27 30 71 23 19 17 45 91 61 83 28 70 62 27 96 1 74 34 82 44 78 36 17 46 44 77 13 76 45 57 16 30 2 1 31 89 61 70 51 40 10 12 64 35 97 14 33 20 76 46 37 2 55 0 96 59 54 29 21 23 37 35 66 36 17 0 31 59 46 31 70 86 42 20 64 6 2 0 2 22 71 55 46 20 36 67 2 79 87 47 89 42 57
 59 82 29 51 56 96 77 9 81 61 15 12 34 35 78 61 36 62 22 36 85 53 69 21 99 29 19 65 89 42 95 24 75 63 45 5 90 85 82 4 71 57 0 85 56 63 46 86 2 93 38 49 2 84 31 14 3 64 71 47 89 83 26 75 35 45 20 16 95 56 55 93 92 0 50 24 9 41 10 95 44 75 94 8 4 94 32 59 79 63 88 71 47 82 49 27 59 96 71 91
 9 66 10 86 4 39 41 15 37 82 64 48 34 78 97 75 70 66 34 51 54 38 7 76 15 31 22 6 54 38 15 46 20 97 10 23 4 6 54 8 95 0 46 51 14 97 88 78 51 10 56 84 86 46 90 40 66 98 72 3 59 95 30 35 48 42 77 90 34 6 29 98 81 1 0 97 99 7 75 1 15 30 22 2 64 11 54 23 62 15 83 47 60 91 63 83 87 65 99 0
 61 54 24 60 87 47 70 41 0 50 14 52 95 93 34 30 83 5 41 33 33 42 29 86 45 84 24 29 41 64 0 76 27 41 55 90 76 89 52 30 91 54 83 96 57 30 1 48 37 4 41 31 51 12 9 18 82 81 93 11 95 76 77 44 84 19 70 24 69 37 71 26 74 63 86 0 17 40 73 60 65 6 74 64 53 43 83 92 37 83 95 73 54 57 46 3 27 80 38 3
 74 11 41 81 58 0 18 37 65 62 72 54 41 28 16 74 0 29 45 99 94 56 3 58 94 42 13 63 72 74 73 27 27 22 4 97 52 51 34 5 89 80 90 46 92 89 22 94 82 50 94 89 98 3 6 48 53 59 31 68 89 90 25 18 94 15 5 63 52 95 7 60 34 26 86 76 0 0 31 52 0 11 43 80 12 10 54 11 16 10 45 37 24 49 36 55 46 0 39 43
 55 53 6 62 45 7 25 77 9 25 1 4 21 82 24 59 96 15 50 55 8 51 70 13 10 77 34 82 18 63 35 42 29 20 57 60 43 12 99 74 92 77 36 60 41 68 77 69 87 10 30 0 60 32 51 11 77 34 33 85 81 76 90 58 98 25 35 49 53 55 66 18 94 77 73 10 98 0 71 49 58 16 64 52 29 82 11 49 43 5 97 20 23 97 88 84 41 49 32 72
 10 48 65 20 21 7 15 26 64 52 10 73 99 28 74 72 0 14 64 43 51 25 31 22 55 59 74 40 63 74 98 74 84 24 81 38 79 85 91 78 54 67 36 59 5 17 26 32 37 41 50 80 29 74 21 72 53 50 79 39 49 21 76 56 37 75 99 74 79 17 61 90 13 67 91 77 32 74 0 51 29 68 17 27 53 86 22 22 71 63 41 89 80 82 9 78 20 12 69 88
 94 8 8 61 28 66 92 34 40 78 86 42 54 53 86 79 40 66 9 50 36 12 52 63 25 25 38 77 66 90 73 51 49 64 58 47 0 51 69 77 48 14 87 36 56 64 95 96 3 45 81 78 37 80 0 75 90 48 58 34 43 86 36 87 71 78 26 69 89 47 6 48 78 46 20 92 0 21 26 0 30 33 30 65 90 73 19 40 81 5 55 50 82 61 97 35 14 34 25 76
 31 52 9 33 15 12 89 88 95 27 42 79 43 41 66 80 65 56 39 36 48 7 12 9 34 83 55 68 21 21 99 36 27 65 75 91 6 97 37 99 61 79 74 65 87 6 70 54 22 33 0 28 50 76 17 12 67 57 52 95 84 10 53 52 81 94 0 79 55 10 4 7 48 36 20 0 80 61 59 27 0 48 72 53 84 94 97 30 43 30 1 47 94 59 57 0 68 30 72 83
 25 48 14 8 82 56 74 12 78 89 63 97 48 46 18 38 91 99 5 76 37 24 9 65 76 42 95 30 23 59 42 98 40 52 54 83 78 83 87 7 43 4 68 65 81 45 80 39 37 55 64 14 93 47 5 60 44 19 79 22 39 48 94 86 12 34 7 80 8 9 60 95 23 19 9 44 11 77 58 14 65 0 47 48 28 47 77 3 66 43 99 2 73 20 59 5 61 78 94 46
 37 56 74 64 85 9 58 66 10 84 68 74 44 48 79 92 25 98 36 71 23 77 70 3 99 70 11 0 55 74 60 51 42 20 33 33 45 33 29 9 14 69 81 55 97 30 35 47 11 76 44 35 39 75 76 58 70 79 72 37 38 67 25 4 37 9 57 59 60 34 83 80 42 73 15 75 65 12 4 28 27 68 0 88 19 73 98 24 69 66 26 81 87 8 26 78 61 94 28 92
 48 8 2 68 0 46 31 62 22 68 81 10 97 83 30 73 77 11 19 31 81 96 47 47 66 51 60 76 40 42 60 90 77 13 54 99 76 12 69 67 79 0 20 24 79 52 68 85 5 85 20 92 12 23 8 26 0 72 90 66 76 8 58 88 74 61 53 10 50 25 33 26 5 2 89 3 54 39 77 81 35 55 47 0 77 81 64 10 58 88 55 33 80 78 24 35 14 16 83 36
 96 54 72 9 62 10 54 29 25 93 47 99 64 49 70 83 72 23 43 33 13 68 33 5 83 17 5 0 53 87 15 21 64 85 86 9 20 15 61 74 14 44 97 82 45 36 2 55 9 19 28 12 30 63 44 41 49 6 24 73 6 31 74 76 37 11 5 24 92 49 99 2 39 38 16 74 41 47 43 23 7 58 2 85 0 76 22 22 54 63 26 15 80 68 72 67 32 77 30 0
 27 33 42 51 13 37 20 34 38 37 22 22 71 61 34 93 99 29 17 63 83 23 34 48 51 77 76 4 9 53 10 70 93 17 28 30 43 61 87 42 43 53 76 78 92 50 49 52 18 65 0 56 53 0 51 57 41 56 42 27 47 69 25 65 93 92 44 20 90 37 90 33 69 6 12 95 68 31 14 52 70 83 79 94 50 0 69 76 59 14 94 52 84 22 98 8 54 27 41 42
 56 63 85 27 33 9 55 4 73 72 29 12 9 54 21 57 96 50 3 1 60 79 81 2 49 19 80 5 50 85 35 57 13 53 58 21 36 11 11 45 87 45 84 57 68 33 89 54 40 4 32 28 25 76 43 57 85 67 79 60 7 18 26 61 80 39 9 75 92 36 67 68 63 78 89 10 86 37 58 88 57 83 12 68 7 93 0 39 4 57 79 34 47 56 79 54 48 67 64 22
 94 99 19 13 26 38 0 63 16 90 27 92 53 57 93 23 39 12 74 63 41 90 85 32 25 98 87 52 2 62 32 7 51 61 57 47 94 86 54 98 14 70 49 89 64 41 99 20 61 12 71 67 59 56 8 80 22 44 64 9 21 55 8 10 56 42 76 99 82 80 28 76 83 29 96 46 22 50 92 52 14 79 11 0 88 8 91 0 12 39 85 50 53 39 72 40 25 95 91 43
 34 65 38 14 46 61 31 96 41 14 55 97 80 23 32 31 28 87 52 65 21 31 92 55 64 93 83 48 25 63 95 70 40 83 2 67 3 21 86 65 24 72 69 9 18 10 39 57 53 44 38 11 90 34 18 42 6 69 63 7 6 32 61 20 81 68 47 74 28 18 88 30 43 16 28 69 82 93 71 54 79 62 54 53 28 73 44 67 0 69 35 59 13 2 50 66 37 73 17 99
 21 49 78 21 52 84 38 93 55 2 19 32 83 45 97 57 83 57 5 14 65 84 87 53 63 65 7 84 79 36 56 95 48 28 17 76 66 91 25 40 16 5 57 92 84 87 41 71 18 63 90 3 48 79 71 23 56 61 41 17 72 26 60 67 8 1 98 19 36 55 35 97 66 60 47 39 30 50 55 48 99 18 60 49 61 99 16 37 49 0 70 28 54 88 35 53 99 28 8 40
 22 59 13 45 97 44 69 34 74 5 29 42 38 65 46 21 52 45 16 40 71 93 92 99 44 17 40 28 2 32 62 98 97 95 38 25 98 60 4 52 35 47 13 15 48 2 14 6 40 91 66 39 1 54 49 79 85 78 61 35 29 80 8 93 36 13 39 15 2 38 98 92 92 35 29 13 64 47 78 58 45 51 27 89 63 87 86 16 92 93 0 96 95 43 44 70 1 41 55 66
 45 50 10 45 50 9 90 38 69 75 95 47 39 55 70 3 58 80 45 82 97 90 50 71 82 45 80 95 10 48 73 56 87 43 51 0 53 2 85 12 69 65 98 8 3 1 47 63 73 52 59 24 9 14 80 14 59 33 2 9 76 51 41 14 2 52 66 16 28 38 67 69 88 29 3 74 76 56 5 96 53 91 28 38 41 50 3 47 85 0 30 0 18 92 38 6 50 55 35 56
 29 41 18 64 93 47 31 91 21 69 35 40 51 64 57 73 58 44 96 59 31 5 79 27 33 74 35 92 15 68 68 52 15 68 14 51 71 33 26 88 21 5 37 78 21 80 12 89 88 68 15 2 66 46 67 98 78 95 78 73 27 35 81 39 59 50 70 34 88 90 8 48 50 12 75 12 43 38 67 46 32 29 33 19 26 93 22 94 22 18 38 36 0 98 86 37 36 73 94 27
 0 29 46 10 46 34 87 10 40 97 49 45 8 27 50 64 8 18 48 74 37 46 34 29 46 19 44 10 75 99 65 46 16 8 48 99 82 88 83 59 91 3 88 45 92 48 54 75 5 40 49 80 95 33 26 12 42 12 53 74 41 21 6 69 86 63 70 31 37 5 48 99 80 61 14 41 64 52 12 7 90 46 99 23 80 90 28 18 98 14 62 45 76 0 39 13 74 93 14 21
 57 74 32 23 49 25 95 3 52 64 2 76 19 1 7 26 10 59 12 80 81 53 75 41 65 16 23 27 2 3 54 61 86 13 91 7 37 50 52 10 20 46 72 54 79 20 90 63 46 31 76 72 31 24 54 26 42 84 1 31 34 32 11 66 17 46 90 41 9 27 36 95 68 11 74 89 14 54 60 60 53 47 50 71 97 34 73 99 65 59 28 50 69 52 0 2 52 79 70 43
 11 16 9 62 1 65 91 70 35 18 21 46 80 83 34 85 39 81 92 40 85 4 33 86 16 54 32 55 26 93 16 55 15 9 76 62 5 98 17 25 55 93 50 73 77 23 91 14 68 21 63 20 89 5 56 96 50 62 67 88 83 67 24 97 81 10 3 98 26 0 68 55 25 83 37 67 98 28 48 34 28 21 40 74 85 69 24 91 63 95 9 60 60 14 74 0 65 42 48 1
 15 74 24 9 54 40 12 24 31 15 94 96 38 91 66 98 36 92 9 9 6 96 17 94 35 69 74 92 30 43 25 76 85 58 67 22 72 46 26 19 80 40 62 32 6 17 61 13 93 69 65 81 32 58 98 80 82 26 2 75 95 69 69 65 33 27 88 55 74 37 85 35 28 77 17 12 14 75 45 29 88 50 40 89 68 39 83 40 96 92 91 97 28 42 36 97 0 60 55 40
 69 64 84 84 61 76 96 87 64 34 51 98 15 0 98 53 68 16 8 33 68 12 44 27 10 66 86 12 42 47 24 73 79 7 51 90 18 66 62 41 61 54 9 57 2 30 79 32 92 73 91 56 26 74 11 65 57 98 81 68 83 87 2 78 5 32 96 52 63 59 3 86 31 6 49 85 64 30 36 92 32 30 16 9 77 55 33 97 65 15 97 88 11 36 63 60 58 0 99 30
 37 12 58 46 83 97 38 60 91 0 48 56 56 92 79 24 67 98 47 22 83 24 36 6 79 47 93 48 14 80 69 15 57 18 57 81 38 94 12 55 3 83 45 82 76 11 79 13 18 35 24 15 14 35 45 87 89 70 93 29 12 10 90 7 95 27 68 95 49 56 60 97 89 95 60 9 83 71 13 50 3 20 11 3 27 46 50 88 94 28 14 3 21 96 77 19 9 34 0 77
 18 97 51 56 16 84 25 51 53 89 44 6 45 86 43 62 12 37 45 79 89 65 94 2 42 58 76 9 9 38 46 41 72 96 71 84 47 34 0 31 83 33 64 2 51 84 26 89 68 10 63 94 66 61 52 26 31 72 84 12 40 54 20 58 49 15 42 69 44 90 11 29 35 97 14 74 2 47 76 40 80 45 85 75 68 44 23 33 54 75 98 89 26 51 65 53 24 62 5 0
