20

 0 0 95 54 36 72 13 99 6 29 64 83 1 38 96 23 77 23 26 56
 100 0 96 52 40 82 24 59 25 62 8 90 42 68 80 32 5 26 57 22
 5 4 0 33 4 57 85 57 97 62 4 6 77 47 16 67 19 56 15 20
 46 48 67 0 34 39 96 27 0 13 99 49 76 2 41 3 25 58 21 27
 64 60 96 66 0 26 22 99 97 97 20 20 2 43 32 61 50 29 65 72
 28 18 43 61 74 0 5 32 34 50 80 47 23 43 16 87 36 94 81 82
 87 76 15 4 78 95 0 78 39 83 98 59 68 42 46 36 80 13 43 0
 1 41 43 73 1 68 22 0 2 89 25 20 74 7 26 60 46 32 34 11
 94 75 3 100 3 66 61 98 0 93 64 48 87 13 12 8 16 22 63 94
 71 38 38 87 3 50 17 11 7 0 23 66 70 69 97 80 97 37 7 79
 36 92 96 1 80 20 2 75 36 77 0 58 36 13 85 24 38 44 0 60
 17 10 94 51 80 53 41 80 52 34 42 0 46 45 38 45 97 81 93 17
 99 58 23 24 98 77 32 26 13 30 64 54 0 5 76 78 64 53 58 58
 62 32 53 98 57 57 58 93 87 31 87 55 95 0 24 13 15 97 10 68
 4 20 84 59 68 84 54 74 88 3 15 62 24 76 0 26 2 89 81 23
 77 68 33 97 39 13 64 40 92 20 76 55 22 87 74 0 61 83 83 85
 23 95 81 75 50 64 20 54 84 3 62 3 36 85 98 39 0 9 32 99
 77 74 44 42 71 6 87 68 78 63 56 19 47 3 11 17 91 0 68 48
 74 43 85 79 35 19 57 66 37 93 100 7 42 90 19 17 68 32 0 14
 44 78 80 73 28 18 100 89 6 21 40 83 42 32 77 15 1 52 86 0
