100

 0 67 69 84 45 43 12 41 76 82 28 60 36 99 65 27 54 14 72 22 70 44 44 64 59 32 98 27 67 59 5 91 87 18 51 55 26 18 70 55 77 69 41 90 71 84 37 75 61 0 89 38 56 12 35 29 3 83 32 77 62 66 40 15 92 51 89 26 22 98 53 79 60 17 14 52 22 0 10 41 33 64 30 2 83 5 63 60 73 39 67 1 54 94 83 54 82 3 10 10
 33 0 85 31 93 26 38 2 47 63 7 73 0 56 47 42 96 93 2 97 25 59 21 13 1 47 2 45 78 1 63 31 53 32 9 65 86 3 47 56 17 82 8 24 41 76 3 15 71 22 45 8 90 1 86 9 12 78 73 31 96 46 3 12 60 46 95 89 45 40 67 22 35 44 95 80 22 93 27 88 95 30 87 23 89 11 57 49 97 89 26 39 40 54 95 16 87 40 68 57
 31 15 0 11 52 31 60 16 68 33 47 8 4 73 48 16 70 44 74 67 46 22 80 20 42 92 23 68 98 3 1 12 61 47 88 86 14 59 14 77 54 39 30 77 43 83 53 12 86 31 86 42 58 36 33 46 8 61 0 93 41 33 48 39 67 10 99 12 72 26 89 55 97 78 16 66 75 49 13 8 92 19 8 81 24 93 53 26 6 66 54 42 15 15 42 96 63 69 61 79
 16 69 89 0 43 9 94 14 36 99 49 13 46 15 40 21 58 9 99 44 44 28 71 51 70 45 97 29 16 80 46 83 26 16 52 23 31 58 2 82 29 79 50 95 32 72 72 14 65 39 92 40 53 60 98 41 48 69 51 70 51 98 91 95 11 33 63 31 6 74 90 81 23 71 30 48 74 81 42 65 15 84 22 48 10 44 71 6 23 25 69 31 49 42 20 51 52 46 50 29
 55 7 48 57 0 9 22 22 25 56 70 48 64 98 62 60 44 57 85 17 88 85 45 54 55 41 58 35 58 57 7 85 94 93 12 96 37 50 9 43 77 48 91 75 77 98 34 2 86 86 48 95 20 57 90 40 42 89 7 75 89 6 6 41 22 28 49 50 12 56 3 20 88 61 6 13 87 29 29 0 14 1 44 59 94 76 12 47 9 66 82 50 21 44 98 70 67 70 54 37
 57 74 69 91 91 0 73 21 98 74 7 2 75 36 55 1 15 6 23 79 69 24 65 52 29 99 66 40 57 19 60 66 92 91 26 72 84 29 75 63 82 83 38 14 72 62 25 67 53 31 42 48 18 56 10 15 30 30 2 66 49 16 84 32 45 0 1 22 0 62 56 60 15 73 10 58 93 27 35 24 87 50 16 49 75 77 0 60 10 94 12 3 76 63 95 25 33 1 41 94
 88 62 40 6 78 27 0 68 46 43 78 40 79 62 28 70 86 52 13 96 3 50 0 35 90 66 73 74 67 26 56 70 53 12 13 76 54 95 55 79 53 57 11 95 29 42 60 67 75 59 52 64 84 79 80 64 26 58 52 27 40 87 4 80 54 55 23 50 11 7 55 91 44 87 79 14 25 31 18 74 15 71 79 76 52 28 98 27 49 75 83 26 81 80 73 18 40 96 83 54
 59 98 84 86 78 79 32 0 31 60 14 78 18 27 61 89 19 95 44 84 43 51 20 4 45 61 42 35 67 99 4 58 70 82 91 71 69 48 28 17 1 65 99 54 67 30 88 38 46 94 28 84 87 58 67 37 63 53 46 21 79 19 63 39 63 18 25 73 11 94 3 61 95 85 72 18 53 33 2 87 33 58 46 86 98 58 5 74 25 96 39 64 35 66 94 66 25 77 23 61
 24 53 32 64 75 2 54 69 0 76 35 62 99 89 84 24 39 42 52 98 99 5 26 17 41 86 14 3 0 1 60 13 54 97 67 74 93 46 2 6 83 74 83 45 26 55 0 63 26 79 92 44 21 92 47 67 17 5 6 30 47 61 17 65 7 37 6 19 87 40 83 71 61 1 8 53 22 71 27 76 91 37 85 50 12 96 69 48 89 17 62 13 69 45 3 89 34 33 2 70
 18 37 67 1 44 26 57 40 24 0 0 34 91 83 22 87 77 72 78 54 88 18 66 67 56 42 19 3 60 83 30 67 10 8 8 96 41 50 98 11 81 20 67 99 58 37 70 5 46 96 51 77 87 19 71 54 22 43 41 49 22 75 94 59 20 32 28 9 16 13 41 2 86 46 49 88 32 76 93 34 37 11 23 25 80 24 24 26 45 71 4 6 45 97 98 82 80 29 66 45
 72 93 53 51 30 93 22 86 65 100 0 16 96 75 58 90 8 93 23 99 76 91 52 48 94 90 19 57 91 13 14 91 24 96 15 0 51 3 46 65 71 47 86 70 29 8 37 91 81 22 18 5 72 74 97 28 98 5 5 86 32 14 17 86 69 68 80 86 21 41 94 80 93 69 42 76 85 83 7 25 52 91 48 8 8 93 30 16 11 45 33 81 74 87 34 44 73 80 36 59
 40 27 92 87 52 98 60 22 38 66 84 0 50 8 25 38 71 48 53 95 56 45 0 8 2 57 18 40 30 29 5 80 86 29 87 47 95 61 65 6 45 84 10 97 57 56 28 2 52 82 77 59 13 90 85 71 35 95 55 38 64 81 25 78 80 77 24 74 69 18 33 4 59 39 38 8 74 75 15 10 48 46 37 25 0 98 77 41 6 69 74 2 84 35 5 17 17 26 94 85
 64 100 96 54 36 25 21 82 1 9 4 50 0 89 35 53 59 80 61 76 92 17 1 14 75 66 98 28 2 46 65 41 19 59 25 3 50 61 60 92 32 46 6 61 13 71 7 18 94 40 7 66 23 97 17 46 76 22 79 26 89 18 14 50 24 83 29 96 81 76 56 76 99 86 12 8 70 26 16 16 15 47 21 35 58 27 43 4 47 74 16 18 24 63 85 22 32 13 88 6
 1 44 27 85 2 64 38 73 11 17 25 92 11 0 17 81 68 96 25 78 93 2 52 22 59 82 63 4 86 2 24 37 18 46 52 65 88 24 33 28 41 14 80 0 8 67 59 83 58 51 20 89 86 45 43 44 86 98 84 55 17 99 66 32 54 17 66 45 10 96 19 29 7 28 37 97 47 95 14 46 57 4 21 32 79 35 6 92 22 86 63 79 67 89 71 61 44 0 38 94
 35 53 52 60 38 45 72 39 16 78 42 75 65 83 0 81 60 1 72 38 29 47 11 80 23 93 99 52 36 79 41 51 57 15 48 92 22 85 40 90 8 22 42 61 73 62 95 48 81 4 78 59 11 68 5 15 70 42 0 97 6 21 24 81 90 5 17 59 82 31 79 73 30 95 11 74 90 51 60 87 36 3 30 42 18 12 73 5 18 35 37 95 8 94 4 31 28 98 42 58
 73 58 84 79 40 99 30 11 76 13 10 62 47 19 19 0 81 45 78 68 4 55 13 56 75 68 33 61 0 31 52 31 76 26 6 12 40 87 42 45 19 92 33 74 52 30 82 37 52 94 32 32 56 4 74 9 11 61 91 63 47 41 69 80 27 28 91 38 38 78 98 49 97 60 40 30 1 97 53 74 96 81 27 61 57 2 30 11 66 45 51 58 66 37 47 17 41 94 74 20
 46 4 30 42 56 85 14 81 61 23 92 29 41 32 40 19 0 70 65 69 49 0 38 78 38 18 35 50 80 32 40 58 34 83 85 32 0 23 53 13 37 10 49 68 2 46 42 77 81 45 75 53 30 14 62 23 56 53 18 76 76 60 31 4 81 71 52 95 16 48 69 6 13 5 85 10 25 67 28 77 23 79 38 18 94 46 43 0 30 45 9 42 32 24 40 48 92 88 68 33
 86 7 56 91 43 94 48 5 58 28 7 52 20 4 99 55 30 0 51 92 81 85 23 96 87 90 71 64 59 92 24 1 52 94 53 68 77 87 26 67 63 74 60 76 74 84 25 70 37 44 39 12 33 43 60 54 37 13 47 67 32 70 41 79 77 72 40 44 44 24 46 76 56 90 85 43 94 22 22 32 47 87 24 73 68 35 59 33 11 99 60 21 24 34 76 86 25 12 71 28
 28 98 26 1 15 77 87 56 48 22 77 47 39 75 28 22 35 49 0 84 66 15 3 91 66 75 60 2 98 58 6 90 18 93 56 61 67 12 85 84 15 56 49 66 31 71 37 77 27 25 77 45 57 5 77 82 51 34 98 64 20 69 11 59 24 41 34 6 31 24 59 49 52 7 51 8 6 35 20 76 1 45 11 8 60 65 40 80 32 92 37 18 93 28 8 63 74 67 95 50
 78 3 33 56 83 21 4 16 2 46 1 5 24 22 62 32 31 8 16 0 53 45 32 16 98 84 35 24 25 48 53 44 90 47 5 88 17 42 84 2 81 87 60 22 36 90 17 18 7 66 83 1 31 13 66 87 13 85 33 58 91 52 40 43 93 5 80 59 24 60 65 3 17 13 41 88 90 9 6 44 47 74 83 66 90 30 84 99 96 99 9 3 65 77 18 52 36 17 96 39
 30 75 54 56 12 31 97 57 1 12 24 44 8 7 71 96 51 19 34 47 0 20 77 70 91 44 63 9 85 22 85 23 75 10 12 71 15 18 78 43 42 74 51 7 89 25 33 51 20 70 91 58 41 34 23 27 84 12 16 27 21 78 41 16 55 17 94 51 63 96 44 46 49 6 45 71 42 64 14 19 59 38 17 31 9 51 50 43 69 54 38 80 13 48 88 74 0 44 20 86
 56 41 78 72 15 76 50 49 95 82 9 55 83 98 53 45 100 15 85 55 80 0 99 99 56 75 86 79 49 83 69 29 76 94 22 81 85 20 20 96 24 30 3 42 55 48 72 66 22 15 83 11 87 43 33 9 69 74 43 2 56 63 89 80 20 60 86 16 3 43 60 24 50 52 56 57 9 57 64 14 80 87 57 2 15 97 41 54 28 93 36 22 4 44 82 67 45 52 91 64
 56 79 20 29 55 35 100 80 74 34 48 100 99 48 89 87 62 77 97 68 23 1 0 94 60 13 93 56 40 64 15 26 16 1 65 16 41 56 62 1 5 31 90 71 29 94 58 70 25 60 92 69 65 74 44 38 31 77 83 80 65 16 72 75 77 43 13 94 5 9 48 70 39 82 66 83 42 21 41 31 41 84 48 42 12 46 94 65 97 26 92 37 15 48 35 52 27 74 93 12
 36 87 80 49 46 48 65 96 83 33 52 92 86 78 20 44 22 4 9 84 30 1 6 0 2 35 75 84 90 56 50 59 57 94 6 9 73 22 65 68 8 51 79 21 67 51 22 17 85 28 91 93 96 88 65 70 83 75 38 97 36 17 83 81 26 28 75 72 34 5 7 22 33 37 34 78 93 4 15 4 68 33 91 20 69 86 63 73 42 1 32 19 23 23 54 39 27 56 67 66
 41 99 58 30 45 71 10 55 59 44 6 98 25 41 77 25 62 13 34 2 9 44 40 98 0 1 45 97 43 90 55 93 29 67 24 59 49 63 32 19 55 74 99 78 30 37 51 56 48 61 37 43 71 11 13 31 4 84 78 21 44 43 9 81 99 20 78 47 62 6 55 84 36 27 91 95 0 21 99 23 4 56 53 39 46 48 59 63 48 75 58 92 65 93 36 29 57 24 2 80
 68 53 8 55 59 1 34 39 14 58 10 43 34 18 7 32 82 10 25 16 56 25 87 65 99 0 23 29 99 77 59 15 62 13 12 14 30 83 40 48 98 17 95 61 92 90 24 50 86 62 42 78 55 50 65 41 70 67 42 38 16 65 50 7 56 48 9 28 22 15 66 19 37 86 62 64 67 48 10 99 55 89 83 4 83 95 1 39 48 27 10 7 36 64 41 0 97 51 32 17
 2 98 77 3 42 34 27 58 86 81 81 82 2 37 1 67 65 29 40 65 37 14 7 25 55 77 0 87 94 69 28 4 72 96 20 72 54 84 81 59 37 75 90 66 52 66 29 50 85 18 87 5 59 54 96 64 28 61 27 14 90 8 86 15 27 2 58 53 61 57 15 40 10 64 48 87 58 11 62 33 44 7 42 73 61 48 74 6 13 36 73 11 60 27 70 26 54 7 69 0
 73 55 32 71 65 60 26 65 97 97 43 60 72 96 48 39 50 36 98 76 91 21 44 16 3 71 13 0 80 69 62 36 58 35 68 55 75 26 5 65 45 7 69 90 29 91 5 73 2 40 49 54 6 17 12 65 57 3 80 78 99 35 42 39 72 60 69 40 60 61 19 69 23 38 52 20 62 94 36 73 64 12 96 89 30 20 77 28 12 85 43 61 18 26 2 17 54 98 71 2
 33 22 2 84 42 43 33 33 100 40 9 70 98 14 64 100 20 41 2 75 15 51 60 10 57 1 6 20 0 5 39 22 93 30 21 70 65 24 4 43 20 62 11 52 9 77 91 33 73 77 17 67 58 64 14 12 35 22 38 84 70 74 37 0 67 23 32 97 53 15 38 75 79 9 10 54 7 38 70 10 1 14 91 97 87 29 4 88 63 12 99 50 13 30 9 20 6 36 79 58
 41 99 97 20 43 81 74 1 99 17 87 71 54 98 21 69 68 8 42 52 78 17 36 44 10 23 31 31 95 0 59 88 35 58 83 24 99 92 81 86 11 75 48 71 21 34 72 75 21 9 81 64 40 83 79 80 95 95 22 44 55 85 87 85 79 51 19 92 87 61 95 18 27 48 44 50 19 85 93 1 51 81 23 95 89 67 91 72 86 47 58 64 95 89 53 24 32 99 53 39
 95 37 99 54 93 40 44 96 40 70 86 95 35 76 59 48 60 76 94 47 15 31 85 50 45 41 72 38 61 41 0 64 89 37 50 55 82 9 30 43 59 91 22 93 24 48 48 91 18 1 14 82 16 57 93 11 61 0 5 85 22 64 46 48 43 25 25 84 77 21 55 71 68 29 63 84 46 22 78 40 76 45 12 23 80 76 80 45 15 37 28 26 81 55 72 48 9 42 4 28
 9 69 88 17 15 34 30 42 87 33 9 20 59 63 49 69 42 99 10 56 77 71 74 41 7 85 96 64 78 12 36 0 36 29 60 36 87 23 95 78 14 82 86 28 30 35 51 82 30 33 17 34 0 18 18 93 69 55 91 0 34 64 72 0 94 72 95 52 73 6 80 69 69 19 51 51 87 55 7 92 9 93 76 57 26 90 60 20 34 7 8 67 88 1 96 6 89 57 45 65
 13 47 39 74 6 8 47 30 46 90 76 14 81 82 43 24 66 48 82 10 25 24 84 43 71 38 28 42 7 65 11 64 0 71 84 92 2 49 82 70 80 70 33 19 14 40 66 58 49 13 18 81 73 52 7 89 84 56 98 1 5 77 34 44 46 26 84 11 89 73 11 16 20 61 41 28 50 10 25 82 93 46 46 69 26 55 43 47 76 90 39 88 73 31 64 11 27 87 61 2
 82 68 53 84 7 9 88 18 3 92 4 71 41 54 85 74 17 6 7 53 90 6 99 6 33 87 4 65 70 42 63 71 29 0 61 85 20 93 85 35 73 64 21 74 42 95 99 34 5 86 57 43 20 13 56 22 62 13 57 90 71 65 1 18 69 69 75 32 20 14 98 45 35 99 60 8 41 26 49 96 13 36 22 51 11 0 54 93 68 43 53 9 0 23 37 92 8 38 67 87
 49 91 12 48 88 74 87 9 33 92 85 13 75 48 52 94 15 47 44 95 88 78 35 94 76 88 80 32 79 17 50 40 16 39 0 49 50 84 39 23 8 61 64 40 10 0 44 51 13 15 48 84 87 65 4 4 12 13 54 55 58 64 44 84 41 82 87 67 81 89 29 56 54 46 96 43 37 31 27 60 87 12 61 66 66 9 63 83 72 78 70 8 15 49 65 9 70 71 38 98
 45 35 14 77 4 28 24 29 26 4 100 53 97 35 8 88 68 32 39 12 29 19 84 91 41 86 28 45 30 76 45 64 8 15 51 0 51 32 29 90 61 63 83 11 88 85 45 25 45 21 18 33 94 1 31 13 22 26 48 44 91 73 44 89 84 93 74 25 57 25 50 22 28 37 44 85 33 69 2 21 74 3 2 2 6 24 34 51 2 78 76 33 81 49 61 14 35 25 50 66
 74 14 86 69 63 16 46 31 7 59 49 5 50 12 78 60 100 23 33 83 85 15 59 27 51 70 46 25 35 1 18 13 98 80 50 49 0 0 35 98 79 42 30 67 37 53 78 13 47 71 11 19 35 24 34 42 27 34 79 34 12 7 60 18 81 94 4 73 20 19 71 27 63 46 10 43 92 45 65 72 93 39 26 78 6 10 77 81 14 60 50 84 83 1 34 95 0 61 81 73
 82 97 41 42 50 71 5 52 54 50 97 39 39 76 15 13 77 13 88 58 82 80 44 78 37 17 16 74 76 8 91 77 51 7 16 68 100 0 16 42 73 82 8 64 55 36 42 8 50 11 8 12 29 69 23 56 72 50 38 59 13 43 44 93 81 19 63 14 72 46 79 20 19 8 34 43 17 57 88 72 40 30 57 39 5 41 48 67 24 24 78 94 28 63 66 68 36 2 5 24
 30 53 86 98 91 25 45 72 98 2 54 35 40 67 60 58 47 74 15 16 22 80 38 35 68 60 19 95 96 19 70 5 18 15 61 71 65 84 0 74 24 62 18 69 79 4 2 9 18 33 85 50 59 59 34 75 47 92 40 94 78 43 84 15 24 45 28 61 76 46 44 63 67 27 73 61 76 73 76 53 63 51 73 45 7 23 48 66 47 49 5 52 84 9 45 56 89 74 14 56
 45 44 23 18 57 37 21 83 94 89 35 94 8 72 10 55 87 33 16 98 57 4 99 32 81 52 41 35 57 14 57 22 30 65 77 10 2 58 26 0 15 47 57 95 30 22 65 12 17 99 27 56 38 72 44 94 29 49 91 59 22 63 61 65 37 27 43 82 39 64 93 59 74 90 50 13 93 85 35 77 49 18 53 65 49 42 16 85 34 78 52 75 63 32 10 39 1 70 28 12
 23 83 46 71 23 18 47 99 17 19 29 55 68 59 92 81 63 37 85 19 58 76 95 92 45 2 63 55 80 89 41 86 20 27 92 39 21 27 76 85 0 73 55 66 83 38 98 90 3 24 84 43 37 42 65 12 12 36 8 29 44 9 14 0 15 23 63 83 34 94 65 34 33 5 24 91 90 64 64 43 12 89 64 96 23 71 96 36 76 18 99 23 15 10 36 90 78 24 10 63
 31 18 61 21 52 17 43 35 26 80 53 16 54 86 78 8 90 26 44 13 26 70 69 49 26 83 25 93 38 25 9 18 30 36 39 37 58 18 38 53 27 0 81 71 94 51 80 25 51 45 97 94 52 41 79 89 18 61 48 53 82 3 33 2 87 50 21 75 3 55 11 14 77 52 87 84 43 17 73 31 69 23 85 16 32 94 15 48 5 23 37 67 53 92 54 91 55 69 17 16
 59 92 70 50 9 62 89 1 17 33 14 90 94 20 58 67 51 40 51 40 49 97 10 21 1 5 10 31 89 52 78 14 67 79 36 17 70 92 82 43 45 19 0 31 58 87 42 99 16 56 66 98 99 7 57 72 17 52 51 20 82 68 97 42 58 74 8 9 43 2 1 86 8 72 90 18 78 67 56 3 3 76 40 54 98 94 79 85 61 33 39 98 58 11 49 42 23 89 50 27
 10 76 23 5 25 86 5 46 55 1 30 3 39 100 39 26 32 24 34 78 93 58 29 79 22 39 34 10 48 29 7 72 81 26 60 89 33 36 31 5 34 29 69 0 54 72 60 73 80 1 39 23 35 65 20 33 68 23 35 24 21 65 18 70 0 23 91 71 99 85 18 23 4 60 15 3 40 13 17 19 94 32 19 82 87 75 83 34 6 20 4 57 95 39 15 82 66 13 90 22
 29 59 57 68 23 28 71 33 74 42 71 43 87 92 27 48 98 26 69 64 11 45 71 33 70 8 48 71 91 79 76 70 86 58 90 12 63 45 21 70 17 6 42 46 0 46 10 83 0 72 65 70 97 4 44 24 85 16 15 69 57 17 84 12 57 43 80 9 32 91 78 31 17 83 44 23 6 56 26 29 64 87 31 10 36 32 60 19 88 25 0 5 15 64 71 83 16 27 91 81
 16 24 17 28 2 38 58 70 45 63 92 44 29 33 38 70 54 16 29 10 75 52 6 49 63 10 34 9 23 66 52 65 60 5 100 15 47 64 96 78 62 49 13 28 54 0 47 45 20 95 6 66 91 46 14 5 60 58 40 48 91 32 85 98 75 75 68 89 15 36 27 22 46 68 79 60 71 24 29 88 50 68 57 42 78 51 32 89 10 89 6 79 78 17 10 97 65 38 85 37
 63 97 47 28 66 75 40 12 100 30 63 72 93 41 5 18 58 75 63 83 67 28 42 78 49 76 71 95 9 28 52 49 34 1 56 55 22 58 98 35 2 20 58 40 90 53 0 3 68 83 73 41 62 20 68 19 88 55 4 18 24 57 71 73 24 17 86 43 26 90 90 35 62 38 39 1 23 52 90 36 63 53 62 90 71 32 77 83 56 99 63 49 80 99 4 99 8 69 61 76
 25 85 88 86 98 33 33 62 37 95 9 98 82 17 52 63 23 30 23 82 49 34 30 83 44 50 50 27 67 25 9 18 42 66 49 75 87 92 91 88 10 75 1 27 17 55 97 0 38 86 51 19 56 2 62 9 71 25 18 48 30 83 98 42 51 40 26 1 32 80 55 7 72 95 79 33 87 76 95 23 14 62 57 73 16 81 61 87 94 60 9 6 19 38 73 72 2 99 15 60
 39 29 14 35 14 47 25 54 74 54 19 48 6 42 19 48 19 63 73 93 80 78 75 15 52 14 15 98 27 79 82 70 51 95 87 55 53 50 82 83 97 49 84 20 100 80 32 62 0 97 40 20 30 38 20 54 35 46 4 17 66 82 9 28 95 93 37 98 25 42 15 0 1 86 41 31 5 88 47 3 92 3 25 65 87 85 88 73 51 99 63 1 56 78 84 90 49 73 47 93
 100 78 69 61 14 69 41 6 21 4 78 18 60 49 96 6 55 56 75 34 30 85 40 72 39 38 82 60 23 91 99 67 87 14 85 79 29 89 67 1 76 55 44 99 28 5 17 14 3 0 17 31 32 69 43 81 30 2 89 27 98 37 12 0 91 42 93 39 61 0 83 15 26 78 3 95 40 90 55 63 86 88 55 84 1 8 5 67 63 17 70 0 49 91 73 71 78 54 50 70
 11 55 14 8 52 58 48 72 8 49 82 23 93 80 22 68 25 61 23 17 9 17 8 9 63 58 13 51 83 19 86 83 82 43 52 82 89 92 15 73 16 3 34 61 35 94 27 49 60 83 0 81 37 16 83 49 47 68 26 76 38 30 63 44 63 53 81 81 71 31 29 52 20 87 79 12 52 75 63 76 51 34 11 9 24 24 38 41 1 13 64 21 83 50 18 18 11 31 39 14
 62 92 58 60 5 52 36 16 56 23 95 41 34 11 41 68 47 88 55 99 42 89 31 7 57 22 95 46 33 36 18 66 19 57 16 67 81 88 50 44 57 6 2 77 30 34 59 81 80 69 19 0 95 26 60 9 95 89 62 37 7 62 35 51 73 65 69 39 99 53 56 90 32 81 98 35 35 81 16 8 48 45 87 15 31 27 16 25 40 87 62 17 42 19 50 64 47 29 19 67
 44 10 42 47 80 82 16 13 79 13 28 87 77 14 89 44 70 67 43 69 59 13 35 4 29 45 41 94 42 60 84 100 27 80 13 6 65 71 41 62 63 48 1 65 3 9 38 44 70 68 63 5 0 61 11 7 42 30 9 45 95 64 44 29 71 46 14 41 60 32 48 38 78 89 72 37 59 47 67 18 42 90 87 33 46 65 87 48 78 83 92 65 3 14 98 72 48 21 60 21
 88 99 64 40 43 44 21 42 8 81 26 10 3 55 32 96 86 57 95 87 66 57 26 12 89 50 46 83 36 17 43 82 48 87 35 99 76 31 41 28 58 59 93 35 96 54 80 98 62 31 84 74 39 0 1 43 21 12 99 8 37 26 31 8 13 22 78 39 49 71 55 8 3 11 91 11 65 45 67 25 40 32 5 82 35 22 65 46 38 36 0 34 18 66 48 91 91 74 82 80
 65 14 67 2 10 90 20 33 53 29 3 15 83 57 95 26 38 40 23 34 77 67 56 35 87 35 4 88 86 21 7 82 93 44 96 69 66 77 66 56 35 21 43 80 56 86 32 38 80 57 17 40 89 99 0 55 65 15 28 47 77 36 38 81 87 69 82 17 8 89 50 98 83 28 94 63 40 22 1 92 21 88 39 20 50 8 8 4 43 29 40 7 90 24 38 34 58 2 8 45
 71 91 54 59 60 85 36 63 33 46 72 29 54 56 85 91 77 46 18 13 73 91 62 30 69 59 36 35 88 20 89 7 11 78 96 87 58 44 25 6 88 11 28 67 76 95 81 91 46 19 51 91 93 57 45 0 39 64 31 76 3 95 50 38 36 61 15 24 19 16 87 42 48 53 60 95 12 75 93 5 97 84 1 86 1 86 40 91 28 79 21 67 57 19 54 89 66 37 39 15
 97 88 92 52 58 70 74 37 83 78 2 65 24 14 30 89 44 63 49 87 16 31 69 17 96 30 72 43 65 5 39 31 16 38 88 78 73 28 53 71 88 82 83 32 15 40 12 29 65 70 53 5 58 79 35 61 0 13 61 94 66 52 9 45 78 87 46 67 46 97 93 70 39 10 33 65 85 43 75 84 80 84 29 83 77 37 23 82 90 63 68 62 34 6 99 78 76 78 0 50
 17 22 39 31 11 70 42 47 95 57 95 5 78 2 58 39 47 87 66 15 88 26 23 25 16 33 39 97 78 5 100 45 44 87 87 74 66 50 8 51 64 39 48 77 84 42 45 75 54 98 32 11 70 88 85 36 87 0 59 93 18 26 86 96 1 16 1 68 10 58 67 42 24 25 61 59 83 89 51 79 72 75 61 91 35 60 97 25 44 82 31 67 88 54 58 62 37 3 89 4
 68 27 100 49 93 98 48 54 94 59 95 45 21 16 100 9 82 53 2 67 84 57 17 62 22 58 73 20 62 78 95 9 2 43 46 52 21 62 60 9 92 52 49 65 85 60 96 82 96 11 74 38 91 1 72 69 39 41 0 73 61 52 52 74 60 46 67 0 29 29 84 48 70 20 31 17 0 32 58 76 93 27 40 55 34 46 31 65 21 97 11 77 71 44 33 2 25 40 4 54
 23 69 7 30 25 34 73 79 70 51 14 62 74 45 3 37 24 33 36 42 73 98 20 3 79 62 86 22 16 56 15 100 99 10 45 56 66 41 6 41 71 47 80 76 31 52 82 52 83 73 24 63 55 92 53 24 6 7 27 0 40 99 36 14 30 73 59 50 87 21 14 46 16 91 5 47 36 0 77 20 86 12 95 30 95 65 74 48 0 67 21 79 72 81 18 51 19 89 57 0
 38 4 59 49 11 51 60 21 53 78 68 36 11 83 94 53 24 68 80 9 79 44 35 64 56 84 10 1 30 45 78 66 95 29 42 9 88 87 22 78 56 18 18 79 43 9 76 70 34 2 62 93 5 63 23 97 34 82 39 60 0 69 5 32 88 60 87 1 78 0 89 13 68 34 89 79 94 3 93 97 96 1 29 37 75 34 35 63 65 43 49 48 84 92 96 46 22 81 19 45
 34 54 67 2 94 84 13 81 39 25 86 19 82 1 79 59 40 30 31 48 22 37 84 83 57 35 92 65 26 15 36 36 23 35 36 27 93 57 57 37 91 97 32 35 83 68 43 17 18 63 70 38 36 74 64 5 48 74 48 1 31 0 64 85 97 63 21 18 11 52 79 9 78 15 60 69 68 10 1 89 60 22 61 6 8 19 84 8 84 12 13 62 1 57 83 51 89 66 14 95
 60 97 52 9 94 16 96 37 83 6 83 75 86 34 76 31 69 59 89 60 59 11 28 17 91 50 14 58 63 13 54 28 66 99 56 56 40 56 16 39 86 67 3 82 16 15 29 2 91 88 37 65 56 69 62 50 91 14 48 64 95 36 0 69 0 61 34 38 66 28 73 89 4 42 3 0 89 46 92 67 37 11 31 62 75 66 76 89 92 69 74 91 44 90 76 87 37 64 86 9
 85 88 61 5 59 68 20 61 35 41 14 22 50 68 19 20 96 21 41 57 84 20 25 19 19 93 85 61 100 15 52 100 56 82 16 11 82 7 85 35 100 98 58 30 88 2 27 58 72 100 56 49 71 92 19 62 55 4 26 86 68 15 31 0 7 73 74 24 47 23 51 20 58 50 90 4 61 68 18 51 62 77 62 39 57 13 22 35 1 17 81 22 65 16 41 60 73 42 81 80
 8 40 33 89 78 55 46 37 93 80 31 20 76 46 10 73 19 23 76 7 45 80 23 74 1 44 73 28 33 21 57 6 54 31 59 16 19 19 76 63 85 13 42 100 43 25 76 49 5 9 37 27 29 87 13 64 22 99 40 70 12 3 100 93 0 74 36 59 82 75 28 50 49 42 23 52 31 18 67 34 19 28 61 50 33 82 30 82 0 12 88 11 77 35 77 31 2 24 57 78
 49 54 90 67 72 100 45 82 63 68 32 23 17 83 95 72 29 28 59 95 83 40 57 72 80 52 98 40 77 49 75 28 74 31 18 7 6 81 55 73 77 50 26 77 57 25 83 60 7 58 47 35 54 78 31 39 13 84 54 27 40 37 39 27 26 0 37 54 39 12 50 31 8 38 68 33 16 36 66 79 20 46 31 27 75 23 20 79 97 33 59 62 75 56 94 91 83 97 28 8
 11 5 1 37 51 99 77 75 94 72 20 76 71 34 83 9 48 60 66 20 6 14 87 25 22 91 42 31 68 81 75 5 16 25 13 26 96 37 72 57 37 79 92 9 20 32 14 74 63 7 19 31 86 22 18 85 54 99 33 41 13 79 66 26 64 63 0 21 25 4 79 49 9 57 24 99 28 41 60 41 62 31 3 43 61 36 35 96 58 95 32 41 68 73 98 37 56 13 12 80
 74 11 88 69 50 78 50 27 81 91 14 26 4 55 41 62 5 56 94 41 49 84 6 28 53 72 47 60 3 8 16 48 89 68 33 75 27 86 39 18 17 25 91 29 91 11 57 99 2 61 19 61 59 61 83 76 33 32 100 50 99 82 62 76 41 46 79 0 5 45 26 2 87 3 49 42 41 48 89 69 47 31 76 66 72 79 83 48 73 96 34 52 37 41 49 27 6 98 42 25
 78 55 28 94 88 100 89 89 13 84 79 31 19 90 18 62 84 56 69 76 37 97 95 66 38 78 39 40 47 13 23 27 11 80 19 43 80 28 24 61 66 97 57 1 68 85 74 68 75 39 29 1 40 51 92 81 54 90 71 13 22 89 34 53 18 61 75 95 0 76 69 17 58 10 84 68 51 66 55 65 20 18 80 53 40 9 91 37 46 9 17 18 71 52 59 39 83 37 30 72
 2 60 74 26 44 38 93 6 60 87 59 82 24 4 69 22 52 76 76 40 4 57 91 95 94 85 43 39 85 39 79 94 27 86 11 75 81 54 54 36 6 45 98 15 9 64 10 20 58 100 69 47 68 29 11 84 3 42 71 79 100 48 72 77 25 88 96 55 24 0 14 29 2 45 9 35 34 76 60 68 78 95 44 5 62 66 3 71 80 50 83 64 0 25 45 83 96 43 36 64
 47 33 11 10 97 44 45 97 17 59 6 67 44 81 21 2 31 54 41 35 56 40 52 93 45 34 85 81 62 5 45 20 89 2 71 50 29 21 56 7 35 89 99 82 22 73 10 45 85 17 71 44 52 45 50 13 7 33 16 86 11 21 27 49 72 50 21 74 31 86 0 39 87 92 90 2 57 23 95 21 2 88 88 37 98 69 40 0 17 34 50 68 2 65 86 33 56 61 22 11
 21 78 45 19 80 40 9 39 29 98 20 96 24 71 27 51 94 24 51 97 54 76 30 78 16 81 60 31 25 82 29 31 84 55 44 78 73 80 37 41 66 86 14 77 69 78 65 93 100 85 48 10 62 92 2 58 30 58 52 54 87 91 11 80 50 69 51 98 83 71 61 0 97 38 45 56 32 88 2 64 89 39 43 92 33 44 14 78 22 16 7 45 67 96 49 40 24 53 75 78
 40 65 3 77 12 85 56 5 39 14 7 41 1 93 70 3 87 44 48 83 51 50 61 67 64 63 90 77 21 73 32 31 80 65 46 72 37 81 33 26 67 23 92 96 83 54 38 28 99 74 80 68 22 97 17 52 61 76 30 84 32 22 96 42 51 92 91 13 42 98 13 3 0 79 3 72 20 23 42 91 1 25 20 74 60 80 4 47 6 85 7 25 77 79 50 29 92 86 28 29
 83 56 22 29 39 27 13 15 99 54 31 61 14 72 5 40 95 10 93 87 94 48 18 63 73 14 36 62 91 52 71 81 39 1 54 63 54 92 73 10 95 48 28 40 17 32 62 5 14 22 13 19 11 89 72 47 90 75 80 9 66 85 58 50 58 62 43 97 90 55 8 62 21 0 21 31 53 66 80 25 88 16 28 91 22 66 37 3 12 43 6 14 23 65 42 92 29 97 77 1
 86 5 84 70 94 90 21 28 92 51 58 62 88 63 89 60 15 15 49 59 55 44 34 66 9 38 52 48 90 56 37 49 59 40 4 56 90 66 27 50 76 13 10 85 56 21 61 21 59 97 21 2 28 9 6 40 67 39 69 95 11 40 97 10 77 32 76 51 16 91 10 55 97 79 0 89 96 13 68 67 10 99 16 52 18 59 2 5 68 7 34 71 85 41 12 1 59 12 56 23
 48 20 34 52 87 42 86 82 47 12 24 92 92 3 26 70 90 57 92 12 29 43 17 22 5 36 13 80 46 50 16 49 72 92 57 15 57 57 39 87 9 16 82 97 77 40 99 67 69 5 88 65 63 89 37 5 35 41 83 53 21 31 100 96 48 67 1 58 32 65 98 44 28 69 11 0 57 60 45 84 53 65 27 24 77 70 79 76 68 72 63 56 94 3 85 41 16 47 62 84
 78 78 25 26 13 7 75 47 78 68 15 26 30 53 10 99 75 6 94 10 58 91 58 7 100 33 42 38 93 81 54 13 50 59 63 67 8 83 24 7 10 57 22 60 94 29 77 13 95 60 48 65 41 35 60 88 15 17 100 64 6 32 11 39 69 84 72 59 49 66 43 68 80 47 4 43 0 88 89 8 0 29 88 95 43 55 96 32 43 33 24 57 98 33 60 42 28 53 35 15
 100 7 51 19 71 73 69 67 29 24 17 25 74 5 49 3 33 78 65 91 36 43 79 96 79 52 89 6 62 15 78 45 90 74 69 31 55 43 27 15 36 83 33 87 44 76 48 24 12 10 25 19 53 55 78 25 57 11 68 100 97 90 54 32 82 64 59 52 34 24 77 12 77 34 87 40 12 0 76 1 37 73 48 36 24 53 21 26 71 80 18 72 49 0 74 10 33 99 50 87
 90 73 87 58 71 65 82 98 73 7 93 85 84 86 40 47 72 78 80 94 86 36 59 85 1 90 38 64 30 7 22 93 75 51 73 98 35 12 24 65 36 27 44 83 74 71 10 5 53 45 37 84 33 33 99 7 25 49 42 23 7 99 8 82 33 34 40 11 45 40 5 98 58 20 32 55 11 24 0 75 80 46 88 7 5 6 85 2 63 58 34 45 15 55 16 12 18 9 76 36
 59 12 92 35 100 76 26 13 24 66 75 90 84 54 13 26 23 68 24 56 81 86 69 96 77 1 67 27 90 99 60 8 18 4 40 79 28 28 47 23 57 69 97 81 71 12 64 77 97 37 24 92 82 75 8 95 16 21 24 80 3 11 33 49 66 21 59 31 35 32 79 36 9 75 33 16 92 99 25 0 63 57 24 79 34 0 76 86 44 44 5 76 29 52 84 28 24 45 50 25
 67 5 8 85 86 13 85 67 9 63 48 52 85 43 64 4 77 53 99 53 41 20 59 32 96 45 56 36 99 49 24 91 7 87 13 26 7 60 37 51 88 31 97 6 36 50 37 86 8 14 49 52 58 60 79 3 20 28 7 14 4 40 63 38 81 80 38 53 80 22 98 11 99 12 90 47 100 63 20 37 0 48 5 20 69 9 82 60 54 61 98 37 96 82 2 98 83 63 58 85
 36 70 81 16 99 50 29 42 63 89 9 54 53 96 97 19 21 13 55 26 62 13 16 67 44 11 93 88 86 19 55 7 54 64 88 97 61 70 49 82 11 77 24 68 13 32 47 38 97 12 66 55 10 68 12 16 16 25 73 88 99 78 89 23 72 54 69 69 82 5 12 61 75 84 1 35 71 27 54 43 52 0 38 92 1 55 49 5 71 26 63 30 1 69 87 71 6 43 55 63
 70 13 92 78 56 84 21 54 15 77 52 63 79 79 70 73 62 76 89 17 83 43 52 9 47 17 58 4 9 77 88 24 54 78 39 98 74 43 27 47 36 15 60 81 69 43 38 43 75 45 89 13 13 95 61 99 71 39 60 5 71 39 69 38 39 69 97 24 20 56 12 57 80 72 84 73 12 52 12 76 95 62 0 60 95 7 67 12 23 5 21 9 12 8 13 65 33 37 84 48
 98 77 19 52 41 51 24 14 50 75 92 75 65 68 58 39 82 27 92 34 69 98 58 80 61 96 27 11 3 5 77 43 31 49 34 98 22 61 55 35 4 84 46 18 90 58 10 27 35 16 91 85 67 18 80 14 17 9 45 70 63 94 38 61 50 73 57 34 47 95 63 8 26 9 48 76 5 64 93 21 80 8 40 0 5 12 12 17 83 18 49 21 14 36 5 19 99 31 9 55
 17 11 76 90 6 25 48 2 88 20 92 100 42 21 82 43 6 32 40 10 91 85 88 31 54 17 39 70 13 11 20 74 74 89 34 94 94 95 93 51 77 68 2 13 64 22 29 84 13 99 76 69 54 65 50 99 23 65 66 5 25 92 25 43 67 25 39 28 60 38 2 67 40 78 82 23 57 76 95 66 31 99 5 95 0 10 41 90 6 47 27 10 98 78 81 8 16 95 21 92
 95 89 7 56 24 23 72 42 4 76 7 2 73 65 88 98 54 65 35 70 49 3 54 14 52 5 52 80 71 33 24 10 45 100 91 76 90 59 77 58 29 6 6 25 68 49 68 19 15 92 76 73 35 78 92 14 63 40 54 35 66 81 34 87 18 77 64 21 91 34 31 56 20 34 41 30 45 47 94 100 91 45 93 88 90 0 29 21 88 49 97 67 43 40 67 25 32 56 68 71
 37 43 47 29 88 100 2 95 31 76 70 23 57 94 27 70 57 41 60 16 50 59 6 37 41 99 26 23 96 9 20 40 57 46 37 66 23 52 52 84 4 85 21 17 40 68 23 39 12 95 62 84 13 35 92 60 77 3 69 26 65 16 24 78 70 80 65 17 9 97 60 86 96 63 98 21 4 79 15 24 18 51 33 88 59 71 0 80 69 86 85 59 77 13 67 56 16 96 52 87
 40 51 74 94 53 40 73 26 52 74 84 59 96 8 95 89 100 67 20 1 57 46 35 27 37 61 94 72 12 28 55 80 53 7 17 49 19 33 34 15 64 52 15 66 81 11 17 13 27 33 59 75 52 54 96 9 18 75 35 52 37 92 11 65 18 21 4 52 63 29 100 22 53 97 95 24 68 74 98 14 40 95 88 83 10 79 20 0 61 84 11 35 2 25 10 83 97 10 29 71
 27 3 94 77 91 90 51 75 11 55 89 94 53 78 82 34 70 89 68 4 31 72 3 58 52 52 87 88 37 14 85 66 24 32 28 98 86 76 53 66 24 95 39 94 12 90 44 6 49 37 99 60 22 62 57 72 10 56 79 100 35 16 8 99 100 3 42 27 54 20 83 78 94 88 32 32 57 29 37 56 46 29 77 17 94 12 31 39 0 77 75 10 70 97 0 4 63 76 52 36
 61 11 34 75 34 6 25 4 83 29 55 31 26 14 65 55 55 1 8 1 46 7 74 99 25 73 64 15 88 53 63 93 10 57 22 22 40 76 51 22 82 77 67 80 75 11 1 40 1 83 87 13 17 64 71 21 37 18 3 33 57 88 31 83 88 67 5 4 91 50 66 84 15 57 93 28 67 20 42 56 39 74 95 82 53 51 14 16 23 0 68 59 19 94 27 86 86 93 98 49
 33 74 46 31 18 88 17 61 38 96 67 26 84 37 63 49 91 40 63 91 62 64 8 68 42 90 27 57 1 42 72 92 61 47 30 24 50 22 95 48 1 63 61 96 100 94 37 91 37 30 36 38 8 100 60 79 32 69 89 79 51 87 26 19 12 41 68 66 83 17 50 93 93 94 66 37 76 82 66 95 2 37 79 51 73 3 15 89 25 32 0 71 16 90 99 40 54 89 45 83
 99 61 58 69 50 97 74 36 87 94 19 98 82 21 5 42 58 79 82 97 20 78 63 81 8 93 89 39 50 36 74 33 12 91 92 67 16 6 48 25 77 33 2 43 95 21 51 94 99 100 79 83 35 66 93 33 38 33 23 21 52 38 9 78 89 38 59 48 82 36 32 55 75 86 29 44 43 28 55 24 63 70 91 79 90 33 41 65 90 41 29 0 14 54 24 64 0 58 1 90
 46 60 85 51 79 24 19 65 31 55 26 16 76 33 92 34 68 76 7 35 87 96 85 77 35 64 40 82 87 5 19 12 27 100 85 19 17 72 16 37 85 47 42 5 85 22 20 81 44 51 17 58 97 82 10 43 66 12 29 28 16 99 56 35 23 25 32 63 29 100 98 33 23 77 15 6 2 51 85 71 4 99 88 86 2 57 23 98 30 81 84 86 0 60 26 21 15 10 89 30
 6 46 85 58 56 37 20 34 55 3 13 65 37 11 6 63 76 66 72 23 52 56 52 77 7 36 73 74 70 11 45 99 69 77 51 51 99 37 91 68 90 8 89 61 36 83 1 62 22 9 50 81 86 34 76 81 94 46 56 19 8 43 10 84 65 44 27 59 48 75 35 4 21 35 59 97 67 100 45 48 18 31 92 64 22 60 87 75 3 6 10 46 40 0 85 77 22 51 67 97
 17 5 58 80 2 5 27 6 97 2 66 95 15 29 96 53 60 24 92 82 12 18 65 46 64 59 30 98 91 47 28 4 36 63 35 39 66 34 55 90 64 46 51 85 29 90 96 27 16 27 82 50 2 52 62 46 1 42 67 82 4 17 24 59 23 6 2 51 41 55 14 51 50 58 88 15 40 26 84 16 98 13 87 95 19 33 33 90 100 73 1 76 74 15 0 66 81 9 22 46
 46 84 4 49 30 75 82 34 11 18 56 83 78 39 69 83 52 14 37 48 26 33 48 61 71 100 74 83 80 76 52 94 89 8 91 86 5 32 44 61 10 9 58 18 17 3 1 28 10 29 82 36 28 9 66 11 22 38 98 49 54 49 13 40 69 9 63 73 61 17 67 60 71 8 99 59 58 90 88 72 2 29 35 81 92 75 44 17 96 14 60 36 79 23 34 0 19 75 17 6
 18 13 37 48 33 67 60 75 66 20 27 83 68 56 72 59 8 75 26 64 100 55 73 73 43 3 46 46 94 68 91 11 73 92 30 65 100 64 11 99 22 45 77 34 84 35 92 98 51 22 89 53 52 9 42 34 24 63 75 81 78 11 63 27 98 17 44 94 17 4 44 76 8 71 41 84 72 67 82 76 17 94 67 1 84 68 84 3 37 14 46 100 85 78 19 81 0 43 71 97
 97 60 31 54 30 99 4 23 67 71 20 74 87 100 2 6 12 88 33 83 56 48 26 44 76 49 93 2 64 1 58 43 13 62 29 75 39 98 26 30 76 31 11 87 73 62 31 1 27 46 69 71 79 26 98 63 22 97 60 11 19 34 36 58 76 3 87 2 63 57 39 47 14 3 88 53 47 1 91 55 37 57 63 69 5 44 4 90 24 7 11 42 90 49 91 25 57 0 26 9
 90 32 39 50 46 59 17 77 98 34 64 6 12 62 58 26 32 29 5 4 80 9 7 33 98 68 31 29 21 47 96 55 39 33 62 50 19 95 86 72 90 83 50 10 9 15 39 85 53 50 61 81 40 18 92 61 100 11 96 43 81 86 14 19 43 72 88 58 70 64 78 25 72 23 44 38 65 50 24 50 42 45 16 91 79 32 48 71 48 2 55 99 11 33 78 83 29 74 0 36
 90 43 21 71 63 6 46 39 30 55 41 15 94 6 42 80 67 72 50 61 14 36 88 34 20 83 100 98 42 61 72 35 98 13 2 34 27 76 44 88 37 84 73 78 19 63 24 40 7 30 86 33 79 20 55 85 50 96 46 100 55 5 91 20 22 92 20 75 28 36 89 22 71 99 77 16 85 13 64 75 15 37 52 45 8 29 13 29 64 51 17 10 70 3 54 94 3 91 64 0
