50

 0 58 40 21 31 92 67 64 6 86 53 90 60 49 92 91 27 94 27 52 20 48 95 41 81 27 30 69 27 12 4 30 75 42 84 52 89 47 87 44 71 14 35 93 61 10 96 92 74 14
 13 0 79 42 25 33 63 44 76 79 85 99 13 20 89 37 14 87 0 55 19 83 55 85 24 0 75 83 28 32 95 96 77 93 71 0 4 75 88 50 49 96 97 14 7 69 38 53 42 46
 40 77 0 49 98 93 93 81 45 80 78 2 74 94 39 68 60 59 80 31 80 6 11 86 57 80 1 61 87 55 82 79 85 74 61 3 23 3 43 18 16 44 11 93 5 74 71 15 48 66
 93 85 15 0 94 6 98 93 76 61 88 49 74 76 1 72 63 53 79 22 19 55 80 3 18 37 39 88 19 80 60 85 90 0 51 45 28 63 82 68 7 58 20 73 13 67 20 79 2 72
 28 8 28 33 0 72 82 42 63 20 85 94 29 31 63 19 31 30 17 44 14 89 62 26 80 89 18 76 51 77 84 5 15 54 58 71 63 45 97 67 55 44 14 21 76 87 91 39 86 2
 15 5 69 31 47 0 13 87 17 82 21 79 6 54 69 62 41 50 58 44 79 55 85 46 65 93 73 79 99 81 56 34 67 15 41 71 19 45 26 86 85 22 51 56 58 38 48 34 75 98
 18 11 21 28 73 76 0 63 51 43 19 31 64 26 17 64 3 37 52 52 83 20 89 86 59 57 19 67 28 71 46 89 47 48 55 73 47 55 90 93 10 94 46 54 77 85 51 74 43 18
 61 71 95 92 61 95 20 0 26 7 50 69 91 23 52 2 95 69 10 9 67 4 51 15 8 82 44 27 17 37 97 20 97 51 59 50 6 50 87 97 73 34 66 17 17 7 23 43 69 65
 15 34 6 1 46 46 58 41 0 30 58 89 41 25 69 27 30 45 43 9 23 70 53 37 35 2 12 26 54 22 21 60 39 41 8 77 13 62 35 2 37 38 36 58 47 76 3 39 97 10
 95 28 81 14 99 83 52 61 55 0 74 36 84 1 24 65 68 86 8 97 16 16 74 14 67 14 7 26 99 53 81 72 37 73 33 90 59 96 0 3 78 2 4 30 47 0 78 24 63 68
 63 19 56 99 80 67 88 21 37 59 0 57 27 42 39 56 71 89 49 84 15 19 14 2 65 3 79 47 42 58 55 59 99 16 73 93 24 90 65 74 27 1 56 13 4 38 29 12 87 78
 78 12 70 12 25 38 39 72 18 47 46 0 48 58 37 35 20 51 89 59 38 0 9 75 59 18 32 15 58 8 47 89 5 46 87 28 7 86 63 16 20 40 1 73 33 55 83 39 33 66
 7 72 17 28 92 70 13 55 36 54 69 82 0 12 48 67 2 95 61 29 26 76 20 82 48 23 75 41 70 13 60 33 12 63 12 95 5 51 64 99 97 64 1 25 29 67 4 89 86 6
 66 99 62 57 57 31 54 85 98 35 51 78 37 0 79 75 77 50 47 81 19 69 97 39 19 57 99 40 75 5 41 20 16 44 73 33 6 47 68 49 24 6 93 21 40 96 96 43 99 92
 71 82 57 83 0 99 26 70 2 90 64 31 26 28 0 43 4 94 38 55 92 9 21 61 86 7 13 53 94 28 3 11 27 46 26 78 42 33 40 18 36 80 66 9 2 19 6 20 57 63
 29 35 78 54 52 43 41 4 7 86 80 1 19 14 49 0 31 37 87 72 35 73 71 50 65 34 53 15 94 98 49 42 0 66 45 52 91 28 46 40 79 60 68 8 20 51 53 61 75 24
 96 13 45 65 47 85 40 6 69 88 67 32 39 92 80 52 0 43 39 85 42 77 63 77 5 87 69 34 65 15 94 24 9 46 80 44 68 13 75 33 86 52 30 94 60 75 16 77 17 1
 4 57 20 37 23 99 44 12 44 73 3 89 94 92 69 25 17 0 7 77 78 66 92 88 32 43 30 55 37 36 78 7 10 8 75 7 68 9 58 89 92 55 75 50 8 58 80 87 74 10
 30 60 58 73 50 29 59 23 46 34 42 64 62 26 0 6 78 93 0 64 18 19 28 6 5 19 37 22 60 32 9 4 6 84 2 43 92 87 15 26 6 28 11 2 25 31 88 32 13 79
 57 27 57 28 78 38 52 55 32 97 55 53 23 16 62 62 20 62 14 0 26 50 54 10 68 67 60 36 48 27 54 86 31 4 69 25 61 75 17 43 37 42 91 80 19 27 47 80 34 79
 80 44 38 89 73 41 75 40 81 43 58 69 30 23 9 48 63 60 68 65 0 85 80 72 71 61 85 17 86 63 70 60 14 57 9 13 64 21 13 91 80 84 36 34 71 98 59 18 48 36
 19 2 39 91 40 62 51 43 38 51 59 60 97 39 95 18 12 78 77 75 85 0 58 19 24 95 29 41 46 32 80 25 84 95 80 78 74 97 59 75 59 59 43 1 14 91 2 15 79 97
 10 59 7 98 9 34 19 30 21 14 31 95 52 79 19 46 45 88 48 42 86 15 0 47 39 47 34 42 86 29 50 25 17 45 36 72 36 1 31 31 63 17 9 85 27 96 70 1 60 9
 80 79 68 50 89 51 70 88 34 82 59 12 65 91 25 3 41 1 25 97 73 17 20 0 79 82 34 90 87 2 91 31 49 53 19 34 78 76 88 96 54 33 37 37 70 62 47 26 71 7
 57 55 48 41 9 58 99 81 14 17 26 99 78 25 43 4 46 93 93 27 17 53 80 2 0 76 38 43 22 98 17 88 87 72 64 30 83 60 19 40 41 2 60 52 44 17 48 14 4 10
 49 1 88 49 96 55 31 2 57 93 24 44 57 81 43 27 69 9 92 97 57 73 27 10 18 0 53 39 10 27 93 11 85 3 10 40 23 2 48 25 61 75 91 94 93 63 11 79 3 85
 74 47 5 16 77 95 32 31 24 60 18 31 84 25 75 71 51 35 75 56 77 59 52 80 24 80 0 87 10 45 47 59 11 35 78 67 79 80 29 30 88 30 46 94 86 35 3 66 68 11
 62 95 92 6 35 51 55 73 11 44 77 53 97 19 78 59 87 44 51 74 57 14 10 44 8 41 43 0 42 10 32 9 73 22 83 3 12 47 69 25 6 5 10 76 32 96 10 99 89 51
 7 47 35 52 87 57 61 43 13 55 41 83 64 2 83 28 74 16 37 95 4 68 1 92 2 71 55 56 0 59 53 84 2 99 90 42 52 82 75 86 92 76 39 71 47 96 81 62 40 86
 30 26 38 27 8 20 38 43 62 56 36 48 23 63 73 5 47 98 10 75 26 97 40 6 2 20 64 57 1 0 16 8 60 72 0 76 35 76 85 75 97 94 84 79 5 73 95 28 29 42
 20 93 51 14 93 11 50 52 81 38 48 46 68 6 2 26 51 3 99 16 78 2 36 14 72 77 64 89 97 4 0 48 20 44 40 43 21 90 58 10 83 20 39 41 20 49 89 84 1 2
 43 2 62 64 49 29 37 59 95 61 6 20 27 97 91 27 84 29 32 97 45 29 76 65 38 49 5 5 43 59 70 0 47 35 72 72 24 1 43 88 19 66 66 98 71 7 66 44 33 36
 47 4 6 27 17 21 64 40 55 27 15 58 7 82 75 95 72 0 97 29 37 18 58 11 94 48 95 37 53 54 35 4 0 85 96 8 88 31 29 3 33 1 73 5 93 80 61 91 92 12
 58 47 73 24 90 26 2 34 83 20 48 22 27 39 51 76 59 64 49 51 71 67 40 41 42 46 25 28 84 74 44 88 96 0 67 63 95 59 37 46 50 76 35 97 26 48 47 60 70 1
 97 21 58 91 28 95 43 14 39 74 60 76 8 59 62 74 45 18 23 3 50 25 87 59 41 90 55 62 61 57 65 70 78 15 0 48 98 60 81 48 81 82 56 10 54 71 45 34 10 93
 54 62 96 89 5 26 98 22 93 94 70 73 92 61 62 21 35 40 16 29 11 22 69 87 81 15 44 21 15 31 70 17 51 24 94 0 63 36 14 84 94 50 68 95 28 21 16 94 53 42
 66 20 78 96 53 84 82 98 62 5 4 98 68 20 59 64 1 51 81 4 50 72 70 96 14 19 62 65 0 2 34 64 18 0 8 45 0 8 83 17 12 39 53 68 25 86 0 77 8 31
 38 64 31 95 64 75 54 59 78 66 47 48 95 41 38 21 11 9 39 78 13 61 17 14 53 81 72 15 41 25 69 14 7 25 34 55 84 0 73 26 45 97 74 69 23 44 51 78 32 7
 88 30 15 18 54 34 95 11 42 12 0 1 83 23 21 13 87 70 43 73 7 35 78 38 40 46 19 28 90 86 42 60 89 32 53 69 20 48 0 84 52 64 34 32 47 1 60 26 1 83
 13 42 7 92 25 10 82 31 15 12 19 98 4 39 91 47 45 52 86 99 6 42 39 47 64 21 35 67 36 80 5 92 71 23 14 9 75 57 96 0 88 34 96 45 38 1 93 69 0 17
 17 29 51 83 99 76 48 23 1 95 78 37 84 72 51 88 74 90 89 20 85 99 73 68 59 78 23 0 47 50 63 9 12 67 49 80 96 63 41 91 0 91 48 1 57 16 18 41 92 14
 27 33 23 40 13 77 40 49 83 91 94 46 1 38 28 26 2 21 57 40 80 9 36 99 13 1 4 7 40 95 30 63 23 46 91 34 85 0 80 6 59 0 53 73 31 17 5 54 75 3
 59 69 22 3 98 28 47 0 88 96 3 67 2 9 88 29 35 96 58 80 73 44 1 0 77 2 40 3 44 93 14 17 95 94 54 44 67 54 63 84 98 5 0 72 55 54 60 18 37 63
 56 94 75 85 45 13 22 27 28 91 89 23 89 20 98 84 8 69 36 58 17 2 51 7 97 59 48 90 75 2 48 13 24 75 45 67 92 66 41 5 71 38 73 0 96 45 7 20 80 72
 55 27 99 42 83 15 26 21 26 19 57 99 9 90 68 51 18 13 52 46 85 4 21 77 77 81 27 73 8 37 15 0 55 65 45 82 79 77 89 15 61 76 50 35 0 19 24 86 46 10
 76 26 57 49 62 83 11 87 48 49 78 80 10 74 56 5 90 45 30 79 61 55 88 57 5 77 66 82 70 28 2 84 81 34 11 82 55 74 44 24 85 61 79 16 5 0 43 23 58 69
 79 71 58 7 25 1 9 99 94 98 39 88 31 20 62 39 71 56 63 38 35 13 70 13 8 63 27 59 46 34 20 1 29 18 62 81 80 26 73 21 61 15 82 37 49 74 0 53 8 59
 17 74 89 61 96 67 32 66 64 38 24 75 22 85 85 35 28 82 49 66 88 57 84 3 46 62 85 92 95 50 7 95 57 65 94 8 44 41 80 46 80 39 35 30 64 24 90 0 28 36
 92 94 65 65 54 47 15 54 69 60 59 92 17 53 67 40 5 82 40 23 82 17 44 85 27 53 96 61 51 83 58 59 11 58 57 10 24 28 41 25 58 24 12 30 33 3 73 20 0 90
 15 40 35 30 20 92 62 93 66 51 17 85 38 95 0 44 54 54 52 65 65 24 47 54 61 85 11 91 12 65 86 99 74 64 90 94 11 72 15 72 71 66 11 76 11 81 42 16 53 0
