20

 0 60 46 30 85 46 99 11 73 42 35 24 75 67 5 9 47 72 13 3
 32 0 50 94 33 54 11 60 32 74 40 2 8 59 45 76 43 22 86 97
 95 95 0 36 73 51 3 24 78 44 52 26 33 88 52 74 72 60 84 9
 98 35 12 0 93 92 1 35 80 64 79 57 63 56 33 82 47 18 57 98
 66 59 21 45 0 93 93 82 75 10 3 68 45 66 69 10 79 38 67 25
 82 27 51 6 2 0 16 10 37 88 59 30 74 36 7 35 65 77 57 55
 79 23 31 93 56 3 0 65 56 91 72 66 87 34 98 90 79 79 15 48
 33 43 18 21 13 44 33 0 66 89 2 63 4 23 89 61 20 90 41 42
 91 31 74 61 53 68 6 82 0 17 10 66 58 43 30 49 37 7 44 71
 32 3 17 28 65 28 93 30 72 0 48 49 35 13 64 82 51 61 0 92
 26 27 30 43 95 97 36 96 47 75 0 28 40 23 45 19 2 51 6 16
 80 99 32 39 43 38 79 24 92 20 55 0 11 13 65 95 49 10 84 49
 34 48 77 3 93 40 26 38 4 81 69 55 0 22 74 50 93 26 44 53
 22 56 86 38 32 57 89 71 86 10 16 72 18 0 5 30 82 68 88 27
 72 91 30 15 49 65 43 58 79 68 26 79 7 48 0 72 40 47 89 91
 40 40 54 33 49 27 87 36 63 74 90 52 61 47 6 0 84 9 94 62
 57 11 12 76 76 53 64 49 38 47 34 35 37 10 81 66 0 59 75 76
 6 55 84 59 17 82 55 73 66 48 14 40 2 23 98 51 48 0 64 70
 20 48 79 62 34 10 54 15 40 61 29 6 36 46 37 45 61 38 0 64
 85 19 17 13 91 75 71 72 31 82 65 99 3 12 32 54 6 75 1 0
