50

 0 37 86 27 94 82 27 49 45 31 48 68 8 86 66 82 23 54 92 54 72 16 92 47 85 55 67 16 13 81 24 4 44 22 40 3 9 71 69 73 18 91 77 82 49 68 25 68 6 22
 63 0 86 88 42 13 13 80 26 0 41 4 77 70 81 39 33 6 85 77 70 58 84 73 76 53 65 18 84 61 19 89 64 11 42 38 51 24 21 51 28 9 83 90 3 69 47 16 0 38
 14 14 0 37 11 69 46 35 7 20 13 98 62 0 9 48 62 36 13 42 59 49 91 31 48 12 40 24 10 94 39 46 36 42 3 37 47 47 6 45 17 98 33 40 66 61 8 98 30 11
 73 12 63 0 54 24 76 99 90 21 96 13 48 19 94 1 20 27 99 30 59 31 35 58 84 35 65 34 77 15 20 37 80 38 87 20 68 4 17 66 31 41 49 55 46 6 0 6 44 53
 6 58 89 46 0 80 48 22 29 90 91 17 94 1 56 75 25 79 21 18 3 50 92 0 85 70 26 22 79 34 33 9 23 99 35 80 83 81 3 44 92 0 70 49 15 28 38 5 33 60
 18 87 31 76 20 0 13 67 92 26 9 66 39 18 32 16 64 72 77 29 49 13 97 88 58 12 81 23 12 56 31 46 71 73 17 33 25 55 78 87 32 28 32 68 28 28 32 71 96 53
 73 87 54 24 52 87 0 86 62 93 45 49 87 12 57 71 6 47 41 85 81 45 72 55 35 37 8 68 41 82 91 34 98 4 11 69 79 16 23 86 94 30 10 63 59 78 63 9 2 93
 51 20 65 1 78 33 14 0 38 5 40 77 74 40 48 55 84 62 68 83 64 2 25 88 97 59 71 57 98 14 60 80 24 8 34 50 54 48 19 26 85 54 32 12 57 30 2 91 22 26
 55 74 93 10 71 8 38 62 0 90 41 82 70 59 9 26 84 91 68 31 35 6 23 34 98 66 86 13 88 76 55 18 10 48 89 73 61 92 69 82 60 29 31 43 50 27 49 92 75 49
 69 100 80 79 10 74 7 95 10 0 68 54 57 1 95 38 25 2 79 97 22 81 0 7 27 83 75 27 93 10 75 74 68 20 38 3 70 27 59 65 75 82 72 28 12 53 3 21 33 98
 52 59 87 4 9 91 55 60 59 32 0 60 21 89 89 16 17 22 16 25 52 67 45 65 6 43 25 19 97 44 59 64 91 50 36 77 56 22 2 97 23 10 55 9 8 81 31 14 57 78
 32 96 2 87 83 34 51 23 18 46 40 0 49 63 38 50 38 30 95 36 43 53 8 46 38 33 59 7 41 12 7 6 45 11 80 33 75 4 48 30 21 41 36 82 91 5 11 85 94 91
 92 23 38 52 6 61 13 26 30 43 79 51 0 21 38 84 30 70 7 33 57 30 19 13 12 41 0 25 9 29 80 86 42 27 38 38 22 6 50 53 51 47 85 37 17 49 86 10 78 19
 14 30 100 81 99 82 88 60 41 99 11 37 79 0 96 39 15 20 47 19 4 8 59 27 66 63 30 28 91 81 76 95 41 88 18 64 9 8 53 78 44 43 36 52 74 56 34 19 96 39
 34 19 91 6 44 68 43 52 91 5 11 62 62 4 0 15 8 65 62 4 2 48 93 26 72 13 25 94 21 22 44 55 59 77 20 12 14 89 57 80 38 27 0 80 63 10 45 76 11 99
 18 61 52 99 25 84 29 45 74 62 84 50 16 61 85 0 60 68 25 53 56 11 79 43 40 6 22 44 36 13 94 49 65 76 59 62 54 92 10 8 66 16 55 94 19 18 76 90 50 84
 77 67 38 80 75 36 94 16 16 75 83 62 70 85 92 40 0 29 27 44 85 64 45 95 78 91 95 10 75 40 34 35 51 51 41 92 20 48 61 45 47 20 95 61 32 98 47 28 60 45
 46 94 64 73 21 28 53 38 9 98 78 70 30 80 35 32 71 0 2 47 45 71 79 67 81 7 82 37 71 55 58 14 38 34 39 30 10 48 55 82 45 88 64 29 93 91 56 7 8 97
 8 15 87 1 79 23 59 32 32 21 84 5 93 53 38 75 73 98 0 2 23 97 95 53 90 15 10 1 10 85 28 95 54 12 42 9 41 10 67 30 74 56 42 45 85 54 14 82 38 27
 46 23 58 70 82 71 15 17 69 3 75 64 67 81 96 47 56 53 98 0 98 91 67 74 65 23 28 13 4 34 45 20 61 71 89 79 9 15 27 33 26 73 40 17 87 17 95 68 76 58
 28 30 41 41 97 51 19 36 65 78 48 57 43 96 98 44 15 55 77 2 0 8 13 87 14 48 76 34 36 93 54 10 31 12 3 28 52 97 21 14 68 4 12 0 16 74 39 76 70 55
 84 42 51 69 50 87 55 98 94 19 33 47 70 92 52 89 36 29 3 9 92 0 47 22 81 11 73 89 69 61 44 97 16 42 75 40 26 49 36 13 66 63 17 83 99 58 55 2 76 89
 8 16 9 65 8 3 28 75 77 100 55 92 81 41 7 21 55 21 5 33 87 53 0 18 56 53 56 87 59 68 91 58 30 20 22 83 21 82 61 48 58 12 2 7 39 51 18 41 69 51
 53 27 69 42 100 12 45 12 66 93 35 54 87 73 74 57 5 33 47 26 13 78 82 0 48 37 5 37 9 67 5 62 94 69 10 33 54 88 76 8 64 79 37 92 80 77 23 74 81 54
 15 24 52 16 15 42 65 3 2 73 94 62 88 34 28 60 22 19 10 35 86 19 44 52 0 91 77 72 91 38 31 76 7 39 24 82 55 65 53 41 72 99 72 66 36 66 74 85 0 46
 45 47 88 65 30 88 63 41 34 17 57 67 59 37 87 94 9 93 85 77 52 89 47 63 9 0 86 67 97 76 35 12 86 2 80 76 26 74 54 59 94 19 4 96 89 55 20 8 53 44
 33 35 60 35 74 19 92 29 14 25 75 41 100 70 75 78 5 18 90 72 24 27 44 95 23 14 0 35 35 45 7 87 33 99 34 52 36 22 46 62 63 98 32 27 46 2 65 8 8 53
 84 82 76 66 78 77 32 43 87 73 81 93 75 72 6 56 90 63 99 87 66 11 13 63 28 33 65 0 4 44 16 41 53 7 58 37 22 20 40 36 74 74 56 40 43 83 3 52 71 12
 87 16 90 23 21 88 59 2 12 7 3 59 91 9 79 64 25 29 90 96 64 31 41 91 9 3 65 96 0 60 44 46 25 60 67 22 3 90 11 71 90 64 26 34 96 34 72 71 85 44
 19 39 6 85 66 44 18 86 24 90 56 88 71 19 78 87 60 45 15 66 7 39 32 33 62 24 55 56 40 0 78 42 60 11 46 57 79 46 49 17 96 6 16 89 27 97 96 28 25 36
 76 81 61 80 67 69 9 40 45 25 41 93 20 24 56 6 66 42 72 55 46 56 9 95 69 65 93 84 56 22 0 48 13 26 44 64 78 84 58 65 75 49 71 2 73 18 33 81 10 85
 96 11 54 63 91 54 66 20 82 26 36 94 14 5 45 51 65 86 5 80 90 3 42 38 24 88 13 59 54 58 52 0 67 76 92 75 98 29 4 28 4 15 61 37 74 50 15 92 44 65
 56 36 64 20 77 29 2 76 90 32 9 55 58 59 41 35 49 62 46 39 69 84 70 6 93 14 67 47 75 40 87 33 0 81 40 35 71 65 22 46 85 26 30 83 40 51 54 44 16 20
 78 89 58 62 1 27 96 92 52 80 50 89 73 12 23 24 49 66 88 29 88 58 80 31 61 98 1 93 40 89 74 24 19 0 29 31 2 73 83 47 13 27 77 89 29 3 35 90 15 51
 60 58 97 13 65 83 89 66 11 62 64 20 62 82 80 41 59 61 58 11 97 25 78 90 76 20 66 42 33 54 56 8 60 71 0 31 74 91 47 93 58 6 98 92 67 32 45 3 43 59
 97 62 63 80 20 67 31 50 27 97 23 67 62 36 88 38 8 70 91 21 72 60 17 67 18 24 48 63 78 43 36 25 65 69 69 0 59 84 1 42 22 64 17 82 74 16 62 21 65 8
 91 49 53 32 17 75 21 46 39 30 44 25 78 91 86 46 80 90 59 91 48 74 79 46 45 74 64 78 97 21 22 2 29 98 26 41 0 15 93 95 31 88 11 82 73 38 15 15 56 77
 29 76 53 96 19 45 84 52 8 73 78 96 94 92 11 8 52 52 90 85 3 51 18 12 35 26 78 80 10 54 16 71 35 27 9 16 85 0 45 11 70 83 38 60 40 9 66 50 99 35
 31 79 94 83 97 22 77 81 31 41 98 52 50 47 43 90 39 45 33 73 79 64 39 24 47 46 54 60 89 51 42 96 78 17 53 99 7 55 0 1 81 95 99 63 3 14 81 96 97 16
 27 49 55 34 56 13 14 74 18 35 3 70 47 22 20 92 55 18 70 67 86 87 52 92 59 41 38 64 29 83 35 72 54 53 7 58 5 89 99 0 36 25 90 55 93 59 2 45 42 92
 82 72 83 69 8 68 6 15 40 25 77 79 49 56 62 34 53 55 26 74 32 34 42 36 28 6 37 26 10 4 25 96 15 87 42 78 69 30 19 64 0 5 57 43 43 60 86 36 98 41
 9 91 2 59 100 72 70 46 71 18 90 59 53 57 73 84 80 12 44 27 96 37 88 21 1 81 2 26 36 94 51 85 74 73 94 36 12 17 5 75 95 0 37 21 76 79 74 89 15 69
 23 17 67 51 30 68 90 68 69 28 45 64 15 64 100 45 5 36 58 60 88 83 98 63 28 96 68 44 74 84 29 39 70 23 2 83 89 62 1 10 43 63 0 25 20 8 48 0 87 64
 18 10 60 45 51 32 37 88 57 72 91 18 63 48 20 6 39 71 55 83 100 17 93 8 34 4 73 60 66 11 98 63 17 11 8 18 18 40 37 45 57 79 75 0 96 71 62 52 49 91
 51 97 34 54 85 72 41 43 50 88 92 9 83 26 37 81 68 7 15 13 84 1 61 20 64 11 54 57 4 73 27 26 60 71 33 26 27 60 97 7 57 24 80 4 0 77 38 29 67 82
 32 31 39 94 72 72 22 70 73 47 19 95 51 44 90 82 2 9 46 83 26 42 49 23 34 45 98 17 66 3 82 50 49 97 68 84 62 91 86 41 40 21 92 29 23 0 8 53 32 12
 75 53 92 100 62 68 37 98 51 97 69 89 14 66 55 24 53 44 86 5 61 45 82 77 26 80 35 97 28 4 67 85 46 65 55 38 85 34 19 98 14 26 52 38 62 92 0 74 72 89
 32 84 2 94 95 29 91 9 8 79 86 15 90 81 24 10 72 93 18 32 24 98 59 26 15 92 92 48 29 72 19 8 56 10 97 79 85 50 4 55 64 11 100 48 71 47 26 0 39 22
 94 100 70 56 67 4 98 78 25 67 43 6 22 4 89 50 40 92 62 24 30 24 31 19 100 47 92 29 15 75 90 56 84 85 57 35 44 1 3 58 2 85 13 51 33 68 28 61 0 18
 78 62 89 47 40 47 7 74 51 2 22 9 81 61 1 16 55 3 73 42 45 11 49 46 54 56 47 88 56 64 15 35 80 49 41 92 23 65 84 8 59 31 36 9 18 88 11 78 82 0
