100

 0 35 44 73 18 73 52 95 58 25 0 27 21 92 94 72 40 3 34 60 40 7 37 1 7 26 25 89 26 88 92 26 17 69 65 54 91 11 19 40 58 28 23 70 40 46 87 39 55 66 19 85 63 5 53 77 75 33 94 21 54 40 94 67 45 35 67 6 91 49 35 67 82 5 75 25 85 60 28 74 92 9 15 0 66 94 76 70 1 48 72 26 12 69 65 20 84 56 32 14
 65 0 40 61 59 83 79 55 45 12 44 33 30 53 22 13 17 19 10 18 13 86 57 54 65 59 38 60 28 1 76 36 56 55 60 30 53 9 41 79 3 41 99 79 2 92 21 15 43 64 19 80 7 54 76 82 63 64 58 6 41 69 79 72 34 88 76 99 55 73 78 87 47 87 54 85 62 85 34 29 33 38 1 45 34 81 55 63 25 37 4 80 57 52 87 4 4 65 37 62
 56 60 0 85 30 29 60 33 17 35 82 43 5 57 24 21 58 92 84 79 76 87 72 11 33 60 35 80 58 77 76 89 14 76 22 22 61 89 18 26 56 99 87 60 49 26 9 15 84 58 38 6 35 84 81 66 52 87 86 35 5 87 35 2 81 50 53 47 38 95 98 81 19 71 77 90 26 52 49 89 42 14 87 74 17 65 36 0 44 66 53 62 53 14 99 31 86 96 54 49
 27 39 15 0 83 54 77 94 9 1 37 28 63 7 16 45 29 92 35 75 24 72 92 21 14 39 68 32 93 70 85 3 43 69 5 53 37 45 4 0 49 24 31 27 72 17 73 84 59 6 89 62 29 73 43 25 39 77 97 62 38 98 1 84 47 25 22 0 62 90 83 54 74 87 32 31 41 69 54 68 19 17 21 61 93 15 85 79 62 45 51 24 49 7 7 82 56 66 54 78
 82 41 70 17 0 87 33 65 83 47 25 50 83 10 85 80 79 7 64 43 52 13 81 14 9 86 40 83 98 23 42 96 49 34 23 72 49 2 80 1 41 48 68 14 6 53 48 41 20 71 4 78 63 10 17 60 38 72 23 8 39 52 19 77 21 63 62 51 8 9 76 79 6 75 57 83 48 73 48 5 94 98 37 39 6 22 80 20 25 16 97 45 48 4 10 88 44 40 93 48
 27 17 71 46 13 0 12 29 89 65 28 2 93 94 74 50 47 19 50 62 44 74 12 12 41 45 83 7 7 90 20 94 42 84 11 7 79 70 2 16 44 30 36 92 3 13 91 28 90 18 73 50 90 9 50 98 28 48 26 38 66 38 33 8 5 32 93 91 16 8 52 43 89 52 12 82 67 82 7 33 96 52 59 38 18 58 95 53 25 8 98 5 82 61 89 6 5 25 26 92
 48 21 40 23 67 88 0 92 4 48 88 56 79 63 92 74 82 4 58 25 21 73 60 57 86 59 72 54 57 99 39 70 62 17 7 32 22 94 48 20 32 38 9 82 84 94 93 48 86 22 3 50 47 8 76 98 94 10 45 74 9 67 75 68 96 80 70 53 68 13 4 33 78 73 42 41 69 98 75 91 19 63 76 23 12 5 88 78 28 19 40 30 61 43 96 99 78 37 6 77
 5 45 67 6 35 71 8 0 72 68 77 46 3 50 60 47 11 78 97 13 60 87 39 45 68 11 94 49 96 13 67 32 38 4 42 82 46 71 92 21 66 19 95 42 51 57 42 51 10 19 78 70 4 80 57 13 73 67 76 58 5 52 9 42 77 82 29 22 0 71 74 1 67 29 9 94 70 63 47 46 53 53 24 63 72 48 61 95 53 81 61 95 37 12 96 90 71 92 16 53
 42 55 83 91 17 11 96 28 0 95 78 4 96 53 88 50 58 30 7 3 93 74 65 90 71 11 31 62 62 99 14 88 10 38 22 98 63 9 20 30 35 29 77 36 72 37 71 39 42 90 0 88 47 41 20 90 75 69 92 1 84 99 83 93 50 56 18 30 68 79 14 96 61 10 8 1 34 62 13 23 56 43 13 29 82 79 12 63 66 25 84 21 19 24 94 58 13 74 64 90
 75 88 65 99 53 35 52 32 5 0 89 6 40 0 91 29 62 42 47 36 14 36 7 32 13 37 22 89 24 16 35 17 99 48 65 34 51 96 33 29 99 40 14 89 27 84 28 64 74 65 72 60 76 80 90 78 33 74 76 81 14 63 31 89 99 70 64 95 98 12 44 0 76 89 19 82 59 12 37 85 71 35 31 97 30 78 84 56 78 27 12 5 82 8 83 85 71 66 44 40
 100 56 18 63 75 72 12 23 22 11 0 32 4 81 8 81 32 80 33 72 42 96 12 70 39 49 95 64 65 69 88 89 89 39 66 25 80 42 5 63 99 38 1 69 81 68 54 62 48 68 6 29 94 13 78 5 83 0 64 99 36 68 39 20 80 21 21 57 27 30 49 32 37 81 37 48 38 81 40 88 46 11 4 90 63 33 63 88 95 3 53 5 47 61 39 22 13 30 82 82
 73 67 57 72 50 98 44 54 96 94 68 0 91 79 81 51 48 26 29 80 49 11 28 94 21 86 69 81 44 40 53 49 89 87 26 74 31 74 91 27 8 61 50 51 69 82 43 18 79 48 65 63 67 89 85 41 0 43 34 99 45 74 28 30 46 53 60 44 13 96 2 88 26 82 92 90 54 69 33 89 65 60 8 58 52 78 8 35 68 27 69 54 92 60 55 63 81 66 61 52
 79 70 95 37 17 7 21 97 4 60 96 9 0 77 12 5 93 7 15 70 51 68 27 68 10 82 55 47 53 98 35 82 69 67 84 11 18 72 82 71 30 13 25 55 6 87 91 20 47 71 70 61 33 94 47 3 68 60 49 37 92 47 54 8 40 48 91 97 73 25 14 90 69 13 64 2 76 34 42 33 47 79 24 85 28 44 43 95 60 70 86 84 9 84 21 71 73 13 42 60
 8 47 43 93 90 6 37 50 47 100 19 21 23 0 12 30 26 14 93 81 32 40 83 65 93 22 16 31 75 33 62 41 79 88 84 97 69 12 67 97 51 65 54 96 45 16 9 42 24 39 21 30 92 83 24 53 2 6 92 0 39 4 3 5 59 42 95 28 56 90 20 41 51 90 46 33 91 83 64 27 20 74 47 15 64 86 9 41 88 44 44 2 21 82 67 13 83 18 59 50
 6 78 76 84 15 26 8 40 12 9 92 19 88 88 0 81 25 72 34 1 31 36 49 56 4 99 59 75 62 12 60 62 39 27 1 18 99 8 92 56 43 22 47 40 83 47 27 82 51 86 78 88 56 82 79 94 78 98 38 36 60 85 15 51 79 96 94 42 55 90 32 11 4 12 0 99 96 92 23 56 29 90 62 50 52 52 41 42 45 15 36 32 30 24 24 21 20 79 48 34
 28 87 79 55 20 50 26 53 50 71 19 49 95 70 19 0 63 39 17 33 11 2 65 39 7 59 49 97 96 83 48 85 22 53 6 94 76 28 22 31 37 95 81 37 52 46 81 69 36 30 24 61 48 36 59 72 61 85 34 96 19 44 6 51 9 8 86 43 3 60 43 94 7 27 24 10 23 77 40 88 22 28 81 60 37 48 9 7 35 5 68 30 55 50 13 40 59 82 32 89
 60 83 42 71 21 53 18 89 42 38 68 52 7 74 75 37 0 47 81 75 97 6 49 31 24 8 27 27 85 25 11 78 8 4 80 81 80 94 0 53 5 65 25 70 47 43 44 73 65 11 80 87 33 71 70 73 5 58 98 8 61 63 69 87 42 24 51 62 37 15 91 74 93 78 75 42 91 51 68 66 57 23 11 87 71 1 9 72 30 3 21 28 35 28 96 24 89 38 37 82
 97 81 8 8 93 81 96 22 70 58 20 74 93 86 28 61 53 0 16 73 59 19 24 66 78 51 5 79 4 10 82 93 54 46 50 97 52 37 45 37 22 96 50 92 36 4 68 0 23 85 22 0 92 2 50 75 42 93 9 69 12 76 10 78 49 97 49 13 8 32 40 83 44 67 83 18 38 96 81 87 36 78 5 20 32 74 71 27 19 82 40 92 26 41 37 56 69 27 3 86
 66 90 16 65 36 50 42 3 93 53 67 71 85 7 66 83 19 84 0 29 60 81 29 3 72 24 72 73 2 1 4 40 2 72 90 12 36 75 97 11 67 27 97 28 38 74 52 16 69 87 53 81 41 42 52 60 47 36 80 3 81 88 59 42 62 17 38 86 78 64 98 79 33 51 24 16 81 68 47 47 48 35 52 24 28 45 11 33 60 16 24 84 93 69 3 11 32 96 88 91
 40 82 21 25 57 38 75 87 97 64 28 20 30 19 99 67 25 27 71 0 48 97 85 35 37 0 3 8 40 74 2 13 33 55 4 38 59 75 8 54 65 23 40 46 92 66 67 71 24 46 46 27 40 35 69 32 42 9 31 23 92 23 82 60 19 41 19 72 37 84 30 23 99 6 95 52 88 77 50 84 97 9 41 6 67 84 33 74 19 5 70 23 44 2 63 61 96 76 89 49
 60 87 24 76 48 56 79 40 7 86 58 51 49 68 69 89 3 41 40 52 0 24 89 3 62 80 81 59 23 16 76 7 20 91 62 57 84 46 24 83 77 63 64 70 54 60 66 95 89 15 22 70 48 47 37 55 9 42 42 42 8 7 71 99 24 76 42 32 30 20 60 62 17 58 33 63 21 14 4 6 79 91 48 35 37 94 67 33 67 28 60 72 31 94 88 54 44 43 14 57
 93 14 13 28 87 26 27 13 26 64 4 89 32 60 64 98 94 81 19 3 76 0 8 85 69 48 64 65 26 56 93 22 7 52 96 46 48 85 47 34 28 58 99 72 13 4 10 9 32 68 85 83 45 44 85 4 53 60 34 71 10 90 92 98 68 1 49 46 15 74 37 73 69 68 89 88 11 68 68 25 68 13 40 67 31 75 17 73 59 90 58 99 11 76 57 17 63 0 93 29
 63 43 28 8 19 88 40 61 35 93 88 72 73 17 51 35 51 76 71 15 11 92 0 18 48 63 36 33 58 74 69 65 10 84 19 59 89 72 82 55 81 55 87 62 93 20 12 39 61 63 94 22 0 78 80 0 35 30 39 85 99 55 16 56 18 58 84 68 83 33 82 25 83 1 25 4 19 37 20 52 48 99 59 99 48 66 4 7 67 10 90 84 84 29 65 17 70 46 51 78
 99 46 89 79 86 88 43 55 10 68 30 6 32 35 44 61 69 34 97 65 97 15 82 0 72 16 57 32 98 92 98 41 22 94 4 52 37 97 88 46 40 26 6 27 93 47 31 71 60 86 34 81 36 46 45 21 85 8 92 70 30 1 33 78 40 19 31 77 74 91 42 64 25 76 80 97 17 76 77 74 24 71 77 28 36 14 22 21 61 89 54 17 16 10 88 14 57 47 83 86
 93 35 67 86 91 59 14 32 29 87 61 79 90 7 96 93 76 22 28 63 38 31 52 28 0 91 57 11 29 39 30 94 18 26 90 92 36 67 51 36 43 70 50 73 6 54 31 69 90 56 36 10 16 72 96 71 89 84 86 93 35 12 28 6 60 76 91 39 88 73 89 0 95 56 51 76 39 35 4 77 12 15 47 28 13 81 36 29 90 94 76 72 89 21 84 29 36 33 98 3
 74 41 40 61 14 55 41 89 89 63 51 14 18 78 1 41 92 49 76 100 20 52 37 84 9 0 46 55 23 29 74 90 62 99 33 8 75 11 50 60 20 1 4 84 13 71 55 67 16 28 23 53 16 96 56 95 0 62 46 90 85 71 74 76 70 27 8 54 68 44 2 54 10 46 50 8 30 39 68 11 58 37 47 24 35 33 87 92 75 37 99 26 63 36 74 74 38 16 51 73
 75 62 65 32 60 17 28 6 69 78 5 31 45 84 41 51 73 95 28 97 19 36 64 43 43 54 0 69 60 99 56 95 51 11 40 77 33 40 63 96 69 90 28 35 85 56 92 86 78 45 5 66 83 85 93 97 21 57 20 99 53 76 7 76 56 5 75 10 48 56 77 38 96 30 9 71 5 58 6 6 52 31 80 88 62 75 40 24 76 49 17 70 59 64 70 93 65 5 73 2
 11 40 20 68 17 93 46 51 38 11 36 19 53 69 25 3 73 21 27 92 41 35 67 68 89 45 31 0 14 97 2 43 37 51 77 80 12 85 71 5 35 43 2 57 21 64 26 16 21 42 49 8 44 22 82 28 2 10 81 51 40 80 43 66 68 37 62 16 88 37 83 69 22 77 18 25 82 54 45 78 10 28 11 8 91 6 43 29 21 8 38 43 80 84 84 98 75 28 26 48
 74 72 42 7 2 93 43 4 38 76 35 56 47 25 38 4 15 96 98 60 77 74 42 2 71 77 40 86 0 97 36 29 37 11 87 13 81 15 6 35 17 32 86 95 64 43 12 3 93 25 61 33 89 86 21 7 90 57 38 68 41 81 65 88 42 15 7 85 85 52 0 37 91 78 28 53 19 98 23 50 15 30 27 88 4 91 3 14 72 93 62 75 9 59 13 29 56 92 9 45
 12 99 23 30 77 10 1 87 1 84 31 60 2 67 88 17 75 90 99 26 84 44 26 8 61 71 1 3 3 0 30 42 85 9 11 87 93 64 17 60 59 10 29 56 82 34 10 77 21 17 50 67 19 29 16 2 93 69 87 33 96 27 93 65 62 47 56 86 18 22 32 86 61 78 72 95 61 51 61 4 66 66 83 92 27 65 85 13 75 20 55 56 87 33 99 93 15 14 20 98
 8 24 24 15 58 80 61 33 86 65 12 47 65 38 40 52 89 18 96 98 24 7 31 2 70 26 44 98 64 70 0 20 89 34 56 74 21 8 43 81 42 76 78 17 85 38 47 61 93 84 33 2 2 40 84 42 83 96 80 98 21 22 56 46 62 56 75 69 60 91 51 42 84 24 56 21 14 14 96 12 4 24 68 94 54 19 68 74 51 43 5 3 21 53 84 42 83 49 22 47
 74 64 11 97 4 6 30 68 12 83 11 51 18 59 38 15 22 7 60 87 93 78 35 59 6 10 5 57 71 58 80 0 8 38 80 29 27 99 64 84 59 47 36 78 82 10 66 8 91 25 12 49 75 79 94 22 86 10 50 53 51 8 7 15 17 47 5 70 92 72 77 94 49 10 66 65 94 83 11 37 32 68 80 84 36 20 87 57 88 90 2 81 29 25 75 92 59 35 72 1
 83 44 86 57 51 58 38 62 90 1 11 11 31 21 61 78 92 46 98 67 80 93 90 78 82 38 49 63 63 15 11 92 0 57 0 98 87 63 58 37 74 90 59 58 33 32 82 62 34 76 58 71 79 30 33 34 22 65 98 58 32 83 46 58 48 28 6 29 84 66 36 75 54 49 24 23 80 71 41 29 21 70 87 93 36 91 16 58 33 42 56 50 53 48 48 1 26 62 36 59
 31 45 24 31 66 16 83 96 62 52 61 13 33 12 73 47 96 54 28 45 9 48 16 6 74 1 89 49 89 91 66 62 43 0 79 50 87 65 49 21 11 70 0 5 18 71 63 36 66 64 58 72 30 0 76 66 10 23 46 71 71 13 95 86 59 29 43 88 58 11 62 12 46 10 23 23 38 27 82 32 66 39 37 89 54 53 86 69 97 47 75 0 10 38 89 94 15 71 98 75
 35 40 78 95 77 89 93 58 78 35 34 74 16 16 99 94 20 50 10 96 38 4 81 96 10 67 60 23 13 89 44 20 100 21 0 21 27 42 30 81 16 24 63 6 99 50 62 28 14 57 11 6 16 64 83 46 92 70 84 72 9 57 8 54 42 85 48 47 20 56 91 99 69 61 51 9 65 75 36 14 33 84 98 0 87 22 53 79 47 80 48 81 19 2 29 60 57 19 17 96
 46 70 78 47 28 93 68 18 2 66 75 26 89 3 82 6 19 3 88 62 43 54 41 48 8 92 23 20 87 13 26 71 2 50 79 0 64 73 88 93 47 87 52 77 30 63 58 22 79 33 48 31 26 1 49 34 6 34 86 29 44 1 59 51 31 57 81 76 95 19 73 99 10 34 46 53 36 75 68 69 36 46 40 21 52 71 74 92 43 17 22 99 2 51 59 97 67 22 48 16
 9 47 39 63 51 21 78 54 37 49 20 69 82 31 1 24 20 48 64 41 16 52 11 63 64 25 67 88 19 7 79 73 13 13 73 36 0 10 43 87 43 83 30 1 7 60 72 3 76 27 30 63 60 75 9 35 8 23 40 63 18 28 13 59 83 48 22 83 55 25 95 33 17 45 68 97 67 52 88 78 91 76 17 25 49 54 63 14 52 2 76 82 65 27 87 96 2 28 44 59
 89 91 11 55 98 30 6 29 91 4 58 26 28 88 92 72 6 63 25 25 54 15 28 3 33 89 60 15 85 36 92 1 37 35 58 27 90 0 15 55 73 69 1 30 67 50 16 25 9 3 35 42 71 93 25 73 67 25 91 2 99 54 37 20 77 35 27 37 11 16 3 71 16 12 74 92 13 27 63 85 57 43 97 8 88 98 97 23 87 21 41 72 48 31 97 80 96 49 24 96
 81 59 82 96 20 98 52 8 80 67 95 9 18 33 8 78 100 55 3 92 76 53 18 12 49 50 37 29 94 83 57 36 42 51 70 12 57 85 0 91 49 77 67 23 35 16 70 65 96 29 3 29 49 24 4 83 13 31 47 97 10 38 81 43 60 33 99 34 21 39 8 36 26 9 0 82 39 58 1 73 37 20 26 31 36 3 34 79 60 10 4 89 4 55 47 49 55 36 62 6
 60 21 74 100 99 84 80 79 70 71 37 73 29 3 44 69 47 63 89 46 17 66 45 54 64 40 4 95 65 40 19 16 63 79 19 7 13 45 9 0 43 38 69 0 75 87 77 67 9 62 97 74 91 1 89 46 77 47 63 10 52 44 68 44 59 94 20 95 0 62 62 46 54 80 47 96 77 0 63 24 12 52 28 77 10 44 40 66 49 64 20 66 43 1 54 81 32 75 37 87
 42 97 44 51 59 56 68 34 65 1 1 92 70 49 57 63 95 78 33 35 23 72 19 60 57 80 31 65 83 41 58 41 26 89 84 53 57 27 51 57 0 32 36 68 74 90 48 80 0 63 47 3 74 99 62 13 81 61 3 37 67 80 21 94 76 45 74 46 3 76 17 87 22 36 5 45 96 17 48 35 33 62 42 5 12 6 6 57 26 53 20 13 75 1 66 91 42 57 39 55
 72 59 1 76 52 70 62 81 71 60 62 39 87 35 78 5 35 4 73 77 37 42 45 74 30 99 10 57 68 90 24 53 10 30 76 13 17 31 23 62 68 0 35 93 76 94 17 36 80 29 61 15 30 99 37 78 26 94 38 91 17 61 71 98 59 77 61 80 51 60 56 6 11 3 50 34 41 71 2 19 17 65 41 12 15 58 83 21 43 21 1 78 0 54 72 74 60 72 3 18
 77 1 13 69 32 64 91 5 23 86 99 50 75 46 53 19 75 50 3 60 36 1 13 94 50 96 72 98 14 71 22 64 41 100 37 48 70 99 33 31 64 65 0 74 81 75 35 47 37 32 54 38 85 22 14 86 45 49 6 85 36 52 90 42 25 34 86 84 69 89 65 89 48 44 74 20 35 11 7 21 69 12 63 93 51 26 2 0 79 64 97 30 39 67 25 53 50 1 32 77
 30 21 40 73 86 8 18 58 64 11 31 49 45 4 60 63 30 8 72 54 30 28 38 73 27 16 65 43 5 44 83 22 42 95 94 23 99 70 77 100 32 7 26 0 58 29 11 16 67 82 78 11 62 81 26 82 50 54 34 56 10 52 98 17 93 47 27 27 17 16 60 7 85 94 64 12 63 32 89 80 3 40 7 67 57 67 75 5 26 54 67 95 83 15 65 87 7 90 74 11
 60 98 51 28 94 97 16 49 28 73 19 31 94 55 17 48 53 64 62 8 46 87 7 7 94 87 15 79 36 18 15 18 67 82 1 70 93 33 65 25 26 24 19 42 0 94 88 99 27 83 74 79 98 4 84 75 53 92 10 37 46 95 70 67 68 30 47 49 20 98 65 14 84 30 51 86 90 22 51 96 94 43 62 73 33 62 24 89 57 53 54 45 40 28 77 50 2 29 83 78
 54 8 74 83 47 87 6 43 63 16 32 18 13 84 53 54 57 96 26 34 40 96 80 53 46 29 44 36 57 66 62 90 68 29 50 37 40 50 84 13 10 6 25 71 6 0 97 42 64 26 88 43 10 66 95 38 49 65 31 99 71 20 78 48 8 36 98 18 2 74 85 10 91 79 79 14 96 63 23 84 39 94 32 25 46 87 58 29 5 47 68 92 75 9 45 41 35 17 50 69
 13 79 91 27 52 9 7 58 29 72 46 57 9 91 73 19 56 32 48 33 34 90 88 69 69 45 8 74 88 90 53 34 18 37 38 42 28 84 30 23 52 83 65 89 12 3 0 4 22 73 20 47 81 79 28 76 70 81 91 28 1 9 98 51 0 27 21 88 7 46 54 92 66 43 46 28 3 94 88 1 97 30 91 95 11 64 92 60 58 22 64 36 44 10 84 23 6 88 62 63
 61 85 85 16 59 72 52 49 61 36 38 82 80 58 18 31 27 100 84 29 5 91 61 29 31 33 14 84 97 23 39 92 38 64 72 78 97 75 35 33 20 64 53 84 1 58 96 0 33 41 43 97 63 7 28 23 41 88 13 1 51 5 15 66 91 29 34 96 89 57 31 32 45 63 91 11 22 59 33 38 14 30 1 12 0 63 37 29 79 35 75 35 61 5 17 74 28 89 31 4
 45 57 16 41 80 10 14 90 58 26 52 21 53 76 49 64 35 77 31 76 11 68 39 40 10 84 22 79 7 79 7 9 66 34 86 21 24 91 4 91 100 20 63 33 73 36 78 67 0 92 4 70 2 58 56 25 41 59 42 92 41 71 94 51 97 99 82 91 43 36 13 9 54 36 1 3 94 27 5 28 28 37 3 12 8 37 28 29 75 84 31 55 80 75 49 60 21 28 69 91
 34 36 42 94 29 82 78 81 10 35 32 52 29 61 14 70 89 15 13 54 85 32 37 14 44 72 55 58 75 83 16 75 24 36 43 67 73 97 71 38 37 71 68 18 17 74 27 59 8 0 29 55 33 97 40 12 62 41 12 59 38 81 45 35 91 74 0 10 70 47 80 78 3 33 62 31 96 9 18 28 3 3 19 52 26 9 29 99 30 71 12 90 79 55 99 69 58 83 9 27
 81 81 62 11 96 27 97 22 100 28 94 35 30 79 22 76 20 78 47 54 78 15 6 66 64 77 95 51 39 50 67 88 42 42 89 52 70 65 97 3 53 39 46 22 26 12 80 57 96 71 0 19 93 13 99 11 87 59 53 35 91 56 59 71 99 22 46 66 4 97 64 69 85 7 40 66 23 23 42 26 21 63 90 8 43 76 70 48 40 33 65 87 5 72 31 93 58 29 93 39
 15 20 94 38 22 50 50 30 12 40 71 37 39 70 12 39 13 100 19 73 30 17 78 19 90 47 34 92 67 33 98 51 29 28 94 69 37 58 71 26 97 85 62 89 21 57 53 3 30 45 81 0 2 90 51 14 45 70 71 77 98 83 64 29 86 12 45 90 83 89 1 27 63 90 22 61 30 21 69 7 42 74 4 57 8 22 66 11 4 58 40 64 81 25 44 49 50 69 55 42
 37 93 65 71 37 10 53 96 53 24 6 33 67 8 44 52 67 8 59 60 52 55 100 64 84 84 17 56 11 81 98 25 21 70 84 74 40 29 51 9 26 70 15 38 2 90 19 37 98 67 7 98 0 88 19 50 87 14 22 22 2 14 4 81 86 5 10 60 97 13 57 36 54 29 86 70 87 77 45 48 67 55 88 37 55 74 85 8 27 27 86 32 56 27 78 56 74 74 37 61
 95 46 16 27 90 91 92 20 59 20 87 11 6 17 18 64 29 98 58 65 53 56 22 54 28 4 15 78 14 71 60 21 70 100 36 99 25 7 76 99 1 1 78 19 96 34 21 93 42 3 87 10 12 0 98 21 46 45 94 37 7 14 26 23 85 34 61 51 61 60 10 36 80 38 81 62 23 68 62 96 82 63 2 45 17 64 73 32 9 73 46 26 72 30 59 44 90 16 12 47
 47 24 19 57 83 50 24 43 80 10 22 15 53 76 21 41 30 50 48 31 63 15 20 55 4 44 7 18 79 84 16 6 67 24 17 51 91 75 96 11 38 63 86 74 16 5 72 72 44 60 1 49 81 2 0 69 58 73 61 50 69 53 18 73 40 54 4 7 71 99 31 79 49 27 29 45 76 22 63 48 25 25 26 39 46 77 80 21 33 0 76 55 68 72 37 15 90 63 8 30
 23 18 34 75 40 2 2 87 10 22 95 59 97 47 6 28 27 25 40 68 45 96 100 79 29 5 3 72 93 98 58 78 66 34 54 66 65 27 17 54 87 22 14 18 25 62 24 77 75 88 89 86 50 79 31 0 78 99 31 71 1 19 37 57 66 11 48 89 84 93 79 88 48 97 4 34 91 19 0 65 72 64 35 23 47 92 47 64 65 74 91 16 60 16 20 65 4 7 85 95
 25 37 48 61 62 72 6 27 25 67 17 100 32 98 22 39 95 58 53 58 91 47 65 15 11 100 79 98 10 7 17 14 78 90 8 94 92 33 87 23 19 74 55 50 47 51 30 59 59 38 13 55 13 54 42 22 0 16 55 81 53 32 10 0 2 89 68 44 53 47 2 4 20 20 66 18 41 41 80 80 64 48 68 27 2 30 37 94 19 8 58 38 66 26 70 30 64 59 9 49
 67 36 13 23 28 52 90 33 31 26 100 57 40 94 2 15 42 7 64 91 58 40 70 92 16 38 43 90 43 31 4 90 35 77 30 66 77 75 69 53 39 6 51 46 8 35 19 12 41 59 41 30 86 55 27 1 84 0 8 77 67 69 53 97 53 64 96 91 53 96 79 18 88 27 81 17 22 11 98 45 19 14 91 23 40 76 72 90 43 65 63 1 31 61 52 86 42 33 71 2
 6 42 14 3 77 74 55 24 8 24 36 66 51 8 62 66 2 91 20 69 58 66 61 8 14 54 80 19 62 13 20 50 2 54 16 14 60 9 53 37 97 62 94 66 90 69 9 87 58 88 47 29 78 6 39 69 45 92 0 1 26 22 38 47 49 73 66 60 71 67 73 77 14 97 50 53 40 78 91 26 12 82 6 95 18 17 76 52 61 30 5 42 23 19 78 61 57 39 18 33
 79 94 65 38 92 62 26 42 99 19 1 1 63 100 64 4 92 31 97 77 58 29 15 30 7 10 1 49 32 67 2 47 42 29 28 71 37 98 3 90 63 9 15 44 63 1 72 99 8 41 65 23 78 63 50 29 19 23 99 0 66 52 38 60 19 53 59 38 36 97 48 40 68 84 43 44 79 81 49 3 35 41 43 90 41 44 42 40 26 87 86 50 88 48 12 20 66 96 85 12
 46 59 95 62 61 34 91 95 16 86 64 55 8 61 40 81 39 88 19 8 92 90 1 70 65 15 47 60 59 4 79 49 68 29 91 56 82 1 90 48 33 83 64 90 54 29 99 49 59 62 9 2 98 93 31 99 47 33 74 34 0 98 67 36 19 57 29 72 55 7 62 46 66 4 56 79 35 74 37 60 5 26 56 43 91 69 23 13 39 65 41 55 71 33 11 89 9 90 32 16
 60 31 13 2 48 62 33 48 1 37 32 26 53 96 15 56 37 24 12 77 93 10 45 99 88 29 24 20 19 73 78 92 17 87 43 99 72 46 62 56 20 39 48 48 5 80 91 95 29 19 44 17 86 86 47 81 68 31 78 48 2 0 4 74 97 3 65 33 33 7 84 60 74 11 91 57 24 61 74 8 45 94 92 63 5 76 72 11 26 84 63 79 69 79 21 74 61 79 80 46
 6 21 65 99 81 67 25 91 17 69 61 72 46 97 85 94 31 90 41 18 29 8 84 67 72 26 93 57 35 7 44 93 54 5 92 41 87 63 19 32 79 29 10 2 30 22 2 85 6 55 41 36 96 74 82 63 90 47 62 62 33 96 0 91 85 20 54 7 1 10 73 19 86 67 56 84 67 60 92 0 92 34 98 30 98 94 29 95 94 77 61 64 84 31 74 98 65 20 37 77
 33 28 98 16 23 92 32 58 7 11 80 70 92 95 49 49 13 22 58 40 1 2 44 22 94 24 24 34 12 35 54 85 42 14 46 49 41 80 57 56 6 2 58 83 33 52 49 34 49 65 29 71 19 77 27 43 100 3 53 40 64 26 9 0 46 95 80 75 55 96 59 92 7 83 36 7 30 23 49 66 13 3 98 82 3 24 27 3 87 37 76 17 21 61 96 73 62 26 74 76
 55 66 19 53 79 95 4 23 50 1 20 54 60 41 21 91 58 51 38 81 76 32 82 60 40 30 44 32 58 38 38 83 52 41 58 69 17 23 40 41 24 41 75 7 32 92 100 9 3 9 1 14 14 15 60 34 98 47 51 81 81 3 15 54 0 92 46 39 19 47 77 13 15 5 50 33 53 3 75 69 19 31 86 93 73 4 77 61 28 70 54 78 37 39 88 65 68 76 31 16
 65 12 50 75 37 68 20 18 44 30 79 47 52 58 4 92 76 3 83 59 24 99 42 81 24 73 95 63 85 53 44 53 72 71 15 43 52 65 67 6 55 23 66 53 70 64 73 71 1 26 78 88 95 66 46 89 11 36 27 47 43 97 80 5 8 0 88 17 99 34 80 47 14 46 46 89 42 8 25 36 49 21 70 29 68 88 38 3 72 16 57 42 81 34 52 72 98 0 70 36
 33 24 47 78 38 7 30 71 82 36 79 40 9 5 6 14 49 51 62 81 58 51 16 69 9 92 25 38 93 44 25 95 94 57 52 19 78 73 1 80 26 39 14 73 53 2 79 66 18 100 54 55 90 39 96 52 32 4 34 41 71 35 46 20 54 12 0 11 8 40 3 21 86 21 22 98 78 81 48 44 38 33 25 56 75 6 74 77 53 32 44 44 28 67 21 0 87 92 44 1
 94 1 53 100 49 9 47 78 70 5 43 56 3 72 58 57 38 87 14 28 68 54 32 23 61 46 90 84 15 14 31 30 71 12 53 24 17 63 66 5 54 20 16 73 51 82 12 4 9 90 34 10 40 49 93 11 56 9 40 62 28 67 93 25 61 83 89 0 47 9 8 10 67 52 79 30 55 88 97 37 43 60 98 15 39 65 13 19 93 30 77 40 51 27 58 97 23 32 44 96
 9 45 62 38 92 84 32 100 32 2 73 87 27 44 45 97 63 92 22 63 70 85 17 26 12 32 52 12 15 82 40 8 16 42 80 5 45 89 79 100 97 49 31 83 80 98 93 11 57 30 96 17 3 39 29 16 47 47 29 64 45 67 99 45 81 1 92 53 0 58 51 3 35 8 26 59 0 11 5 31 78 43 46 87 35 85 66 81 86 7 18 93 57 40 16 63 22 86 4 65
 51 27 5 10 91 92 87 29 21 88 70 4 75 10 10 40 85 68 36 16 80 26 67 9 27 56 44 63 48 78 9 28 34 89 44 81 75 84 61 38 24 40 11 84 2 26 54 43 64 53 3 11 87 40 1 7 53 4 33 3 93 93 90 4 53 66 60 91 42 0 53 64 79 19 45 79 76 19 28 67 94 45 33 27 25 44 66 87 41 41 35 93 82 72 4 1 70 42 99 68
 65 22 2 17 24 48 96 26 86 56 51 98 86 80 68 57 9 60 2 70 40 63 18 58 11 98 23 17 100 68 49 23 64 38 9 27 5 97 92 38 83 44 35 40 35 15 46 69 87 20 36 99 43 90 69 21 98 21 27 52 38 16 27 41 23 20 97 92 49 47 0 43 15 69 90 98 33 31 92 69 24 99 38 53 71 69 49 78 56 31 21 27 64 16 8 45 14 22 90 41
 33 13 19 46 21 57 67 99 4 100 68 12 10 59 89 6 26 17 21 77 38 27 75 36 100 46 62 31 63 14 58 6 25 88 1 1 67 29 64 54 13 94 11 93 86 90 8 68 91 22 31 73 64 64 21 12 96 82 23 60 54 40 81 8 87 53 79 90 97 36 57 0 69 53 77 25 66 10 19 49 34 44 25 38 40 35 23 49 54 95 60 85 8 83 73 37 3 84 48 51
 18 53 81 26 94 11 22 33 39 24 63 74 31 49 96 93 7 56 67 1 83 31 17 75 5 90 4 78 9 39 16 51 46 54 31 90 83 84 74 46 78 89 52 15 16 9 34 55 46 97 15 37 46 20 51 52 80 12 86 32 34 26 14 93 85 86 14 33 65 21 85 31 0 53 87 92 56 55 50 73 13 45 98 15 51 91 98 95 43 84 62 49 85 12 37 88 89 7 42 54
 95 13 29 13 25 48 27 71 90 11 19 18 87 10 88 73 22 33 49 94 42 32 99 24 44 54 70 23 22 22 76 90 51 90 39 66 55 88 91 20 64 97 56 6 70 21 57 37 64 67 93 10 71 62 73 3 80 73 3 16 96 89 33 17 95 54 79 48 92 81 31 47 47 0 9 8 94 37 88 60 2 33 99 41 48 50 29 49 23 26 42 99 83 74 59 44 78 13 92 69
 25 46 23 68 43 88 58 91 92 81 63 8 36 54 100 76 25 17 76 5 67 11 75 20 49 50 91 82 72 28 44 34 76 77 49 54 32 26 100 53 95 50 26 36 49 21 54 9 99 38 60 78 14 19 71 96 34 19 50 57 44 9 44 64 50 54 78 21 74 55 10 23 13 91 0 53 91 23 41 89 23 45 40 90 69 53 90 26 69 88 4 37 57 66 63 87 66 51 93 17
 75 15 10 69 17 18 59 6 99 18 52 10 98 67 1 90 58 82 84 48 37 12 96 3 24 92 29 75 47 5 79 35 77 77 91 47 3 8 18 4 55 66 80 88 14 86 72 89 97 69 34 39 30 38 55 66 82 83 47 56 21 43 16 93 67 11 2 70 41 21 2 75 8 92 47 0 82 48 80 41 14 24 78 70 84 29 94 68 77 83 45 59 76 46 75 27 17 11 6 55
 15 38 74 59 52 33 31 30 66 41 62 46 24 9 4 77 9 62 19 12 79 89 81 83 61 70 95 18 81 39 86 6 20 62 35 64 33 87 61 23 4 59 65 37 10 4 97 78 6 4 77 70 13 77 24 9 59 78 60 21 65 76 33 70 47 58 22 45 100 24 67 34 44 6 9 18 0 91 87 85 31 13 16 2 44 83 83 49 81 71 13 95 96 56 28 61 21 29 68 43
 40 15 48 31 27 18 2 37 38 88 19 31 66 17 8 23 49 4 32 23 86 32 63 24 65 61 42 46 2 49 86 17 29 73 25 25 48 73 42 100 83 29 89 68 78 37 6 41 73 91 77 79 23 32 78 81 59 89 22 19 26 39 40 77 97 92 19 12 89 81 69 90 45 63 77 52 9 0 67 39 81 26 25 95 58 31 25 34 55 68 60 47 21 96 2 79 86 82 82 15
 72 66 51 46 52 93 25 53 87 63 60 67 58 36 77 60 32 19 53 50 96 32 80 23 96 32 94 55 77 39 4 89 59 18 64 32 12 37 99 37 52 98 93 11 49 77 12 67 95 82 58 31 55 38 37 100 20 2 9 51 63 26 8 51 25 75 52 3 95 72 8 81 50 12 59 20 13 33 0 16 63 65 52 33 84 82 38 93 36 95 75 84 73 29 44 18 49 51 84 62
 26 71 11 32 95 67 9 54 77 15 12 11 67 73 44 12 34 13 53 16 94 75 48 26 23 89 94 22 50 96 88 63 71 68 86 31 22 15 27 76 65 81 79 20 4 16 99 62 72 72 74 93 52 4 52 35 20 55 74 97 40 92 100 34 31 64 56 63 69 33 31 51 27 40 11 59 15 61 84 0 26 61 11 78 79 60 98 35 49 74 64 0 89 5 45 19 90 84 14 93
 8 67 58 81 6 4 81 47 44 29 54 35 53 80 71 78 43 64 52 3 21 32 52 76 88 42 48 90 85 34 96 68 79 34 67 64 9 43 63 88 67 83 31 97 6 61 3 86 72 97 79 58 33 18 75 28 36 81 88 65 95 55 8 87 81 51 62 57 22 6 76 66 87 98 77 86 69 19 37 74 0 31 35 33 85 93 13 1 5 96 40 32 65 47 41 51 88 33 42 81
 91 62 86 83 2 48 37 47 57 65 89 40 21 26 10 72 77 22 65 91 9 87 1 29 85 63 69 72 70 34 76 32 30 61 16 54 24 57 80 48 38 35 88 60 57 6 70 70 63 97 37 26 45 37 75 36 52 86 18 59 74 6 66 97 69 79 67 40 57 55 1 56 55 67 55 76 87 74 35 39 69 0 48 5 97 52 78 8 91 43 86 57 9 54 51 7 67 65 56 34
 85 99 13 79 63 41 24 76 87 69 96 92 76 53 38 19 89 95 48 59 52 60 41 23 53 53 20 89 73 17 32 20 13 63 2 60 83 3 74 72 58 59 37 93 38 68 9 99 97 81 10 96 12 98 74 65 32 9 94 57 44 8 2 2 14 30 75 2 54 67 62 75 2 1 60 22 84 75 48 89 65 52 0 61 31 4 94 57 85 19 60 86 31 19 20 41 16 50 84 68
 100 55 26 39 61 62 77 37 71 3 10 42 15 85 50 40 13 80 76 94 65 33 1 72 72 76 12 92 12 8 6 16 7 11 100 79 75 92 69 23 95 88 7 33 27 75 5 88 88 48 92 43 63 55 61 77 73 77 5 10 57 37 70 18 7 71 44 85 13 73 47 62 85 59 10 30 98 5 67 22 67 95 39 0 51 71 73 38 57 66 2 25 84 25 34 89 75 55 43 46
 34 66 83 7 94 82 88 28 18 70 37 48 72 36 48 63 29 68 72 33 63 69 52 64 87 65 38 9 96 73 46 64 64 46 13 48 51 12 64 90 88 85 49 43 67 54 89 100 92 74 57 92 45 83 54 53 98 60 82 59 9 95 2 97 27 32 25 61 65 75 29 60 49 52 31 16 56 42 16 21 15 3 69 49 0 57 54 65 26 7 25 50 28 32 76 54 50 25 74 16
 6 19 35 85 78 42 95 52 21 22 67 22 56 14 48 52 99 26 55 16 6 25 34 86 19 67 25 94 9 35 81 80 9 47 78 29 46 2 97 56 94 42 74 33 38 13 36 37 63 91 24 78 26 36 23 8 70 24 83 56 31 24 6 76 96 12 94 35 15 56 31 65 9 50 47 71 17 69 18 40 7 48 96 29 43 0 68 99 72 36 62 88 81 79 48 43 60 5 23 36
 24 45 64 15 20 5 12 39 88 16 37 92 57 91 59 91 91 29 89 67 33 83 96 78 64 13 60 57 97 15 32 13 84 14 47 26 37 3 66 60 94 17 98 25 76 42 8 63 72 71 30 34 15 27 20 53 63 28 24 58 77 28 71 73 23 62 26 87 34 34 51 77 2 71 10 6 17 75 62 2 87 22 6 27 46 32 0 22 99 59 72 66 37 82 23 74 22 77 54 17
 30 37 100 21 80 47 22 5 37 44 12 65 5 59 58 93 28 73 67 26 67 27 93 79 71 8 76 71 86 87 26 43 42 31 21 8 86 77 21 34 43 79 100 95 11 71 40 71 71 1 52 89 92 68 79 36 6 10 48 60 87 89 5 97 39 97 23 81 19 13 22 51 5 51 74 32 51 66 7 65 99 92 43 62 35 1 78 0 0 21 5 18 41 83 84 77 98 12 73 1
 99 75 56 38 75 75 72 47 34 22 5 32 40 12 55 65 70 81 40 81 33 41 33 39 10 25 24 79 28 25 49 12 67 3 53 57 48 13 40 51 74 57 21 74 43 95 42 21 25 70 60 96 73 91 67 35 81 57 39 74 61 74 6 13 72 28 47 7 14 59 44 46 57 77 31 23 19 45 64 51 95 9 15 43 74 28 1 100 0 41 11 30 61 76 77 12 10 6 56 71
 52 63 34 55 84 92 81 19 75 73 97 73 30 56 85 95 97 18 84 95 72 10 90 11 6 63 51 92 7 80 57 10 58 53 20 83 98 79 90 36 47 79 36 46 47 53 78 65 16 29 67 42 73 27 100 26 92 35 70 13 35 16 23 63 30 84 68 70 93 59 69 5 16 74 12 17 29 32 5 26 4 57 81 34 93 64 41 79 59 0 73 60 10 18 96 15 14 80 37 58
 28 96 47 49 3 2 60 39 16 88 47 31 14 56 64 32 79 60 76 30 40 42 10 46 24 1 83 62 38 45 95 98 44 25 52 78 24 59 96 80 80 99 3 33 46 32 36 25 69 88 35 60 14 54 24 9 42 37 95 14 59 37 39 24 46 43 56 23 82 65 79 40 38 58 96 55 87 40 25 36 60 14 40 98 75 38 28 95 89 27 0 49 71 63 84 0 50 71 84 26
 74 20 38 76 55 95 70 5 79 95 95 46 16 98 68 70 72 8 16 77 28 1 16 83 28 74 30 57 25 44 97 19 50 100 19 1 18 28 11 34 87 22 70 5 55 8 64 65 45 10 13 36 68 74 45 84 62 99 58 50 45 21 36 83 22 58 56 60 7 7 73 15 51 1 63 41 5 53 16 100 68 43 14 75 50 12 34 82 70 40 51 0 71 86 8 16 31 48 73 56
 88 43 47 51 52 18 39 63 81 18 53 8 91 79 70 45 65 74 7 56 69 89 16 84 11 37 41 20 91 13 79 71 47 90 81 98 35 52 96 57 25 100 61 17 60 25 56 39 20 21 95 19 44 28 32 40 34 69 77 12 29 31 16 79 63 19 72 49 43 18 36 92 15 17 43 24 4 79 27 11 35 91 69 16 72 19 63 59 39 90 29 29 0 29 99 64 59 40 50 30
 31 48 86 93 96 39 57 88 76 92 39 40 16 18 76 50 72 59 31 98 6 24 71 90 79 64 36 16 41 67 47 75 52 62 98 49 73 69 45 99 99 46 33 85 72 91 90 95 25 45 28 75 73 70 28 84 74 39 81 52 67 21 69 39 61 66 33 73 60 28 84 17 88 26 34 54 44 4 71 95 53 46 81 75 68 21 18 17 24 82 37 14 71 0 59 6 63 94 53 62
 35 13 1 93 90 11 4 4 6 17 61 45 79 33 76 87 4 63 97 37 12 43 35 12 16 26 30 16 87 1 16 25 52 11 71 41 13 3 53 46 34 28 75 35 23 55 16 83 51 1 69 56 22 41 63 80 30 48 22 88 89 79 26 4 12 48 79 42 84 96 92 27 63 41 37 25 72 98 56 55 59 49 80 66 24 52 77 16 23 4 16 92 1 41 0 67 45 78 85 9
 80 96 69 18 12 94 1 10 42 15 78 37 29 87 79 60 76 44 89 39 46 83 83 86 71 26 7 2 71 7 58 8 99 6 40 3 4 20 51 19 9 26 47 13 50 59 77 26 40 31 7 51 44 56 85 35 70 14 39 80 11 26 2 27 35 28 100 3 37 99 55 63 12 56 13 73 39 21 82 81 49 93 59 11 46 57 26 23 88 85 100 84 36 94 33 0 23 41 49 2
 16 96 14 44 56 95 22 29 87 29 87 19 27 17 80 41 11 31 68 4 56 37 30 43 64 62 35 25 44 85 17 41 74 85 43 33 98 4 45 68 58 40 50 93 98 65 94 72 79 42 42 50 26 10 10 96 36 58 43 34 91 39 35 38 32 2 13 77 78 30 86 97 11 22 34 83 79 14 51 10 12 33 84 25 50 40 78 2 90 86 50 69 41 37 55 77 0 81 34 23
 44 35 4 34 60 75 63 8 26 34 70 34 87 82 21 18 62 73 4 24 57 100 54 53 67 84 95 72 8 86 51 65 38 29 81 78 72 51 64 25 43 28 99 10 71 83 12 11 72 17 71 31 26 84 37 93 41 67 61 4 10 21 80 74 24 100 8 68 14 58 78 16 93 87 49 89 71 18 49 16 67 35 50 45 75 95 23 88 94 20 29 52 60 6 22 59 19 0 71 35
 68 63 46 46 7 74 94 84 36 56 18 39 58 41 52 68 63 97 12 11 86 7 49 17 2 49 27 74 91 80 78 28 64 2 83 52 56 76 38 63 61 97 68 26 17 50 38 69 31 91 7 45 63 88 92 15 91 29 82 15 68 20 63 26 69 30 56 56 96 1 10 52 58 8 7 94 32 18 16 86 58 44 16 57 26 77 46 27 44 63 16 27 50 47 15 51 66 29 0 40
 86 38 51 22 52 8 23 47 10 60 18 48 40 50 66 11 18 14 9 51 43 71 22 14 97 27 98 52 55 2 53 99 41 25 4 84 41 4 94 13 45 82 23 89 22 31 37 96 9 73 61 58 39 53 70 5 51 98 67 88 84 54 23 24 84 64 99 4 35 32 59 49 46 31 83 45 57 85 38 7 19 66 32 54 84 64 83 99 29 42 74 44 70 38 91 98 77 65 60 0
