20

 0 36 12 53 20 15 0 33 67 62 79 50 29 69 69 36 24 37 84 56
 12 0 46 18 30 45 43 66 39 33 50 37 67 44 2 39 95 31 66 1
 0 98 0 5 56 0 15 72 66 75 66 19 52 80 23 87 8 7 4 49
 46 36 41 0 76 8 11 87 87 66 53 51 89 9 34 37 34 53 32 11
 52 31 85 72 0 23 90 2 58 24 17 12 40 85 97 67 77 79 64 76
 11 99 69 86 40 0 23 72 79 21 46 14 22 15 89 5 58 86 59 26
 97 12 11 78 75 57 0 64 81 2 50 71 77 96 66 27 43 78 96 14
 67 30 42 14 30 47 90 0 98 53 89 62 81 2 70 79 29 51 11 52
 17 71 91 4 25 39 3 2 0 67 31 7 55 26 23 91 25 6 24 0
 0 73 77 12 23 20 37 83 75 0 25 3 69 64 35 54 84 38 52 28
 41 81 47 82 97 65 98 83 96 21 0 46 96 28 40 58 16 48 72 45
 48 59 4 95 46 10 16 8 43 39 78 0 85 96 67 41 19 65 48 90
 90 66 48 92 17 88 18 63 51 71 6 46 0 59 62 44 5 24 48 32
 72 4 78 45 65 55 92 61 86 90 73 87 10 0 70 1 88 8 82 91
 68 46 78 29 17 8 58 53 93 29 17 37 23 38 0 16 79 63 16 36
 52 22 28 94 61 71 75 59 52 7 27 60 94 80 52 0 13 51 68 1
 96 47 67 3 92 89 27 95 60 56 51 90 94 65 42 31 0 91 76 50
 78 16 12 16 0 5 91 68 72 19 5 56 61 57 70 10 15 0 1 55
 99 97 24 32 16 52 56 64 96 26 29 92 42 51 73 22 68 41 0 97
 62 29 66 75 30 25 26 38 65 64 72 23 91 45 14 44 7 64 57 0
