30

 0 77 0 69 15 37 79 69 16 24 33 77 59 44 67 56 32 29 25 37 91 84 27 68 2 75 80 16 21 90
 23 0 22 27 62 45 41 72 89 65 17 24 4 22 10 95 58 73 81 55 26 68 65 10 8 49 64 17 21 17
 100 78 0 72 75 5 30 86 19 17 27 42 13 18 82 23 72 58 32 45 56 26 91 58 45 0 71 9 11 67
 31 73 28 0 73 9 41 0 4 68 22 50 77 11 66 40 29 66 30 65 50 81 82 57 77 54 81 64 46 65
 85 38 25 27 0 2 48 33 23 33 92 93 78 37 23 4 76 64 54 5 94 10 38 24 91 76 89 2 18 52
 63 55 95 91 98 0 2 65 17 48 36 78 71 89 40 28 44 30 89 68 27 65 55 9 99 47 90 8 60 61
 21 59 70 59 52 98 0 7 69 25 77 54 30 80 30 31 78 74 6 15 59 4 64 84 84 39 54 93 48 78
 31 28 14 100 67 35 93 0 79 52 63 62 31 35 9 97 92 28 64 9 45 82 10 45 0 54 96 80 77 73
 84 11 81 96 77 83 31 21 0 51 97 8 74 29 62 7 5 2 5 36 13 56 97 33 85 97 18 70 47 28
 76 35 83 32 67 52 75 48 49 0 38 85 63 65 87 78 91 74 2 32 62 66 34 19 24 35 27 0 69 18
 67 83 73 78 8 64 23 37 3 62 0 27 18 40 18 23 55 62 85 22 62 71 34 12 39 5 96 22 28 23
 23 76 58 50 7 22 46 38 92 15 73 0 19 90 75 26 79 3 51 9 37 94 22 71 32 44 36 24 49 81
 41 96 87 23 22 29 70 69 26 37 82 81 0 8 3 76 70 82 73 75 35 89 97 79 96 64 33 14 97 32
 56 78 82 89 63 11 20 65 71 35 60 10 92 0 53 0 66 41 93 23 90 19 66 66 55 85 52 32 0 86
 33 90 18 34 77 60 70 91 38 13 82 25 97 47 0 15 68 7 76 24 56 56 19 30 55 80 72 76 92 3
 44 5 77 60 96 72 69 3 93 22 77 74 24 100 85 0 0 70 24 5 8 33 47 70 54 66 37 27 9 74
 68 42 28 71 24 56 22 8 95 9 45 21 30 34 32 100 0 7 55 15 99 19 10 61 65 1 3 85 53 78
 71 27 42 34 36 70 26 72 98 26 38 97 18 59 93 30 93 0 74 20 20 56 19 78 62 33 58 29 98 63
 75 19 68 70 46 11 94 36 95 98 15 49 27 7 24 76 45 26 0 10 13 21 45 12 25 85 18 49 69 11
 63 45 55 35 95 32 85 91 64 68 78 91 25 77 76 95 85 80 90 0 55 36 82 32 77 27 85 10 24 65
 9 74 44 50 6 73 41 55 87 38 38 63 65 10 44 92 1 80 87 45 0 54 80 21 68 90 62 4 92 72
 16 32 74 19 90 35 96 18 44 34 29 6 11 81 44 67 81 44 79 64 46 0 71 29 17 63 16 12 0 26
 73 35 9 18 62 45 36 90 3 66 66 78 3 34 81 53 90 81 55 18 20 29 0 94 28 48 26 94 10 14
 32 90 42 43 76 91 16 55 67 81 88 29 21 34 70 30 39 22 88 68 79 71 6 0 53 26 95 33 42 96
 98 92 55 23 9 1 16 100 15 76 61 68 4 45 45 46 35 38 75 23 32 83 72 47 0 32 96 4 7 31
 25 51 100 46 24 53 61 46 3 65 95 56 36 15 20 34 99 67 15 73 10 37 52 74 68 0 6 97 6 25
 20 36 29 19 11 10 46 4 82 73 4 64 67 48 28 63 97 42 82 15 38 84 74 5 4 94 0 29 6 89
 84 83 91 36 98 92 7 20 30 100 78 76 86 68 24 73 15 71 51 90 96 88 6 67 96 3 71 0 56 85
 79 79 89 54 82 40 52 23 53 31 72 51 3 100 8 91 47 2 31 76 8 100 90 58 93 94 94 44 0 14
 10 83 33 35 48 39 22 27 72 82 77 19 68 14 97 26 22 37 89 35 28 74 86 4 69 75 11 15 86 0
