20

 0 66 31 87 30 49 87 46 78 8 51 81 85 44 20 15 19 92 26 40
 34 0 57 7 30 25 74 43 51 83 41 89 55 4 53 93 89 68 78 72
 69 43 0 90 62 0 97 92 4 84 66 79 47 61 12 33 20 4 58 89
 13 93 10 0 41 32 88 69 15 66 33 63 73 93 2 54 29 49 12 41
 70 70 38 59 0 73 6 94 59 79 58 98 63 66 82 13 77 3 46 10
 51 75 100 68 27 0 36 9 65 24 84 53 52 4 88 79 38 86 76 82
 13 26 3 12 94 64 0 76 58 4 55 28 55 79 29 47 55 92 84 8
 54 57 8 31 6 91 24 0 28 13 73 78 80 50 21 87 69 51 46 45
 22 49 96 85 41 35 42 72 0 68 69 39 52 76 10 57 47 77 37 16
 92 17 16 34 21 76 96 87 32 0 38 35 11 80 96 4 53 6 69 33
 49 59 34 67 42 16 45 27 31 62 0 8 59 26 55 46 29 47 77 14
 19 11 21 37 2 47 72 22 61 65 92 0 99 89 93 67 78 80 3 86
 15 45 53 27 37 48 45 20 48 89 41 1 0 38 8 37 73 16 96 0
 56 96 39 7 34 96 21 50 24 20 74 11 62 0 63 60 91 5 29 65
 80 47 88 98 18 12 71 79 90 4 45 7 92 37 0 39 93 21 50 36
 85 7 67 46 87 21 53 13 43 96 54 33 63 40 61 0 23 85 8 19
 81 11 80 71 23 62 45 31 53 47 71 22 27 9 7 77 0 60 75 95
 8 32 96 51 97 14 8 49 23 94 53 20 84 95 79 15 40 0 87 43
 74 22 42 88 54 24 16 54 63 31 23 97 4 71 50 92 25 13 0 57
 60 28 11 59 90 18 92 55 84 67 86 14 100 35 64 81 5 57 43 0
