20

 0 61 0 22 43 42 84 9 62 92 11 36 76 21 10 82 7 53 49 97
 39 0 12 46 95 48 63 9 78 44 30 83 33 45 56 56 85 4 96 6
 100 88 0 9 16 39 45 0 54 49 21 52 89 40 81 42 77 49 58 74
 78 54 91 0 91 4 96 28 59 3 67 15 11 24 79 64 19 64 90 7
 57 5 84 9 0 32 8 47 62 76 12 92 67 48 92 27 78 71 72 28
 58 52 61 96 68 0 38 74 34 6 66 89 76 20 26 32 62 46 41 50
 16 37 55 4 92 62 0 83 72 65 41 15 30 20 16 0 17 50 55 18
 91 91 100 72 53 26 17 0 94 86 34 37 54 85 5 29 0 91 1 23
 38 22 46 41 38 66 28 6 0 91 27 74 26 48 49 23 22 1 94 94
 8 56 51 97 24 94 35 14 9 0 87 73 13 85 31 64 36 89 48 93
 89 70 79 33 88 34 59 66 73 13 0 45 38 88 61 87 1 96 12 72
 64 17 48 85 8 11 85 63 26 27 55 0 61 4 23 24 72 28 90 62
 24 67 11 89 33 24 70 46 74 87 62 39 0 75 25 48 5 56 51 3
 79 55 60 76 52 80 80 15 52 15 12 96 25 0 81 88 30 45 16 38
 90 44 19 21 8 74 84 95 51 69 39 77 75 19 0 43 26 14 79 63
 18 44 58 36 73 68 100 71 77 36 13 76 52 12 57 0 57 96 71 98
 93 15 23 81 22 38 83 100 78 64 99 28 95 70 74 43 0 82 85 91
 47 96 51 36 29 54 50 9 99 11 4 72 44 55 86 4 18 0 78 60
 51 4 42 10 28 59 45 99 6 52 88 10 49 84 21 29 15 22 0 87
 3 94 26 93 72 50 82 77 6 7 28 38 97 62 37 2 9 40 13 0
