50

 0 24 95 67 18 73 61 40 76 19 70 20 99 63 67 42 6 20 21 2 28 91 26 52 27 2 15 5 27 27 54 1 71 52 31 22 43 14 39 98 77 23 45 23 41 52 23 36 38 83
 76 0 90 9 0 80 91 73 11 40 28 99 64 76 63 1 22 31 51 36 33 70 2 3 17 39 41 79 76 62 55 77 28 49 14 95 35 95 47 11 46 45 27 96 66 10 83 91 99 1
 5 10 0 81 22 29 72 56 63 61 66 60 41 14 49 83 90 91 84 22 82 30 46 48 78 47 42 20 87 57 83 71 36 97 63 52 72 43 65 87 46 1 71 69 93 75 70 31 33 80
 33 91 19 0 98 34 73 50 66 95 99 26 42 95 96 46 5 44 89 69 26 76 25 20 25 43 80 19 25 87 30 63 27 38 94 51 99 81 52 27 16 13 78 50 59 64 29 6 40 90
 82 100 78 2 0 17 87 91 91 39 25 72 3 53 53 74 5 60 44 48 2 24 52 95 83 25 30 54 79 26 80 83 41 70 23 98 47 35 21 62 41 39 32 6 99 77 17 14 87 34
 27 20 71 66 83 0 81 88 44 33 71 12 94 25 1 72 48 5 13 58 22 85 90 66 14 81 97 43 28 96 57 85 8 83 6 96 75 43 69 65 59 42 90 96 76 57 59 28 74 52
 39 9 28 27 13 19 0 8 79 87 73 59 41 9 96 92 83 58 57 52 96 69 69 87 21 55 95 98 51 47 90 91 98 40 23 84 57 99 74 73 30 32 52 12 79 44 85 57 89 43
 60 27 44 50 9 12 92 0 41 74 29 31 8 1 81 68 84 89 50 41 68 30 81 50 10 21 66 16 65 60 54 84 20 16 78 57 23 13 12 2 26 37 83 14 63 30 59 90 22 8
 24 89 37 34 9 56 21 59 0 6 26 36 4 41 69 23 38 7 7 48 75 10 20 37 15 0 37 10 15 23 39 45 13 58 1 44 71 97 12 3 50 59 60 36 54 31 91 18 93 75
 81 60 39 5 61 67 13 26 94 0 70 56 43 61 99 59 11 50 62 66 69 47 8 15 11 36 2 35 39 28 83 31 78 55 19 33 31 36 40 93 22 31 76 51 9 41 3 37 60 70
 30 72 34 1 75 29 27 71 74 30 0 0 3 29 78 63 54 23 81 33 87 91 37 80 69 49 49 34 52 93 31 55 11 64 94 79 96 16 38 85 70 54 46 61 49 83 42 20 34 14
 80 1 40 74 28 88 41 69 64 44 100 0 52 90 14 78 75 59 7 94 66 88 17 13 63 31 55 24 73 76 72 44 68 6 80 74 42 78 53 70 0 9 39 53 43 89 12 83 92 46
 1 36 59 58 97 6 59 92 96 57 97 48 0 17 98 21 25 79 26 81 66 78 70 6 16 13 62 8 17 43 93 91 30 95 70 18 46 16 93 88 10 50 36 22 15 18 3 31 10 23
 37 24 86 5 47 75 91 99 59 39 71 10 83 0 54 15 18 82 36 43 69 99 61 19 70 59 52 80 72 58 75 83 27 65 23 92 67 62 20 34 98 86 28 39 77 74 21 99 87 41
 33 37 51 4 47 99 4 19 31 1 22 86 2 46 0 79 91 69 98 42 89 24 71 76 51 70 15 44 88 81 85 65 67 67 64 85 44 2 37 92 18 42 0 1 33 78 24 1 28 18
 58 99 17 54 26 28 8 32 77 41 37 22 79 85 21 0 57 19 14 65 70 34 9 14 8 67 84 7 90 33 45 76 85 16 30 77 95 80 72 34 82 2 10 28 2 75 40 3 82 59
 94 78 10 95 95 52 17 16 62 89 46 25 75 82 9 43 0 92 27 23 98 70 80 4 89 73 80 4 23 54 43 17 96 98 94 98 62 3 42 73 81 60 30 50 67 24 96 66 18 93
 80 69 9 56 40 95 42 11 93 50 77 41 21 18 31 81 8 0 8 53 29 78 91 9 38 7 44 5 94 58 25 18 87 96 93 96 77 83 96 7 35 63 13 79 55 38 88 23 22 11
 79 49 16 11 56 87 43 50 93 38 19 93 74 64 2 86 73 92 0 78 14 13 84 15 74 28 6 8 94 98 55 8 7 32 34 33 64 73 28 24 2 1 80 1 98 76 20 61 95 7
 98 64 78 31 52 42 48 59 52 34 67 6 19 57 58 35 77 47 22 0 22 35 52 74 89 15 96 9 66 62 22 51 31 67 64 28 44 15 20 85 18 89 36 24 27 50 46 69 75 69
 72 67 18 74 98 78 4 32 25 31 13 34 34 31 11 30 2 71 86 78 0 10 56 27 17 54 22 13 82 54 18 74 55 89 58 47 10 5 99 34 80 19 56 86 12 61 63 89 38 54
 9 30 70 24 76 15 31 70 90 53 9 12 22 1 76 66 30 22 87 65 90 0 90 89 4 36 83 61 13 68 87 44 32 83 84 54 2 41 52 33 17 86 34 78 83 23 48 61 30 83
 74 98 54 75 48 10 31 19 80 92 63 83 30 39 29 91 20 9 16 48 44 10 0 92 58 23 3 84 70 17 70 85 98 57 78 71 52 7 59 18 45 16 52 79 27 2 47 25 3 68
 48 97 52 80 5 34 13 50 63 85 20 87 94 81 24 86 96 91 85 26 73 11 8 0 37 76 38 1 55 45 64 21 58 93 54 45 93 15 94 87 47 49 27 17 79 29 53 60 76 55
 73 83 22 75 17 86 79 90 85 89 31 37 84 30 49 92 11 62 26 11 83 96 42 63 0 98 92 37 69 27 65 37 41 63 24 91 59 17 2 48 81 18 1 21 94 23 2 82 86 95
 98 61 53 57 75 19 45 79 100 64 51 69 87 41 30 33 27 93 72 85 46 64 77 24 2 0 65 32 96 8 36 37 49 99 19 60 11 17 75 29 56 83 72 41 29 26 30 70 30 43
 85 59 58 20 70 3 5 34 63 98 51 45 38 48 85 16 20 56 94 4 78 17 97 62 8 35 0 3 45 79 89 23 72 0 99 40 67 36 41 89 28 67 44 11 33 80 45 35 14 66
 95 21 80 81 46 57 2 84 90 65 66 76 92 20 56 93 96 95 92 91 87 39 16 99 63 68 97 0 1 51 95 97 71 79 62 57 8 95 26 43 98 35 38 1 25 43 42 18 55 79
 73 24 13 75 21 72 49 35 85 61 48 27 83 28 12 10 77 6 6 34 18 87 30 45 31 4 55 99 0 50 32 22 45 48 84 50 45 26 16 38 0 3 83 62 15 82 41 70 17 69
 73 38 43 13 74 4 53 40 77 72 7 24 57 42 19 67 46 42 2 38 46 32 83 55 73 92 21 49 50 0 55 3 81 71 38 57 41 59 74 16 5 56 57 75 74 68 10 29 36 49
 46 45 17 70 20 43 10 46 61 17 69 28 7 25 15 55 57 75 45 78 82 13 30 36 35 64 11 5 68 45 0 60 89 37 7 52 3 15 87 21 12 16 96 55 56 51 21 35 25 56
 99 23 29 37 17 15 9 16 55 69 45 56 9 17 35 24 83 82 92 49 26 56 15 79 63 63 77 3 78 97 40 0 5 89 43 27 23 21 62 72 23 31 30 49 77 95 17 15 84 29
 29 72 64 73 59 92 2 80 87 22 89 32 70 73 33 15 4 13 93 69 45 68 2 42 59 51 28 29 55 19 11 95 0 34 92 9 64 49 92 80 58 83 86 88 4 97 72 5 60 86
 48 51 3 62 30 17 60 84 42 45 36 94 5 35 33 84 2 4 68 33 11 17 43 7 37 1 100 21 52 29 63 11 66 0 74 50 56 76 96 76 44 62 91 77 86 78 52 8 53 3
 69 86 37 6 77 94 77 22 99 81 6 20 30 77 36 70 6 7 66 36 42 16 22 46 76 81 1 38 16 62 93 57 8 26 0 20 94 19 31 87 28 31 24 91 21 11 94 52 93 28
 78 5 48 49 2 4 16 43 56 67 21 26 82 8 15 23 2 4 67 72 53 46 29 55 9 40 60 43 50 43 48 73 91 50 80 0 2 37 88 80 47 73 31 15 57 57 38 12 75 86
 57 65 28 1 53 25 43 77 29 69 4 58 54 33 56 5 38 23 36 56 90 98 48 7 41 89 33 92 55 59 97 77 36 44 6 98 0 62 19 32 96 93 45 7 87 86 91 87 80 79
 86 5 57 19 65 57 1 87 3 64 84 22 84 38 98 20 97 17 27 85 95 59 93 85 83 83 64 5 74 41 85 79 51 24 81 63 38 0 85 47 13 1 0 70 92 49 41 1 11 6
 61 53 35 48 79 31 26 88 88 60 62 47 7 80 63 28 58 4 72 80 1 48 41 6 98 25 59 74 84 26 13 38 8 4 69 12 81 15 0 45 36 20 31 10 35 7 69 13 98 81
 2 89 13 73 38 35 27 98 97 7 15 30 12 66 8 66 27 93 76 15 66 67 82 13 52 71 11 57 62 84 79 28 20 24 13 20 68 53 55 0 6 77 69 82 44 33 12 56 76 23
 23 54 54 84 59 41 70 74 50 78 30 100 90 2 82 18 19 65 98 82 20 83 55 53 19 44 72 2 100 95 88 77 42 56 72 53 4 87 64 94 0 82 89 28 93 51 26 19 89 26
 77 55 99 87 61 58 68 63 41 69 46 91 50 14 58 98 40 37 99 11 81 14 84 51 82 17 33 65 97 44 84 69 17 38 69 27 7 99 80 23 18 0 67 24 45 12 4 97 78 14
 55 73 29 22 68 10 48 17 40 24 54 61 64 72 100 90 70 87 20 64 44 66 48 73 99 28 56 62 17 43 4 70 14 9 76 69 55 100 69 31 11 33 0 81 85 19 95 12 40 30
 77 4 31 50 94 4 88 86 64 49 39 47 78 61 99 72 50 21 99 76 14 22 21 83 79 59 89 99 38 25 45 51 12 23 9 85 93 30 90 18 72 76 19 0 15 39 6 64 82 90
 59 34 7 41 1 24 21 37 46 91 51 57 85 23 67 98 33 45 2 73 88 17 73 21 6 71 67 75 85 26 44 23 96 14 79 43 13 8 65 56 7 55 15 85 0 84 20 40 24 84
 48 90 25 36 23 43 56 70 69 59 17 11 82 26 22 25 76 62 24 50 39 77 98 71 77 74 20 57 18 32 49 5 3 22 89 43 14 51 93 67 49 88 81 61 16 0 21 4 37 64
 77 17 30 71 83 41 15 41 9 97 58 88 97 79 76 60 4 12 80 54 37 52 53 47 98 70 55 58 59 90 79 83 28 48 6 62 9 59 31 88 74 96 5 94 80 79 0 91 78 34
 64 9 69 94 86 72 43 10 82 63 80 17 69 1 99 97 34 77 39 31 11 39 75 40 18 30 65 82 30 71 65 85 95 92 48 88 13 99 87 44 81 3 88 36 60 96 9 0 15 47
 62 1 67 60 13 26 11 78 7 40 66 8 90 13 72 18 82 78 5 25 62 70 97 24 14 70 86 45 83 64 75 16 40 47 7 25 20 89 2 24 11 22 60 18 76 63 22 85 0 78
 17 99 20 10 66 48 57 92 25 30 86 54 77 59 82 41 7 89 93 31 46 17 32 45 5 57 34 21 31 51 44 71 14 97 72 14 21 94 19 77 74 86 70 10 16 36 66 53 22 0
