30

 0 82 40 60 56 38 30 1 79 53 48 40 30 36 25 49 8 10 6 68 8 48 53 31 15 9 31 95 42 92
 89 0 15 14 58 35 62 74 65 20 30 5 18 27 97 2 66 65 88 30 30 81 2 67 15 91 60 49 8 24
 93 74 0 94 73 91 78 69 8 74 59 4 16 93 70 85 33 64 57 25 38 85 74 95 85 90 83 53 4 45
 42 30 39 0 92 83 63 61 89 48 67 80 84 9 17 31 44 58 18 93 96 12 20 80 99 55 31 9 91 46
 2 14 62 98 0 46 65 39 77 14 12 42 45 9 61 39 88 64 88 54 31 11 99 89 32 67 33 44 75 32
 94 29 49 81 53 0 67 41 23 99 68 54 96 86 70 47 11 73 1 82 47 81 85 72 5 26 21 79 70 20
 73 55 30 9 46 61 0 29 89 83 55 84 0 35 29 51 84 34 59 99 30 11 1 10 53 18 50 94 29 91
 73 31 24 97 98 32 18 0 9 58 64 81 48 14 77 50 24 16 8 72 95 94 60 29 12 64 39 59 18 16
 83 52 64 63 97 98 12 40 0 40 37 75 82 90 62 17 9 72 21 77 77 68 41 59 11 8 38 6 22 8
 99 83 55 94 78 18 65 97 16 0 55 14 61 68 81 96 83 15 55 48 99 53 20 50 16 0 38 14 59 53
 28 66 27 31 73 32 81 34 57 52 0 92 46 47 19 33 98 38 67 74 58 75 73 69 0 17 29 16 84 21
 88 20 7 85 86 29 37 37 85 75 72 0 69 94 16 4 65 21 99 74 80 7 44 57 12 81 89 88 83 61
 4 49 50 75 37 17 50 93 6 63 85 46 0 57 2 7 22 3 94 3 22 99 11 71 0 72 49 55 59 65
 42 49 15 38 49 65 34 52 2 31 34 11 26 0 42 76 21 15 83 46 13 4 7 91 16 79 2 54 50 8
 12 84 58 95 96 81 40 64 12 41 73 20 63 61 0 62 23 33 88 22 39 89 89 70 85 40 11 37 44 6
 38 1 24 99 40 81 35 32 28 8 19 35 69 83 93 0 35 83 95 61 39 15 56 63 74 23 29 37 64 62
 64 8 78 41 82 26 48 51 60 10 58 94 19 89 35 28 0 36 35 85 28 88 85 76 67 68 82 93 32 1
 54 82 12 25 62 31 17 65 92 50 47 28 80 47 52 73 65 0 55 71 23 9 98 22 8 64 47 95 46 3
 98 61 96 85 85 7 80 64 35 95 32 17 13 88 62 34 61 61 0 66 76 31 75 29 34 39 27 65 44 34
 70 36 71 40 81 24 29 25 37 44 86 69 20 59 71 59 50 69 53 0 5 22 49 3 79 63 44 82 32 12
 22 99 89 29 16 47 91 19 1 7 1 70 17 8 38 95 38 47 63 14 0 22 82 70 47 74 74 72 88 75
 87 26 12 8 28 39 89 42 75 66 84 84 48 79 81 13 22 74 17 61 8 0 40 93 51 95 62 57 92 15
 73 14 31 99 68 83 84 35 35 10 35 49 49 79 88 19 62 79 50 42 43 51 0 5 33 33 47 21 95 8
 82 94 26 73 89 32 1 21 74 82 30 54 62 27 76 47 14 76 23 9 42 45 7 0 84 21 12 80 98 59
 53 44 81 50 76 80 55 58 12 74 48 52 54 90 8 29 87 73 88 7 69 93 19 28 0 79 92 29 22 94
 71 91 68 76 19 29 10 19 67 10 40 92 52 70 53 26 69 25 29 93 98 5 65 48 75 0 18 58 9 80
 53 11 24 25 86 48 23 57 48 33 84 61 60 46 89 60 69 89 80 98 78 26 58 88 16 72 0 53 41 39
 36 25 54 27 50 56 21 68 59 90 53 50 32 95 49 94 11 77 55 9 55 14 8 66 37 66 96 0 62 37
 14 46 84 66 7 27 59 29 97 79 78 45 87 7 54 15 29 43 41 45 3 59 18 63 34 99 21 14 0 26
 88 69 1 12 31 0 32 44 94 35 92 2 45 92 15 16 80 91 52 75 17 63 29 13 90 48 18 39 24 0
