30

 0 19 67 37 45 96 1 99 98 69 7 41 81 64 86 97 61 13 99 1 38 92 48 98 86 36 3 22 78 8
 16 0 91 11 98 33 75 94 51 98 16 63 91 72 71 17 2 91 95 68 32 84 35 70 98 51 93 48 67 95
 17 64 0 33 57 50 29 61 34 94 43 16 98 67 88 77 73 50 53 56 50 28 16 66 59 93 14 90 9 18
 22 56 64 0 92 36 46 49 57 30 34 43 57 64 25 98 82 19 65 30 51 25 67 36 75 94 73 53 56 78
 96 5 27 79 0 6 65 11 94 41 64 28 44 36 11 11 80 17 96 97 80 17 11 50 15 30 0 7 60 41
 70 21 96 66 79 0 54 42 16 25 7 2 24 49 41 66 87 95 10 47 77 48 75 21 31 55 56 10 51 59
 12 6 22 39 38 94 0 16 94 38 14 35 95 46 61 98 41 9 28 10 44 46 86 92 88 81 58 15 18 96
 43 51 56 76 86 10 1 0 22 3 66 5 82 68 75 53 88 8 66 24 19 53 86 69 50 71 23 53 13 58
 27 70 59 12 68 96 48 48 0 93 94 5 70 39 31 75 75 5 65 21 83 91 12 20 80 31 28 19 68 44
 45 40 4 60 37 58 51 42 30 0 49 87 44 5 85 34 79 12 57 69 24 71 30 27 43 40 3 26 21 44
 59 21 96 14 96 58 44 44 26 3 0 25 63 87 79 12 23 9 59 78 69 29 50 80 66 21 9 54 21 55
 93 80 96 49 38 80 0 91 54 76 30 0 57 52 61 65 52 53 91 1 29 21 18 4 91 70 28 76 95 74
 40 6 30 24 54 29 1 2 59 52 68 82 0 57 81 77 82 92 90 67 62 52 38 76 79 59 90 79 88 14
 45 38 66 69 29 63 77 38 51 53 29 33 53 0 79 70 5 11 71 77 17 73 52 62 49 21 49 72 59 84
 52 75 71 56 5 31 24 10 42 86 66 69 62 40 0 5 74 50 40 54 22 6 64 65 42 25 83 66 62 94
 93 2 58 54 29 63 30 40 48 17 31 81 20 44 72 0 68 20 86 41 51 22 10 35 53 54 88 91 75 1
 69 28 51 54 43 82 88 15 70 35 8 76 57 95 59 9 0 42 63 20 14 38 87 19 37 95 32 75 19 57
 76 40 41 40 54 16 37 95 49 73 23 83 26 74 41 44 19 0 13 83 83 4 97 27 56 44 10 3 11 72
 91 95 75 83 33 15 28 41 8 60 93 27 84 14 9 33 25 59 0 88 60 48 19 52 21 63 40 7 91 72
 25 70 75 26 12 24 29 81 86 20 65 54 60 8 97 84 73 17 96 0 61 99 42 97 64 16 63 10 35 51
 97 60 68 79 84 61 23 50 18 26 78 17 5 7 40 94 49 32 80 94 0 27 18 80 11 14 30 1 49 57
 9 76 55 14 86 62 49 5 90 29 7 3 59 12 90 5 78 51 71 15 58 0 22 47 35 19 33 97 68 30
 32 5 58 91 95 58 67 36 89 68 73 92 63 92 82 2 48 22 69 76 97 7 0 61 49 16 78 72 1 65
 16 35 74 48 13 44 76 84 21 12 94 89 63 94 62 91 6 85 43 2 86 97 94 0 75 87 19 37 94 49
 82 14 65 32 3 82 29 37 88 65 93 29 54 9 32 5 7 68 72 43 82 76 26 40 0 33 99 75 88 86
 26 82 28 2 71 4 3 9 92 1 19 96 20 94 33 24 21 13 12 24 67 45 7 77 80 0 53 9 65 44
 25 81 32 51 28 27 28 74 85 85 75 3 94 66 71 94 82 23 94 76 91 70 84 43 77 13 0 74 66 94
 6 91 81 62 17 97 67 42 85 78 86 71 56 40 5 63 11 84 18 51 55 35 63 9 32 95 56 0 62 16
 45 95 42 34 93 19 59 59 10 23 20 68 61 96 32 81 16 59 89 80 52 22 78 54 1 54 50 34 0 26
 54 19 36 76 81 16 22 44 85 93 71 33 91 80 3 99 48 83 45 19 67 7 56 2 98 50 15 74 76 0
