100

 0 10 73 2 2 78 73 14 42 13 48 72 55 58 89 23 50 23 22 26 17 45 9 15 8 56 80 5 23 30 12 54 30 80 42 85 48 10 84 82 86 57 3 37 61 90 69 64 86 97 66 8 61 93 40 98 77 27 64 80 60 90 57 77 85 52 24 68 32 78 24 23 8 80 66 20 83 41 80 38 18 21 69 9 16 60 19 79 31 82 91 49 76 95 38 7 79 89 22 88
 90 0 36 23 8 68 86 61 99 59 12 17 96 26 70 97 21 79 86 7 60 29 43 30 19 33 56 46 7 18 99 50 38 42 25 66 49 86 50 49 79 27 52 92 55 14 1 55 7 77 44 96 95 13 33 71 43 89 31 40 28 80 71 20 32 71 81 10 8 96 4 17 88 9 45 89 90 85 20 9 13 28 76 15 64 18 11 76 63 84 27 51 25 53 47 23 11 73 67 84
 27 64 0 69 55 96 62 60 96 73 44 56 24 25 88 31 27 99 29 26 29 47 83 34 42 47 68 70 97 64 55 96 55 92 86 89 6 55 1 50 80 79 91 86 74 12 55 86 69 42 74 25 42 77 41 47 10 61 72 27 79 67 93 84 99 55 19 23 21 13 56 72 81 79 40 32 35 69 1 66 79 81 43 19 24 91 70 67 4 45 21 14 4 71 26 32 44 23 99 64
 98 77 31 0 17 1 52 60 26 89 71 2 62 24 42 73 94 2 53 76 55 52 92 31 29 16 79 67 17 86 19 49 95 19 95 80 39 16 29 48 8 40 98 14 80 85 28 29 21 9 68 29 66 14 53 5 3 64 54 87 32 38 21 52 3 89 50 13 50 80 51 75 56 55 26 94 83 5 74 24 70 67 29 44 82 79 14 20 81 67 39 73 15 46 41 5 9 49 42 33
 98 92 45 83 0 32 92 77 91 89 60 31 81 55 35 30 14 78 86 93 74 92 40 53 87 26 17 34 38 13 21 46 74 74 62 41 20 83 24 98 68 27 35 66 62 65 33 29 6 19 98 37 97 41 33 61 31 11 53 63 83 95 59 8 76 61 4 81 61 38 9 34 10 86 37 80 41 61 24 48 22 50 37 34 90 90 49 43 58 66 8 32 22 40 60 40 33 70 21 73
 22 32 4 99 68 0 31 23 1 37 26 18 87 66 33 72 38 12 2 13 19 8 95 18 74 17 72 9 28 73 92 37 17 42 14 8 46 11 63 27 16 31 84 70 42 12 70 45 51 24 0 51 6 18 53 98 84 29 8 92 96 8 38 17 4 11 28 99 88 7 55 32 64 70 99 52 94 86 9 79 91 61 18 87 41 46 94 37 67 10 34 45 57 17 6 94 74 79 68 64
 27 14 38 48 8 69 0 14 36 10 72 35 78 94 71 22 11 31 34 47 53 40 13 93 5 92 90 10 96 9 25 37 2 55 63 59 16 30 36 10 71 49 68 28 76 66 40 33 31 96 3 27 90 2 63 77 12 53 71 2 97 40 87 29 0 97 36 96 1 4 62 13 36 92 95 32 22 49 96 16 6 59 66 20 76 32 79 82 77 50 73 10 83 40 26 96 71 63 50 52
 86 39 40 40 23 77 86 0 33 19 74 50 59 84 14 94 50 47 25 76 92 45 60 20 65 83 1 64 41 52 25 35 70 23 94 75 64 98 43 84 47 11 53 93 56 62 61 15 19 86 97 37 6 96 36 14 60 81 10 26 33 69 5 30 19 61 11 7 55 91 21 9 54 16 71 9 30 33 15 38 1 94 58 9 9 53 48 19 92 66 24 30 7 12 18 55 58 10 85 76
 58 1 4 74 9 99 64 67 0 69 97 21 38 49 52 28 63 22 6 26 5 58 50 26 0 98 7 73 27 79 43 24 61 78 74 64 58 6 36 47 53 60 93 4 0 61 68 45 10 18 77 33 99 33 93 81 51 6 91 86 73 47 85 52 18 41 86 99 86 78 4 6 37 14 3 81 40 27 26 22 20 98 83 69 86 93 44 48 43 59 12 40 51 44 52 5 82 49 4 74
 87 41 27 11 11 63 90 81 31 0 81 92 92 9 14 73 77 8 38 36 48 38 91 64 72 68 13 20 64 29 82 35 56 55 81 44 21 66 80 54 79 10 70 66 36 37 73 50 1 64 8 24 56 81 23 26 96 66 41 70 62 70 15 30 88 92 41 58 45 19 67 76 29 32 79 28 98 18 25 80 22 81 80 41 93 3 42 91 4 33 22 63 56 86 75 74 50 91 16 54
 52 88 56 29 40 74 28 26 3 19 0 41 52 34 48 97 83 90 1 64 73 24 1 17 68 60 91 3 17 83 23 45 80 2 39 99 33 19 10 71 72 95 66 94 0 30 51 85 52 63 98 17 7 16 95 42 18 8 59 92 8 87 5 24 92 78 60 13 91 29 44 47 41 33 97 53 16 82 89 58 38 6 15 93 79 61 89 43 6 6 68 24 85 74 68 79 7 23 38 16
 28 83 44 98 69 82 65 50 79 8 59 0 84 81 65 90 66 56 13 70 80 0 63 46 80 83 56 47 74 2 76 87 86 69 25 42 0 99 99 37 84 3 40 83 18 42 3 13 21 55 81 57 43 4 57 0 67 6 9 71 84 3 54 4 52 72 4 11 59 51 64 6 97 32 97 25 66 80 3 22 6 50 37 79 23 9 35 85 78 53 91 58 57 88 83 7 97 85 0 72
 45 4 76 38 19 13 22 41 62 8 48 16 0 4 66 84 4 77 42 68 54 33 37 44 28 14 59 84 72 9 67 56 82 36 49 70 24 6 95 6 50 65 99 77 51 27 77 22 27 36 11 29 86 94 56 16 50 47 16 43 0 98 97 74 58 93 44 74 25 78 82 86 35 7 83 17 82 11 26 14 72 12 56 47 87 78 14 81 88 31 50 67 0 24 81 69 46 51 31 38
 42 74 75 76 45 34 6 16 51 91 66 19 96 0 52 94 51 88 84 77 7 47 39 54 65 75 5 84 15 98 59 59 5 67 21 29 7 53 18 26 67 43 55 22 2 17 17 14 13 84 63 3 79 0 75 5 99 90 81 92 77 25 7 1 25 16 87 38 70 88 2 91 20 55 83 4 39 94 35 63 71 76 47 28 89 41 16 8 98 42 45 20 93 68 20 30 49 61 59 7
 11 30 12 58 65 67 29 86 48 86 52 35 34 48 0 47 27 65 85 0 53 14 1 39 44 22 65 27 23 70 42 46 22 47 1 58 31 80 62 26 59 37 62 71 91 57 11 22 66 8 50 80 48 64 86 1 9 28 50 82 86 50 25 76 12 44 17 37 12 73 91 15 50 12 78 85 46 25 42 42 72 39 11 15 74 88 70 15 21 16 59 49 3 91 83 62 90 68 78 96
 77 3 69 27 70 28 78 6 72 27 3 10 16 6 53 0 58 53 93 73 14 3 72 68 46 3 4 44 85 31 22 63 36 31 80 3 77 6 60 5 94 37 56 78 75 54 12 58 46 84 56 34 75 31 62 88 15 89 53 74 16 94 15 47 72 49 46 93 42 5 86 73 32 9 85 57 58 64 31 7 72 36 25 58 31 80 70 8 70 20 56 67 6 69 12 21 49 74 26 16
 50 79 73 6 86 62 89 50 37 23 17 34 96 49 73 42 0 26 6 58 46 24 54 38 57 75 38 35 98 52 60 57 54 53 95 68 15 89 10 42 78 44 95 55 57 95 41 92 65 83 79 28 77 13 94 80 80 82 89 29 48 62 42 62 7 56 9 76 36 77 95 94 60 78 35 74 57 32 42 54 33 12 22 77 2 5 95 36 69 16 30 81 72 52 97 72 66 30 33 15
 77 21 1 98 22 88 69 53 78 92 10 44 23 12 35 47 74 0 85 32 96 20 96 49 77 87 8 43 41 31 61 31 52 35 47 79 10 84 28 51 22 21 43 76 65 27 91 99 37 76 88 91 35 86 18 53 54 26 22 54 67 74 3 72 24 2 89 54 62 5 73 53 10 48 62 60 88 12 52 88 26 81 61 73 99 67 18 26 55 74 55 35 85 33 45 28 40 23 61 87
 78 14 71 47 14 98 66 75 94 62 99 87 58 16 15 7 94 15 0 57 65 43 46 8 63 63 92 59 75 48 5 66 11 72 23 21 31 53 69 82 78 62 65 15 14 32 98 61 57 72 79 35 35 11 80 94 39 33 27 42 31 37 87 82 52 69 28 8 81 24 1 41 52 46 32 37 8 72 99 69 5 70 46 41 45 51 94 60 98 49 5 12 69 65 96 66 4 79 96 84
 74 93 74 24 7 87 53 24 74 64 36 30 32 23 100 27 42 68 43 0 68 41 93 53 72 19 36 99 54 45 61 14 18 58 25 70 24 73 31 96 33 9 17 14 5 71 50 23 42 71 76 84 62 95 5 15 95 17 80 71 21 17 17 99 1 6 6 2 6 98 56 61 40 70 11 79 2 7 47 92 73 14 69 63 7 92 5 68 80 15 83 24 45 73 10 87 7 56 91 21
 83 40 71 45 26 81 47 8 95 52 27 20 46 93 47 86 54 4 35 32 0 20 91 98 46 86 10 21 67 96 27 96 96 83 33 31 72 54 77 62 64 81 60 40 95 98 19 14 84 51 19 90 39 4 18 19 64 75 95 51 85 1 25 92 50 9 78 81 38 69 88 77 51 26 13 19 75 2 66 34 61 34 13 9 18 27 41 36 13 50 78 19 61 66 43 37 10 94 51 47
 55 71 53 48 8 92 60 55 42 62 76 100 67 53 86 97 76 80 57 59 80 0 82 59 7 10 40 3 44 97 60 20 81 25 63 49 71 12 22 7 22 42 14 25 66 14 78 87 86 52 31 72 38 45 79 50 0 77 95 77 58 21 41 53 93 81 36 21 77 7 20 88 81 42 49 41 57 51 71 98 74 80 51 43 91 23 63 57 11 74 9 56 2 77 34 69 85 23 85 23
 91 57 17 8 60 5 87 40 50 9 99 37 63 61 99 28 46 4 54 7 9 18 0 5 75 22 69 44 88 70 90 1 81 34 64 3 63 71 54 4 8 7 78 94 33 1 96 57 2 23 52 88 32 22 94 7 57 50 83 53 18 84 98 24 93 3 10 81 94 69 29 41 58 65 27 60 71 48 91 21 15 77 58 86 61 54 65 51 8 24 85 7 77 46 52 82 60 54 93 56
 85 70 66 69 47 82 7 80 74 36 83 54 56 46 61 32 62 51 92 47 2 41 95 0 15 31 50 90 44 91 54 65 77 8 10 62 42 62 93 62 79 87 63 28 75 74 69 34 46 61 10 4 87 23 11 98 99 34 52 66 9 99 33 94 8 46 51 59 20 16 26 2 43 56 70 72 92 82 88 99 72 63 47 76 28 13 34 33 5 82 63 35 12 24 37 28 54 91 41 31
 92 81 58 71 13 26 95 35 100 28 32 20 72 35 56 54 43 23 37 28 54 93 25 85 0 22 34 83 75 52 66 5 76 92 57 57 27 9 35 49 80 14 43 93 97 61 40 90 28 61 57 82 73 87 40 77 97 61 49 9 67 70 80 86 6 46 3 12 95 44 6 5 61 36 95 51 6 16 85 13 68 65 17 3 83 58 55 52 21 8 26 37 58 72 28 66 80 88 2 11
 44 67 53 84 74 83 8 17 2 32 40 17 86 25 78 97 25 13 37 81 14 90 78 69 78 0 13 32 25 67 26 80 73 25 83 17 76 62 54 57 31 19 9 66 89 52 62 9 24 23 16 64 20 61 40 11 75 2 82 82 86 84 15 56 76 74 38 6 37 88 59 62 77 20 34 11 18 18 84 7 85 71 96 87 93 52 75 11 19 16 13 57 50 23 51 22 11 70 64 25
 20 44 32 21 83 28 10 99 93 87 9 44 41 95 35 96 62 92 8 64 90 60 31 50 66 87 0 17 9 86 75 24 79 82 47 42 19 41 67 96 12 61 60 67 5 97 25 91 6 70 79 32 53 10 83 23 95 66 75 75 56 8 80 19 7 99 49 62 45 21 98 25 31 5 34 81 82 48 90 35 92 45 66 56 28 26 64 14 14 21 42 94 53 10 79 58 82 49 55 69
 95 54 30 33 66 91 90 36 27 80 97 53 16 16 73 56 65 57 41 1 79 97 56 10 17 68 83 0 3 4 25 60 1 66 44 49 51 37 84 56 40 46 89 35 36 78 41 64 45 57 43 3 53 90 94 38 62 77 20 81 83 94 25 32 89 32 57 53 67 46 55 91 31 68 56 3 23 89 74 25 91 7 61 20 29 28 63 51 47 96 81 71 22 95 88 15 46 58 11 91
 77 93 3 83 62 72 4 59 73 36 83 26 28 85 77 15 2 59 25 46 33 56 12 56 25 75 91 97 0 33 37 16 48 96 10 43 3 8 28 7 99 40 1 72 61 60 10 58 80 98 68 74 53 15 45 86 68 32 1 2 47 90 76 0 23 32 3 42 86 5 44 0 55 58 1 23 35 61 64 59 76 56 87 29 63 39 40 21 16 48 69 36 2 98 79 62 17 42 3 12
 70 82 36 14 87 27 91 48 21 71 17 98 91 2 30 69 48 69 52 55 4 3 30 9 48 33 14 96 67 0 74 7 55 9 69 36 74 60 71 14 34 47 77 0 22 34 23 1 85 59 7 34 18 10 40 43 96 44 90 70 45 23 71 13 52 17 70 54 70 6 3 1 53 61 46 75 71 68 77 97 48 25 61 69 13 73 57 31 25 69 91 44 92 62 72 40 58 52 77 13
 88 1 45 81 79 8 75 75 57 18 77 24 33 41 58 78 40 39 95 39 73 40 10 46 34 74 25 75 63 26 0 66 6 80 11 37 92 71 34 16 77 2 34 24 24 59 71 34 45 47 62 55 74 42 7 0 46 64 2 54 97 55 63 97 30 97 52 28 51 91 98 28 78 75 91 71 12 94 57 36 74 27 97 84 15 70 48 39 91 44 72 55 96 65 39 31 60 39 16 59
 46 50 4 51 54 63 63 65 76 65 55 13 44 41 54 37 43 69 34 86 4 80 99 35 95 20 76 40 84 93 34 0 53 25 58 32 83 62 13 38 82 41 68 47 83 55 12 35 5 30 33 21 11 37 58 76 70 0 39 71 2 70 89 48 75 92 23 3 53 18 8 2 91 81 39 72 30 10 56 18 44 90 93 99 95 85 13 20 49 16 48 72 66 39 24 77 7 28 13 0
 70 62 45 5 26 83 98 30 39 44 20 14 18 95 78 64 46 48 89 82 4 19 19 23 24 27 21 99 52 45 94 47 0 68 77 62 64 33 91 77 77 60 46 61 97 56 41 83 28 53 68 59 17 74 72 19 15 56 97 41 10 0 11 3 35 68 13 96 91 26 53 32 65 95 81 67 49 55 43 29 66 58 58 96 89 1 24 76 23 11 58 93 13 89 12 88 15 97 74 99
 20 58 8 81 26 58 45 77 22 45 98 31 64 33 53 69 47 65 28 42 17 75 66 92 8 75 18 34 4 91 20 75 32 0 2 85 31 93 0 0 58 39 30 28 85 48 49 55 84 81 98 6 87 39 39 19 96 74 10 80 80 59 88 65 59 33 5 79 50 61 79 66 10 74 6 11 60 61 92 69 50 97 21 2 57 5 39 15 11 97 68 86 0 36 89 91 99 36 43 46
 58 75 14 5 38 86 37 6 26 19 61 75 51 79 99 20 5 53 77 75 67 37 36 90 43 17 53 56 90 31 89 42 23 98 0 70 41 32 24 51 5 31 34 9 26 82 18 21 72 81 17 34 34 23 53 2 23 74 40 13 71 44 81 37 56 69 41 55 42 64 20 54 87 88 55 85 94 41 65 32 76 65 91 2 67 43 61 56 87 64 18 54 86 14 62 23 25 11 29 66
 15 34 11 20 59 92 41 25 36 56 1 58 30 71 42 97 32 21 79 30 69 51 97 38 43 83 58 51 57 64 63 68 38 15 30 0 58 43 87 63 88 92 30 13 27 44 62 64 6 72 29 88 16 61 14 82 47 25 44 37 38 44 49 23 26 59 15 40 34 44 51 74 4 8 74 24 85 74 58 67 42 83 27 43 41 32 24 19 20 73 85 69 46 55 99 5 83 44 47 47
 52 51 94 61 80 54 84 36 42 79 67 100 76 93 69 23 85 90 69 76 28 29 37 58 73 24 81 49 97 26 8 17 36 69 59 42 0 10 85 86 70 38 58 74 28 53 80 26 70 43 5 62 62 0 9 48 17 38 56 46 95 61 63 66 15 93 48 22 42 15 36 0 23 62 57 2 66 26 10 15 54 0 80 49 44 74 19 19 75 62 6 53 15 25 7 98 61 45 95 99
 90 14 45 84 17 89 70 2 94 34 81 1 94 47 20 94 11 16 47 27 46 88 29 38 91 38 59 63 92 40 29 38 67 7 68 57 90 0 76 28 76 3 85 40 81 52 20 55 51 52 51 86 90 53 96 93 19 1 98 92 57 73 73 16 73 25 86 99 67 80 88 11 66 85 0 2 33 45 69 36 87 88 56 75 7 49 39 31 85 2 68 78 55 1 61 23 32 60 68 65
 16 50 99 71 76 37 64 57 64 20 90 1 5 82 38 40 90 72 31 69 23 78 46 7 65 46 33 16 72 29 66 87 9 100 76 13 15 24 0 9 2 52 53 88 6 8 47 4 42 92 44 46 29 15 51 57 90 3 77 71 63 73 32 0 50 62 57 16 74 71 3 60 44 90 73 99 26 71 6 13 63 88 4 68 15 10 61 9 45 70 66 76 42 5 41 78 96 62 38 29
 18 51 50 52 2 73 90 16 53 46 29 63 94 74 74 95 58 49 18 4 38 93 96 38 51 43 4 44 93 86 84 62 23 100 49 37 14 72 91 0 41 66 45 26 77 12 70 60 13 32 94 32 52 39 25 69 46 25 47 90 61 26 81 28 44 98 58 34 0 45 79 48 31 90 87 34 59 94 84 92 28 87 28 95 57 83 58 5 46 19 79 35 77 11 71 31 74 62 15 83
 14 21 20 92 32 84 29 53 47 21 28 16 50 33 41 6 22 78 22 67 36 78 92 21 20 69 88 60 1 66 23 18 23 42 95 12 30 24 98 59 0 83 41 77 17 60 91 20 60 81 27 46 19 95 73 20 63 33 50 53 78 89 6 46 70 54 45 28 55 65 59 72 74 83 27 40 48 93 9 51 69 80 99 10 55 84 31 40 70 11 55 36 44 57 67 10 1 23 29 20
 43 73 21 60 73 69 51 89 40 90 5 97 35 57 63 63 56 79 38 91 19 58 93 13 86 81 39 54 60 53 98 59 40 61 69 8 62 97 48 34 17 0 97 30 25 14 22 20 40 61 41 98 65 64 25 91 66 57 70 31 8 55 4 72 35 77 36 24 79 24 14 63 53 22 20 98 36 71 17 28 54 2 85 69 16 4 13 24 70 96 83 7 72 46 32 48 2 38 23 62
 97 48 9 2 65 16 32 47 7 30 34 60 1 45 38 44 5 57 35 83 40 86 22 37 57 91 40 11 99 23 66 32 54 70 66 70 42 15 47 55 59 3 0 37 39 95 4 65 37 0 33 14 96 89 97 11 15 57 18 85 78 29 18 9 80 58 45 64 18 90 0 7 93 11 61 45 32 38 10 10 21 93 54 1 61 41 73 85 21 80 59 78 99 67 46 61 62 17 31 33
 63 8 14 86 34 30 72 7 96 34 6 17 23 78 29 22 45 24 85 86 60 75 6 72 7 34 33 65 28 100 76 53 39 72 91 87 26 60 12 74 23 70 63 0 26 97 35 94 9 98 19 75 18 37 43 57 71 33 53 24 85 62 56 7 10 1 31 15 56 25 0 4 99 39 65 32 65 28 73 83 8 19 96 54 21 58 80 67 67 6 86 17 17 27 60 88 6 31 19 21
 39 45 26 20 38 58 24 44 100 64 100 82 49 98 9 25 43 35 86 95 5 34 67 25 3 11 95 64 39 78 76 17 3 15 74 73 72 19 94 23 83 75 61 74 0 33 17 20 87 80 79 96 19 45 96 56 0 82 27 36 81 10 2 58 17 57 11 83 78 29 18 57 46 7 98 42 60 37 70 30 80 55 21 84 31 7 69 68 38 67 11 35 30 2 12 37 27 15 56 51
 10 86 88 15 35 88 34 38 39 63 70 58 73 83 43 46 5 73 68 29 2 86 99 26 39 48 3 22 40 66 41 45 44 52 18 56 47 48 92 88 40 86 5 3 67 0 65 51 73 16 1 90 12 89 75 50 49 76 65 83 48 61 99 72 12 32 76 23 36 99 42 95 27 12 36 65 84 11 76 24 80 91 76 73 29 18 30 95 21 39 86 21 89 22 62 37 71 54 18 66
 31 99 45 72 67 30 60 39 32 27 49 97 23 83 89 88 59 9 2 50 81 22 4 31 60 38 75 59 90 77 29 88 59 51 82 38 20 80 53 30 9 78 96 65 83 35 0 38 68 62 26 83 84 92 51 29 80 2 20 18 29 24 79 94 78 79 3 9 21 67 81 50 71 55 60 99 94 99 80 9 86 8 78 59 6 66 63 51 1 42 43 36 83 98 18 92 24 61 92 2
 36 45 14 71 71 55 67 85 55 50 15 87 78 86 78 42 8 1 39 77 86 13 43 66 10 91 9 36 42 99 66 65 17 45 79 36 74 45 96 40 80 80 35 6 80 49 62 0 92 54 21 30 29 45 46 92 95 52 22 87 82 13 17 2 65 53 45 92 58 46 53 98 57 96 63 3 40 0 1 58 65 10 1 3 29 23 82 82 28 61 20 95 81 64 86 62 57 62 42 67
 14 93 31 79 94 49 69 81 90 99 48 79 73 87 34 54 35 63 43 58 16 14 98 54 72 76 94 55 20 15 55 95 72 16 28 94 30 49 58 87 40 60 63 91 13 27 32 8 0 83 19 5 80 86 1 60 59 46 21 81 55 87 33 86 4 74 37 52 43 8 97 37 64 45 71 16 25 40 95 52 1 26 82 8 3 88 50 15 70 98 64 64 94 24 80 64 62 61 91 92
 3 23 58 91 81 76 4 14 82 36 37 45 64 16 92 16 17 24 28 29 49 48 77 39 39 77 30 43 2 41 53 70 47 19 19 28 57 48 8 68 19 39 100 2 20 84 38 46 17 0 0 3 91 8 15 24 36 26 77 33 72 10 3 33 27 94 99 61 82 21 10 53 76 15 60 71 11 16 44 67 60 50 28 71 93 95 71 90 69 34 95 53 72 13 93 46 67 82 12 64
 34 56 26 32 2 100 97 3 23 92 2 19 89 37 50 44 21 12 21 24 81 69 48 90 43 84 21 57 32 93 38 67 32 2 83 71 95 49 56 6 73 59 67 81 21 99 74 79 81 100 0 6 12 99 60 11 99 48 83 65 75 72 46 18 59 7 29 69 19 97 56 34 4 67 32 36 59 40 64 26 45 23 18 2 60 60 57 54 94 84 37 99 84 16 31 84 23 92 0 54
 92 4 75 71 63 49 73 63 67 76 83 43 71 97 20 66 72 9 65 16 10 28 12 96 18 36 68 97 26 66 45 79 41 94 66 12 38 14 54 68 54 2 86 25 4 10 17 70 95 97 94 0 58 15 98 77 35 7 62 11 78 55 74 75 5 0 31 94 70 76 58 72 40 60 18 48 18 47 34 77 97 15 18 81 86 22 37 32 88 84 86 83 67 23 0 14 43 68 19 63
 39 5 58 34 3 94 10 94 1 44 93 57 14 21 52 25 23 65 65 38 61 62 68 13 27 80 47 47 47 82 26 89 83 13 66 84 38 10 71 48 81 35 4 82 81 88 16 71 20 9 88 42 0 83 44 40 42 66 10 26 77 14 74 65 91 17 78 0 72 20 90 8 76 19 21 38 51 63 7 29 40 85 43 27 65 94 64 84 76 98 18 17 85 55 16 56 13 13 66 17
 7 87 23 86 59 82 98 4 67 19 84 96 6 100 36 69 87 14 89 5 96 55 78 77 13 39 90 10 85 90 58 63 26 61 77 39 100 47 85 61 5 36 11 63 55 11 8 55 14 92 1 85 17 0 87 12 14 19 81 68 57 99 58 48 16 42 78 43 95 4 93 27 88 49 3 32 11 57 19 88 86 18 60 69 22 26 7 0 4 92 32 30 30 90 41 26 10 76 20 14
 60 67 59 47 67 47 37 64 7 77 5 43 44 25 14 38 6 82 20 95 82 21 6 89 60 60 17 6 55 60 93 42 28 61 47 86 91 4 49 75 27 75 3 57 4 25 49 54 99 85 40 2 56 13 0 28 99 71 96 99 43 8 22 34 12 6 33 91 75 47 85 31 83 27 79 19 78 66 62 8 34 25 38 48 19 19 44 41 13 17 63 31 29 16 24 25 23 59 76 0
 2 29 53 95 39 2 23 86 19 74 58 100 84 95 99 12 20 47 6 85 81 50 93 2 23 89 77 62 14 57 100 24 81 81 98 18 52 7 43 31 80 9 89 43 44 50 71 8 40 76 89 23 60 88 72 0 8 61 57 23 79 69 74 61 73 59 97 15 28 23 43 33 58 40 72 81 74 12 1 24 14 53 39 67 2 56 45 52 32 5 9 88 12 53 31 81 28 74 53 91
 23 57 90 97 69 16 88 40 49 4 82 33 50 1 91 85 20 46 61 5 36 100 43 1 3 25 5 38 32 4 54 30 85 4 77 53 83 81 10 54 37 34 85 29 100 51 20 5 41 64 1 65 58 86 1 92 0 0 93 20 76 82 17 69 83 93 51 79 84 51 24 93 23 19 22 22 20 29 39 87 33 86 48 25 88 69 91 38 46 23 33 40 44 46 4 96 95 19 51 40
 73 11 39 36 89 71 47 19 94 34 92 94 53 10 72 11 18 74 67 83 25 23 50 66 39 98 34 23 68 56 36 100 44 26 26 75 62 99 97 75 67 43 43 67 18 24 98 48 54 74 52 93 34 81 29 39 100 0 23 73 57 41 82 68 58 57 83 71 57 42 91 86 42 2 44 49 6 61 10 35 44 15 42 83 86 85 9 17 75 91 69 78 60 4 20 50 38 25 91 26
 36 69 28 46 47 92 29 90 9 59 41 91 84 19 50 47 11 78 73 20 5 5 17 48 51 18 25 80 99 10 98 61 3 90 60 56 44 2 23 53 50 30 82 47 73 35 80 78 79 23 17 38 90 19 4 43 7 77 0 82 21 28 3 42 70 61 19 98 29 57 21 65 67 84 2 29 84 97 30 53 60 27 63 60 45 49 95 79 43 36 62 47 18 59 23 39 14 22 0 16
 20 60 73 13 37 8 98 74 14 30 8 29 57 8 18 26 71 46 58 29 49 23 47 34 91 18 25 19 98 30 46 29 59 20 87 63 54 8 29 10 47 69 15 76 64 17 82 13 19 67 35 89 74 32 1 77 80 27 18 0 9 29 73 32 48 70 31 4 22 89 85 69 88 61 57 37 0 21 8 68 12 84 19 60 69 5 18 17 27 19 82 92 82 95 18 10 29 76 18 29
 40 72 21 68 17 4 3 67 27 38 92 16 100 23 14 84 52 33 69 79 15 42 82 91 33 14 44 17 53 55 3 98 90 20 29 62 5 43 37 39 22 92 22 15 19 52 71 18 45 28 25 22 23 43 57 21 24 43 79 91 0 31 0 56 21 0 73 49 94 28 81 40 68 91 8 91 2 29 21 7 22 4 95 24 39 96 29 45 58 99 70 99 35 79 26 94 27 20 13 8
 10 20 33 62 5 92 60 31 53 30 13 97 2 75 50 6 38 26 63 83 99 79 16 1 30 16 92 6 10 77 45 30 100 41 56 56 39 27 27 74 11 45 71 38 90 39 76 87 13 90 28 45 86 1 92 31 18 59 72 71 69 0 52 41 33 26 74 47 82 65 85 47 70 69 54 59 8 16 55 95 95 86 61 80 60 56 14 34 14 12 2 9 9 15 12 46 39 13 41 79
 43 29 7 79 41 62 13 95 15 85 95 46 3 93 75 85 58 97 13 83 75 59 2 67 20 85 20 75 24 29 37 11 89 12 19 51 37 27 68 19 94 96 82 44 98 1 21 83 67 97 54 26 26 42 78 26 83 18 97 27 100 48 0 24 64 29 35 37 83 9 10 32 8 86 96 33 43 96 42 94 33 86 68 78 62 29 11 69 2 41 19 48 15 84 35 72 23 53 38 19
 23 80 16 48 92 83 71 70 48 70 76 96 26 99 24 53 38 28 18 1 8 47 76 6 14 44 81 68 100 87 3 52 97 35 63 77 34 84 100 72 54 28 91 93 42 28 6 98 14 67 82 25 35 52 66 39 31 32 58 68 44 59 76 0 18 41 90 83 43 72 10 28 38 63 45 38 33 40 74 3 88 45 86 97 41 15 3 5 60 87 94 61 65 12 65 48 12 81 70 57
 15 68 1 97 24 96 100 81 82 12 8 48 42 75 88 28 93 76 48 99 50 7 7 92 94 24 93 11 77 48 70 25 65 41 44 74 85 27 50 56 30 65 20 90 83 88 22 35 96 73 41 95 9 84 88 27 17 42 30 52 79 67 36 82 0 40 10 44 23 9 17 61 32 72 55 87 17 63 74 98 76 40 85 10 19 79 75 73 65 72 93 62 27 9 39 20 33 35 60 84
 48 29 45 11 39 89 3 39 59 8 22 28 7 84 56 51 44 98 31 94 91 19 97 54 54 26 1 68 68 83 3 8 32 67 31 41 7 75 38 2 46 23 42 99 43 68 21 47 26 6 93 100 83 58 94 41 7 43 39 30 100 74 71 59 60 0 40 88 80 33 97 43 26 12 12 72 76 13 50 15 51 71 67 55 84 97 42 91 24 87 94 50 33 25 60 8 9 61 56 23
 76 19 81 50 96 72 64 89 14 59 40 96 56 13 83 54 91 11 72 94 22 64 90 49 97 62 51 43 97 30 48 77 87 95 59 85 52 14 43 42 55 64 55 69 89 24 97 55 63 1 71 69 22 22 67 3 49 17 81 69 27 26 65 10 90 60 0 57 32 17 99 57 85 52 77 65 48 88 34 81 49 55 11 59 18 1 59 96 55 35 1 55 11 34 83 96 92 41 18 37
 32 90 77 87 19 1 4 93 1 42 87 89 26 62 63 7 24 46 92 98 19 79 19 41 88 94 38 47 58 46 72 97 4 21 45 60 78 1 84 66 72 76 36 85 17 77 91 8 48 39 31 6 100 57 9 85 21 29 2 96 51 53 63 17 56 12 43 0 57 72 49 1 71 50 96 3 70 94 33 8 38 90 10 53 92 77 49 55 86 40 99 45 32 81 21 50 54 87 13 32
 68 92 79 50 39 12 99 45 14 55 9 41 75 30 88 58 64 38 19 94 62 23 6 80 5 63 55 33 14 30 49 47 9 50 58 66 58 33 26 100 45 21 82 44 22 64 79 42 57 18 81 30 28 5 25 72 16 43 71 78 6 18 17 57 77 20 68 43 0 19 57 29 44 29 39 29 12 38 40 42 80 62 11 28 2 9 29 39 32 22 21 38 68 20 16 73 88 16 44 76
 22 4 87 20 62 93 96 9 22 81 71 49 22 12 27 95 23 95 76 2 31 93 31 84 56 12 79 54 95 94 9 82 74 39 36 56 85 20 29 55 35 76 10 75 71 1 33 54 92 79 3 24 80 96 53 77 49 58 43 11 72 35 91 28 91 67 83 28 81 0 88 77 77 59 69 67 16 37 80 74 12 40 48 88 60 89 90 97 9 75 66 34 93 29 18 76 63 20 39 43
 76 96 44 49 91 45 38 79 96 33 56 36 18 98 9 14 5 27 99 44 12 80 71 74 94 41 2 45 56 97 2 92 47 21 80 49 64 12 97 21 41 86 100 100 82 58 19 47 3 90 44 42 10 7 15 57 76 9 79 15 19 15 90 90 83 3 1 51 43 12 0 40 45 62 61 35 71 95 95 16 1 62 36 29 42 31 70 33 40 30 41 50 39 10 87 27 19 3 73 5
 77 83 28 25 66 68 87 91 94 24 53 94 14 9 85 27 6 47 59 39 23 12 59 98 95 38 75 9 100 99 72 98 68 34 46 26 100 89 40 52 28 37 93 96 43 5 50 2 63 47 66 28 92 73 69 67 7 14 35 31 60 53 68 72 39 57 43 99 71 23 60 0 1 2 37 7 50 26 52 22 66 57 36 70 11 95 56 83 57 4 32 17 17 40 5 89 86 48 36 83
 92 12 19 44 90 36 64 46 63 71 59 3 65 80 50 68 40 90 48 60 49 19 42 57 39 23 69 69 45 47 22 9 35 90 13 96 77 34 56 69 26 47 7 1 54 73 29 43 36 24 96 60 24 12 17 42 77 58 33 12 32 30 92 62 68 74 15 29 56 23 55 99 0 98 14 74 47 70 77 11 98 2 38 45 93 17 58 43 75 15 4 89 54 66 40 11 0 6 91 17
 20 91 21 45 14 30 8 84 86 68 67 68 93 45 88 91 22 52 54 30 74 58 35 44 64 80 95 32 42 39 25 19 5 26 12 92 38 15 10 10 17 78 89 61 93 88 45 4 55 85 33 40 81 51 73 60 81 98 16 39 9 31 14 37 28 88 48 50 71 41 38 98 2 0 69 27 88 69 22 95 87 72 71 33 43 22 1 24 31 48 4 69 24 44 79 77 16 50 8 15
 34 55 60 74 63 1 5 29 97 21 3 3 17 17 22 15 65 38 68 89 87 51 73 30 5 66 66 44 99 54 9 61 19 94 45 26 43 100 27 13 73 80 39 35 2 64 40 37 29 40 68 82 79 97 21 28 78 56 98 43 92 46 4 55 45 88 23 4 61 31 39 63 86 31 0 71 66 68 57 20 3 99 53 58 76 50 99 58 75 77 1 42 80 25 3 8 92 61 7 38
 80 11 68 6 20 48 68 91 19 72 47 75 83 96 15 43 26 40 63 21 81 59 40 28 49 89 19 97 77 25 29 28 33 89 15 76 98 98 1 66 60 2 55 68 58 35 1 97 84 29 64 52 62 68 81 19 78 51 71 63 9 41 67 62 13 28 35 97 71 33 65 93 26 73 29 0 61 33 16 14 24 81 59 59 6 55 90 30 38 9 56 14 74 58 55 78 5 48 24 87
 17 10 65 17 59 6 78 70 60 2 84 34 18 61 54 42 43 12 92 98 25 43 29 8 94 82 18 77 65 29 88 70 51 40 6 15 34 67 74 41 52 64 68 35 40 16 6 60 75 89 41 82 49 89 22 26 80 94 16 100 98 92 57 67 83 24 52 30 88 84 29 50 53 12 34 39 0 20 3 8 42 47 74 42 98 1 79 6 81 69 62 34 39 32 12 34 61 47 35 11
 59 15 31 95 39 14 51 67 73 82 18 20 89 6 75 36 68 88 28 93 98 49 52 18 84 82 52 11 39 32 6 90 45 39 59 26 74 55 29 6 7 29 62 72 63 89 1 100 60 84 60 53 37 43 34 88 71 39 3 79 71 84 4 60 37 87 12 6 62 63 5 74 30 31 32 67 80 0 75 9 40 81 9 32 99 13 39 11 59 31 7 98 21 31 92 89 24 33 72 90
 20 80 99 26 76 91 4 85 74 75 11 97 74 65 58 69 58 48 1 53 34 29 9 12 15 16 10 26 36 23 43 44 57 8 35 42 90 31 94 16 91 83 90 27 30 24 20 99 5 56 36 66 93 81 38 99 61 90 70 92 79 45 58 26 26 50 66 67 60 20 5 48 23 78 43 84 97 25 0 71 20 86 15 47 40 79 39 61 2 24 35 59 87 24 75 78 18 46 62 37
 62 91 34 76 52 21 84 62 78 20 42 78 86 37 58 93 46 12 31 8 66 2 79 1 87 93 65 75 41 3 64 82 71 31 68 33 85 64 87 8 49 72 90 17 70 76 91 42 48 33 74 23 71 12 92 76 13 65 47 32 93 5 6 97 2 85 19 92 58 26 84 78 89 5 80 86 92 91 29 0 27 3 18 40 69 77 8 99 77 52 49 74 90 27 8 50 3 79 42 84
 82 87 21 30 78 9 94 99 80 78 62 94 28 29 28 28 67 74 95 27 39 26 85 28 32 15 8 9 24 52 26 56 34 50 24 58 46 13 37 72 31 46 79 92 20 20 14 35 99 40 55 3 60 14 66 86 67 56 40 88 78 5 67 12 24 49 51 62 20 88 99 34 2 13 97 76 58 60 80 73 0 19 52 13 96 54 91 23 71 92 48 10 77 0 67 72 24 47 43 52
 79 72 19 33 50 39 41 6 2 19 94 50 88 24 61 64 88 19 30 86 66 20 23 37 35 29 55 93 44 75 73 10 42 3 35 17 100 12 12 13 20 98 7 81 45 9 92 90 74 50 77 85 15 82 75 47 14 85 73 16 96 14 14 55 60 29 45 10 38 60 38 43 98 28 1 19 53 19 14 97 81 0 66 20 65 8 83 7 20 68 89 18 63 12 15 54 32 53 93 32
 31 24 57 71 63 82 34 42 17 20 85 63 44 53 89 75 78 39 54 31 87 49 42 53 83 4 34 39 13 39 3 7 42 79 9 73 20 44 96 72 1 15 46 4 79 24 22 99 18 72 82 82 57 40 62 61 52 58 37 81 5 39 32 14 15 33 89 90 89 52 64 64 62 29 47 41 26 91 85 82 48 34 0 12 96 53 38 75 32 2 22 77 71 25 28 28 48 99 25 68
 91 85 81 56 66 13 80 91 31 59 7 21 53 72 85 42 23 27 59 37 91 57 14 24 97 13 44 80 71 31 16 1 4 98 98 57 51 25 32 5 90 31 99 46 16 27 41 97 92 29 98 19 73 31 52 33 75 17 40 40 76 20 22 3 90 45 41 47 72 12 71 30 55 67 42 41 58 68 53 60 87 80 88 0 71 0 49 65 21 39 45 29 17 46 85 16 22 23 94 51
 84 36 76 18 10 59 24 91 14 7 21 77 13 11 26 69 98 1 55 93 82 9 39 72 17 7 72 71 37 87 85 5 11 43 33 59 56 93 85 43 45 84 39 79 69 71 94 71 97 7 40 14 35 78 81 98 12 14 55 31 61 40 38 59 81 16 82 8 98 40 58 89 7 57 24 94 2 1 60 31 4 35 4 29 0 49 11 6 44 49 36 77 63 60 83 23 74 94 45 60
 40 82 9 21 10 54 68 47 7 97 39 91 22 59 12 20 95 33 49 8 73 77 46 87 42 48 74 72 61 27 30 15 99 95 57 68 26 51 90 17 16 96 59 42 93 82 34 77 12 5 40 78 6 74 81 44 31 15 51 95 4 44 71 85 21 3 99 23 91 11 69 5 83 78 50 45 99 87 21 23 46 92 47 100 51 0 25 1 33 1 67 89 58 64 16 32 60 41 59 90
 81 89 30 86 51 6 21 52 56 58 11 65 86 84 30 30 5 82 6 95 59 37 35 66 45 25 36 37 60 43 52 87 76 61 39 76 81 61 39 42 69 87 27 20 31 70 37 18 50 29 43 63 36 93 56 55 9 91 5 82 71 86 89 97 25 58 41 51 71 10 30 44 42 99 1 10 21 61 61 92 9 17 62 51 89 75 0 18 91 80 35 64 36 6 27 90 5 69 75 84
 21 24 33 80 57 63 18 81 52 9 57 15 19 92 85 92 64 74 40 32 64 43 49 67 48 89 86 49 79 69 61 80 24 85 44 81 81 69 91 95 60 76 15 33 32 5 49 18 85 10 46 68 16 100 59 48 62 83 21 83 55 66 31 95 27 9 4 45 61 3 67 17 57 76 42 70 94 89 39 1 77 93 25 35 94 99 82 0 64 47 33 58 78 13 64 65 97 41 49 86
 69 37 96 19 42 33 23 8 57 96 94 22 12 2 79 30 31 45 2 20 87 89 92 95 79 81 86 53 84 75 9 51 77 89 13 80 25 15 55 54 30 30 79 33 62 79 99 72 30 31 6 12 24 96 87 68 54 25 57 73 42 86 98 40 35 76 45 14 68 91 60 43 25 69 25 62 19 41 98 23 29 80 68 79 56 67 9 36 0 94 77 63 31 65 75 31 50 14 41 56
 18 16 55 33 34 90 50 34 41 67 94 47 69 58 84 80 84 26 51 85 50 26 76 18 92 84 79 4 52 31 56 84 89 3 36 27 38 98 30 81 89 4 20 94 33 61 58 39 2 66 16 16 2 8 83 95 77 9 64 81 1 88 59 13 28 13 65 60 78 25 70 96 85 52 23 91 31 69 76 48 8 32 98 61 51 99 20 53 6 0 56 14 50 41 72 45 98 3 62 12
 9 73 79 61 92 66 27 76 88 78 32 9 50 55 41 44 70 45 95 17 22 91 15 37 74 87 58 19 31 9 28 52 42 32 82 15 94 32 34 21 45 17 41 14 89 14 57 80 36 5 63 14 82 68 37 91 67 31 38 18 30 98 81 6 7 6 99 1 79 34 59 68 96 96 99 44 38 93 65 51 52 11 78 55 64 33 65 67 23 44 0 91 81 68 27 83 60 49 19 92
 51 49 86 27 68 55 90 70 60 37 76 42 33 80 51 33 19 65 88 76 81 44 93 65 63 43 6 29 64 56 45 28 7 14 46 31 47 22 24 65 64 93 22 83 65 79 64 5 36 47 1 17 83 70 69 12 60 22 53 8 1 91 52 39 38 50 45 55 62 66 50 83 11 31 58 86 66 2 41 26 90 82 23 71 23 11 36 42 37 86 9 0 29 83 95 29 42 37 38 64
 24 75 96 85 78 43 17 93 49 44 15 43 100 7 97 94 28 15 31 55 39 98 23 88 42 50 47 78 98 8 4 34 87 100 14 54 85 45 58 23 56 28 1 83 70 11 17 19 6 28 16 33 15 70 71 88 56 40 82 18 65 91 85 35 73 67 89 68 32 7 61 83 46 76 20 26 61 79 13 10 23 37 29 83 37 42 64 22 69 50 19 71 0 48 29 68 13 39 64 87
 5 47 29 54 60 83 60 88 56 14 26 12 76 32 9 31 48 67 35 27 34 23 54 76 28 77 90 5 2 38 35 61 11 64 86 45 75 99 95 89 43 54 33 73 98 78 2 36 76 87 84 77 45 10 84 47 54 96 41 5 21 85 16 88 91 75 66 19 80 71 90 60 34 56 75 42 68 69 76 73 100 88 75 54 40 36 94 87 35 59 32 17 52 0 92 50 86 29 65 82
 62 53 74 59 40 94 74 82 48 25 32 17 19 80 17 88 3 55 4 90 57 66 48 63 72 49 21 12 21 28 61 76 88 11 38 1 93 39 59 29 33 68 54 40 88 38 82 14 20 7 69 100 84 59 76 69 96 80 77 82 74 88 65 35 61 40 17 79 84 82 13 95 60 21 97 45 88 8 25 92 33 85 72 15 17 84 73 36 25 28 73 5 71 8 0 40 76 70 82 34
 93 77 68 95 60 6 4 45 95 26 21 93 31 70 38 79 28 72 34 13 63 31 18 72 34 78 42 85 38 60 69 23 12 9 77 95 2 77 22 69 90 52 39 12 63 63 8 38 36 54 16 86 44 74 75 19 4 50 61 90 6 54 28 52 80 92 4 50 27 24 73 11 89 23 92 22 66 11 22 50 28 46 72 84 77 68 10 35 69 55 17 71 32 50 60 0 44 54 48 17
 21 89 56 91 67 26 29 42 18 50 93 3 54 51 10 51 34 60 96 93 90 15 40 46 20 89 18 54 83 42 40 93 85 1 75 17 39 68 4 26 99 98 38 94 73 29 76 43 38 33 77 57 87 90 77 72 5 62 86 71 73 61 77 88 67 91 8 46 12 37 81 14 100 84 8 95 39 76 82 97 76 68 52 78 26 40 95 3 50 2 40 58 87 14 24 56 0 73 41 42
 11 27 77 51 30 21 37 90 51 9 77 15 49 39 32 26 70 77 21 44 6 77 46 9 12 30 51 42 58 48 61 72 3 64 89 56 55 40 38 38 77 62 83 69 85 46 39 38 39 18 8 32 87 24 41 26 81 75 78 24 80 87 47 19 65 39 59 13 84 80 97 52 94 50 39 52 53 67 54 21 53 47 1 77 6 59 31 59 86 97 51 63 61 71 30 46 27 0 25 22
 78 33 1 58 79 32 50 15 96 84 62 100 69 41 22 74 67 39 4 9 49 15 7 59 98 36 45 89 97 23 84 87 26 57 71 53 5 32 62 85 71 77 69 81 44 82 8 58 9 88 100 81 34 80 24 47 49 9 100 82 87 59 62 30 40 44 82 87 56 61 27 64 9 92 93 76 65 28 38 58 57 7 75 6 55 41 25 51 59 38 81 62 36 35 18 52 59 75 0 86
 12 16 36 67 27 36 48 24 26 46 84 28 62 93 4 84 85 13 16 79 53 77 44 69 89 75 31 9 88 87 41 100 1 54 34 53 1 35 71 17 80 38 67 79 49 34 98 33 8 36 46 37 83 86 100 9 60 74 84 71 92 21 81 43 16 77 63 68 24 57 95 17 83 85 62 13 89 10 63 16 48 68 32 49 40 10 16 14 44 88 8 36 13 18 66 83 58 78 14 0
