30

 0 80 17 87 15 56 23 51 89 16 16 7 58 16 2 49 69 86 14 60 49 75 66 70 68 75 13 26 73 90
 20 0 80 18 67 91 59 73 60 1 85 33 54 7 52 46 10 84 10 37 14 92 58 31 66 21 95 76 42 62
 83 20 0 79 18 45 51 10 17 32 44 76 9 81 66 15 39 20 55 73 30 85 78 43 22 65 66 8 46 96
 13 82 21 0 81 3 31 14 96 75 34 76 89 45 61 52 84 74 86 2 12 96 10 87 10 26 49 47 72 52
 85 33 82 19 0 21 69 83 78 67 27 75 93 4 28 59 61 8 25 67 9 20 96 14 90 95 13 53 59 3
 44 9 55 97 79 0 99 63 75 39 90 2 16 4 31 17 28 17 53 20 44 71 26 76 86 38 29 23 35 32
 77 41 49 69 31 1 0 6 86 33 50 99 88 82 91 7 79 52 86 56 22 45 22 77 78 31 66 18 57 98
 49 27 90 86 17 37 94 0 39 46 98 42 36 34 81 5 2 5 2 63 98 13 81 0 1 51 44 86 9 17
 11 40 83 4 22 25 14 61 0 16 12 86 71 3 81 66 75 98 52 32 88 2 63 90 89 70 46 33 83 94
 84 99 68 25 33 61 67 54 84 0 57 48 73 89 29 20 37 55 4 27 13 8 18 72 75 70 10 51 84 97
 84 15 56 66 73 10 50 2 88 43 0 99 33 69 26 68 43 78 13 69 15 5 91 36 53 6 54 18 17 89
 93 67 24 24 25 98 1 58 14 52 1 0 6 56 45 46 60 74 74 58 67 82 88 14 40 70 29 48 28 39
 42 46 91 11 7 84 12 64 29 27 67 94 0 1 55 37 53 9 64 68 30 83 11 34 11 16 76 6 33 59
 84 93 19 55 96 96 18 66 97 11 31 44 99 0 69 81 81 58 86 52 25 27 78 49 58 46 29 77 94 26
 98 48 34 39 72 69 9 19 19 71 74 55 45 31 0 97 42 27 25 64 32 72 58 71 53 54 4 68 87 49
 51 54 85 48 41 83 93 95 34 80 32 54 63 19 3 0 54 48 80 77 53 69 22 61 74 43 72 76 9 29
 31 90 61 16 39 72 21 98 25 63 57 40 47 19 58 46 0 93 39 54 50 25 89 4 65 48 77 70 45 52
 14 16 80 26 92 83 48 95 2 45 22 26 91 42 73 52 7 0 43 68 14 73 35 77 5 10 93 19 41 39
 86 90 45 14 75 47 14 98 48 96 87 26 36 14 75 20 61 57 0 29 25 44 90 63 17 70 73 41 38 17
 40 63 27 98 33 80 44 37 68 73 31 42 32 48 36 23 46 32 71 0 20 9 49 83 22 7 76 79 98 99
 51 86 70 88 91 56 78 2 12 87 85 33 70 75 68 47 50 86 75 80 0 67 88 84 78 12 71 50 87 55
 25 8 15 4 80 29 55 87 98 92 95 18 17 73 28 31 75 27 56 91 33 0 28 25 9 47 17 24 61 66
 34 42 22 90 4 74 78 19 37 82 9 12 89 22 42 78 11 65 10 51 12 72 0 92 35 85 96 55 85 48
 30 69 57 13 86 24 23 100 10 28 64 86 66 51 29 39 96 23 37 17 16 75 8 0 22 28 87 90 93 80
 32 34 78 90 10 14 22 99 11 25 47 60 89 42 47 26 35 95 83 78 22 91 65 78 0 34 37 18 87 33
 25 79 35 74 5 62 69 49 30 30 94 30 84 54 46 57 52 90 30 93 88 53 15 72 66 0 78 98 15 27
 87 5 34 51 87 71 34 56 54 90 46 71 24 71 96 28 23 7 27 24 29 83 4 13 63 22 0 40 87 91
 74 24 92 53 47 77 82 14 67 49 82 52 94 23 32 24 30 81 59 21 50 76 45 10 82 2 60 0 55 97
 27 58 54 28 41 65 43 91 17 16 83 72 67 6 13 91 55 59 62 2 13 39 15 7 13 85 13 45 0 30
 10 38 4 48 97 68 2 83 6 3 11 61 41 74 51 71 48 61 83 1 45 34 52 20 67 73 9 3 70 0
