30

 0 45 4 76 65 14 24 99 95 63 3 61 95 42 22 73 51 89 74 54 52 81 59 40 3 13 58 74 83 45
 32 0 97 28 56 47 15 11 91 68 80 92 47 51 30 95 53 26 37 88 64 15 0 58 90 9 85 60 23 84
 1 73 0 57 58 60 79 60 75 72 8 85 47 35 91 2 19 35 86 98 60 7 87 0 62 23 37 46 56 75
 51 65 12 0 31 22 40 58 74 95 38 15 63 83 86 6 67 32 12 53 57 64 44 73 94 88 20 40 2 31
 21 29 85 58 0 8 11 64 23 38 24 89 14 32 88 94 68 55 57 60 4 36 11 57 66 84 80 38 9 88
 81 19 80 64 93 0 25 81 73 1 14 70 0 32 17 31 69 88 65 85 61 15 63 43 92 15 75 98 53 5
 23 61 70 82 61 27 0 89 79 78 26 32 16 92 34 64 52 90 48 65 39 71 34 40 72 96 69 34 74 88
 68 29 59 74 91 87 2 0 16 14 73 61 62 3 11 93 85 15 31 33 0 38 38 13 33 14 53 4 35 85
 27 67 81 55 52 67 33 27 0 99 0 79 37 51 19 54 47 40 30 1 64 49 6 64 19 12 52 89 74 94
 65 45 78 43 70 65 41 65 39 0 9 74 87 23 82 8 73 53 69 89 83 16 14 71 29 38 24 12 85 82
 11 55 53 86 28 74 40 84 86 45 0 30 35 28 2 28 50 2 65 96 84 15 36 86 1 94 77 7 17 28
 27 42 44 20 1 53 10 81 59 23 57 0 43 47 38 3 99 8 66 78 12 45 76 46 46 0 52 16 10 44
 25 4 14 51 36 45 18 60 81 5 58 96 0 63 16 85 78 58 46 8 20 50 72 13 40 84 20 46 55 79
 87 79 42 68 24 52 46 65 49 11 29 51 93 0 78 35 12 23 61 10 26 81 34 36 1 28 22 32 15 59
 71 88 56 18 52 97 14 80 1 68 18 84 87 84 0 69 37 71 90 18 45 29 85 21 16 60 72 55 15 12
 25 92 36 43 71 59 62 28 88 33 61 45 61 33 71 0 60 30 43 34 14 39 61 25 28 67 0 41 27 4
 57 13 17 41 87 59 69 27 95 54 9 81 67 95 7 81 0 61 46 24 46 34 51 89 92 20 25 5 20 25
 32 22 43 14 8 69 65 3 37 59 32 14 47 22 33 96 24 0 16 57 55 93 48 66 13 94 89 24 93 88
 3 59 49 52 18 25 3 17 48 29 22 32 54 69 63 73 43 40 0 29 49 65 87 53 39 82 96 51 42 50
 92 8 35 41 23 49 61 63 29 74 46 84 90 15 65 60 78 80 47 0 35 32 34 25 63 23 14 5 95 70
 20 79 60 41 8 0 77 37 29 88 52 10 8 34 39 71 84 99 60 89 0 12 18 1 70 48 40 0 49 9
 23 79 64 95 0 26 78 70 32 71 48 7 1 63 84 95 85 88 19 46 23 0 94 6 97 74 1 26 70 22
 56 3 69 28 3 84 49 76 99 76 77 33 33 36 32 36 17 7 66 52 42 24 0 0 57 91 81 80 42 36
 77 33 42 11 8 50 81 27 61 97 71 64 60 33 62 49 45 78 2 71 66 76 88 0 72 71 89 48 27 63
 40 3 64 73 15 32 8 22 85 45 41 66 12 32 73 24 22 90 27 24 52 76 35 6 0 96 48 99 50 67
 50 45 43 83 82 24 87 86 51 5 45 5 76 93 13 54 78 56 18 17 16 13 81 84 88 0 40 0 4 96
 51 81 98 1 18 90 32 14 23 46 72 91 92 54 12 98 66 38 97 23 63 53 79 11 79 93 0 33 36 25
 79 70 4 25 55 20 6 36 2 91 75 33 10 94 35 8 20 61 95 93 67 7 46 5 87 66 52 0 14 78
 32 70 13 22 9 45 53 99 69 89 77 36 9 7 34 90 93 90 26 56 52 33 47 74 35 41 0 85 0 69
 10 77 75 83 23 17 97 62 63 33 86 66 10 58 89 75 69 57 58 11 18 67 22 32 81 78 68 61 1 0
