50

 0 55 87 63 90 31 49 78 31 51 77 16 47 80 71 80 51 88 1 85 94 91 20 91 59 84 64 87 71 94 72 58 65 32 28 4 16 10 56 18 79 85 22 7 20 81 96 22 2 73
 45 0 11 96 29 66 54 63 76 97 94 66 15 95 53 92 74 54 69 85 53 44 79 51 6 49 63 58 48 72 22 86 37 2 85 13 12 52 7 17 40 39 43 8 58 80 91 85 59 91
 13 89 0 8 68 87 33 21 15 72 2 73 20 22 27 80 54 12 10 60 23 86 11 54 99 34 27 28 20 75 46 69 28 83 30 38 69 4 4 80 68 78 61 10 67 40 90 66 20 4
 37 4 92 0 50 92 15 50 88 80 14 5 15 7 82 4 74 6 47 82 45 11 99 51 98 73 20 60 93 98 8 55 21 48 70 26 83 33 69 15 4 34 83 6 61 63 25 7 35 11
 10 71 32 50 0 47 86 96 76 29 1 53 14 33 28 81 71 61 10 27 1 7 17 78 52 49 92 11 76 75 86 55 72 65 9 68 8 33 44 94 0 72 15 50 21 47 54 54 36 39
 69 34 13 8 53 0 78 22 9 87 22 68 28 11 23 5 38 58 16 15 13 15 24 81 14 25 86 61 11 79 57 45 1 43 97 99 10 40 52 74 97 65 52 52 38 28 66 26 53 68
 51 46 67 85 14 22 0 27 91 30 48 85 12 61 43 21 23 79 78 77 41 56 66 21 26 47 52 67 89 10 72 69 12 25 97 5 89 76 75 62 82 30 53 72 17 62 9 48 50 46
 22 37 79 50 4 78 73 0 27 54 42 69 2 41 53 25 49 63 29 27 41 78 88 18 20 4 71 58 14 98 58 57 59 48 92 3 30 6 71 99 3 47 62 84 83 22 50 39 63 5
 69 24 85 12 24 91 9 73 0 15 42 58 55 54 99 62 38 48 18 83 40 21 25 63 18 87 58 72 41 88 23 54 24 97 65 82 54 84 45 79 31 91 24 97 95 93 73 79 43 53
 49 3 28 20 71 13 70 46 85 0 98 58 94 6 44 51 72 27 72 73 42 8 16 95 31 8 1 61 82 57 81 31 40 53 27 45 15 0 24 57 13 97 97 85 25 68 83 72 65 56
 23 6 98 86 99 78 52 58 58 2 0 32 37 18 98 92 74 21 15 47 54 14 81 37 47 86 13 77 10 48 36 65 73 73 4 75 89 29 9 38 39 98 45 49 7 75 4 22 15 31
 84 34 27 95 47 32 15 31 42 42 68 0 28 24 89 65 50 85 30 56 9 79 69 63 24 19 64 9 1 24 62 94 68 64 54 60 7 56 50 63 0 36 88 73 89 40 62 1 19 51
 53 85 80 85 86 72 88 98 45 6 63 72 0 77 91 41 89 59 68 97 85 30 90 95 5 31 77 82 41 93 41 82 81 34 17 29 38 67 22 44 20 70 41 85 5 75 56 27 1 77
 20 5 78 93 67 89 39 59 46 94 82 76 23 0 76 20 59 60 55 82 74 23 89 12 90 0 24 90 8 71 23 97 89 10 71 82 79 83 17 79 67 72 94 64 4 89 11 34 94 79
 29 47 73 18 72 77 57 47 1 56 2 11 9 24 0 73 59 45 21 19 28 97 35 82 11 12 21 73 14 98 51 0 88 65 78 64 53 25 45 16 15 14 59 57 83 42 12 24 79 47
 20 8 20 96 19 95 79 75 38 49 8 35 59 80 27 0 85 59 85 19 17 25 77 91 21 26 0 97 63 21 14 5 44 73 85 37 44 45 39 8 9 23 3 6 13 42 37 4 73 30
 49 26 46 26 29 62 77 51 62 28 26 50 11 41 41 15 0 7 85 26 72 93 48 81 69 34 7 20 27 57 13 28 44 46 73 78 90 97 40 14 30 87 98 83 18 37 44 55 49 76
 12 46 88 94 39 42 21 37 52 73 79 15 41 40 55 41 93 0 43 55 81 24 72 37 62 88 93 15 94 58 78 14 73 49 51 47 72 80 32 96 16 61 30 74 71 2 88 73 65 69
 99 31 90 53 90 84 22 71 82 28 85 70 32 45 79 15 15 57 0 40 41 84 2 67 47 95 55 76 32 82 5 77 19 51 62 98 63 29 56 3 5 1 58 32 38 49 74 4 88 32
 15 15 40 18 73 85 23 73 17 27 53 44 3 18 81 81 74 45 60 0 30 78 3 90 5 30 67 94 48 34 8 44 71 35 36 14 97 21 51 34 75 98 64 47 78 56 13 30 27 33
 6 47 77 55 99 87 59 59 60 58 46 91 15 26 72 83 28 19 59 70 0 63 16 19 93 30 55 69 77 54 59 87 8 42 7 36 47 12 64 94 21 62 24 23 85 56 84 97 56 85
 9 56 14 89 93 85 44 22 79 92 86 21 70 77 3 75 7 76 16 22 37 0 59 85 9 99 14 65 47 95 65 24 39 57 15 24 24 25 86 12 62 50 14 89 1 96 53 51 81 0
 80 21 89 1 83 76 34 12 75 84 19 31 10 11 65 23 52 28 98 97 84 41 0 42 4 35 95 30 72 81 27 60 75 18 82 44 62 49 37 10 25 86 22 69 38 47 51 97 15 84
 9 49 46 49 22 19 79 82 37 5 63 37 5 88 18 9 19 63 33 10 81 15 58 0 26 14 72 11 98 23 56 46 34 62 68 70 16 49 22 24 28 46 77 60 5 19 41 77 44 78
 41 94 1 2 48 86 74 80 82 69 53 76 95 10 89 79 31 38 53 95 7 91 96 74 0 15 72 15 50 34 56 23 75 37 57 29 36 73 36 80 69 11 74 73 94 86 29 61 94 72
 16 51 66 27 51 75 53 96 13 92 14 81 69 100 88 74 66 12 5 70 70 1 65 86 85 0 67 92 81 30 14 64 55 24 78 51 22 82 17 80 31 58 27 67 89 9 30 2 8 74
 36 37 73 80 8 14 48 29 42 99 87 36 23 76 79 100 93 7 45 33 45 86 5 28 28 33 0 81 74 43 42 52 23 22 5 1 80 19 19 93 16 85 22 24 75 7 9 49 66 93
 13 42 72 40 89 39 33 42 28 39 23 91 18 10 27 3 80 85 24 6 31 35 70 89 85 8 19 0 69 0 55 5 63 69 59 73 70 28 57 66 62 55 28 90 47 86 21 55 0 30
 29 52 80 7 24 89 11 86 59 18 90 99 59 92 86 37 73 6 68 52 23 53 28 2 50 19 26 31 0 90 83 46 96 91 14 26 12 80 6 76 3 17 42 54 12 71 20 11 21 74
 6 28 25 2 25 21 90 2 12 43 52 76 7 29 2 79 43 42 18 66 46 5 19 77 66 70 57 100 10 0 89 79 86 18 90 88 60 7 79 53 8 98 44 78 29 19 45 35 47 73
 28 78 54 92 14 43 28 42 77 19 64 38 59 77 49 86 87 22 95 92 41 35 73 44 44 86 58 45 17 11 0 68 25 24 44 96 4 69 31 97 82 58 12 46 0 37 57 11 75 10
 42 14 31 45 45 55 31 43 46 69 35 6 18 3 100 95 72 86 23 56 13 76 40 54 77 36 48 95 54 21 32 0 15 75 5 19 32 95 5 75 37 55 4 27 8 90 59 92 46 68
 35 63 72 79 28 99 88 41 76 60 27 32 19 11 12 56 56 27 81 29 92 61 25 66 25 45 77 37 4 14 75 85 0 94 62 66 3 99 45 28 48 14 89 52 22 14 68 89 61 28
 68 98 17 52 35 57 75 52 3 47 27 36 66 90 35 27 54 51 49 65 58 43 82 38 63 76 78 31 9 82 76 25 6 0 69 44 23 38 1 76 82 14 50 44 11 26 25 68 32 62
 72 15 70 30 91 3 3 8 35 73 96 46 83 29 22 15 27 49 38 64 93 85 18 32 43 22 95 41 86 10 56 95 38 31 0 2 36 93 28 11 96 87 89 80 32 30 63 59 71 42
 96 87 62 74 32 1 95 97 18 55 25 40 71 18 36 63 22 53 2 86 64 76 56 30 71 49 99 27 74 12 4 81 34 56 98 0 68 34 60 37 44 65 33 9 9 72 54 35 35 43
 84 88 31 17 92 90 11 70 46 85 11 93 62 21 47 56 10 28 37 3 53 76 38 84 64 78 20 30 88 40 96 68 97 77 64 32 0 18 21 97 10 52 5 84 93 91 26 89 72 45
 90 48 96 67 67 60 24 94 16 100 71 44 33 17 75 55 3 20 71 79 88 75 51 51 27 18 81 72 20 93 31 5 1 62 7 66 82 0 82 25 88 71 0 42 29 44 17 29 77 80
 44 93 96 31 56 48 25 29 55 76 91 50 78 83 55 61 60 68 44 49 36 14 63 78 64 83 81 43 94 21 69 95 55 99 72 40 79 18 0 41 18 99 10 75 18 10 35 78 38 69
 82 83 20 85 6 26 38 1 21 43 62 37 56 21 84 92 86 4 97 66 6 88 90 76 20 20 7 34 24 47 3 25 72 24 89 63 3 75 59 0 5 14 36 30 32 40 77 6 37 42
 21 60 32 96 100 3 18 97 69 87 61 100 80 33 85 91 70 84 95 25 79 38 75 72 31 69 84 38 97 92 18 63 52 18 4 56 90 12 82 95 0 2 14 90 70 2 68 84 77 2
 15 61 22 66 28 35 70 53 9 3 2 64 30 28 86 77 13 39 99 2 38 50 14 54 89 42 15 45 83 2 42 45 86 86 13 35 48 29 1 86 98 0 85 46 96 32 3 89 48 24
 78 57 39 17 85 48 47 38 76 3 55 12 59 6 41 97 2 70 42 36 76 86 78 23 26 73 78 72 58 56 88 96 11 50 11 67 95 100 90 64 86 15 0 22 8 80 86 70 88 12
 93 92 90 94 50 48 28 16 3 15 51 27 15 36 43 94 17 26 68 53 77 11 31 40 27 33 76 10 46 22 54 73 48 56 20 91 16 58 25 70 10 54 78 0 11 18 37 11 25 70
 80 42 33 39 79 62 83 17 5 75 93 11 95 96 17 87 82 29 62 22 15 99 62 95 6 11 25 53 88 71 100 92 78 89 68 91 7 71 82 68 30 4 92 89 0 87 2 56 85 64
 19 20 60 37 53 72 38 78 7 32 25 60 25 11 58 58 63 98 51 44 44 4 53 81 14 91 93 14 29 81 63 10 86 74 70 28 9 56 90 60 98 68 20 82 13 0 29 87 74 55
 4 9 10 75 46 34 91 50 27 17 96 38 44 89 88 63 56 12 26 87 16 47 49 59 71 70 91 79 80 55 43 41 32 75 37 46 74 83 65 23 32 97 14 63 98 71 0 28 99 44
 78 15 34 93 46 74 52 61 21 28 78 99 73 66 76 96 45 27 96 70 3 49 3 23 39 98 51 45 89 65 89 8 11 32 41 65 11 71 22 94 16 11 30 89 44 13 72 0 51 55
 98 41 80 65 64 47 50 37 57 35 85 81 99 6 21 27 51 35 12 73 44 19 85 56 6 92 34 100 79 53 25 54 39 68 29 65 28 23 62 63 23 52 12 75 15 26 1 49 0 42
 27 9 96 89 61 32 54 95 47 44 69 49 23 21 53 70 24 31 68 67 15 100 16 22 28 26 7 70 26 27 90 32 72 38 58 57 55 20 31 58 98 76 88 30 36 45 56 45 58 0
