30

 0 40 70 21 78 60 81 5 71 73 11 4 57 84 35 18 35 37 21 45 29 84 99 46 74 26 0 23 51 55
 60 0 21 93 11 39 25 39 58 56 42 56 18 12 83 75 91 43 32 71 41 59 48 37 68 62 50 40 48 67
 30 79 0 16 75 46 99 8 2 84 51 68 87 80 81 13 41 13 94 30 54 44 1 92 36 86 94 68 49 84
 79 7 84 0 10 48 48 98 58 4 43 73 27 50 93 77 24 78 59 0 16 81 28 28 46 63 2 38 89 76
 22 89 25 90 0 90 37 16 2 36 33 68 84 0 14 60 31 93 1 61 68 11 18 26 99 58 69 43 24 94
 40 61 54 52 10 0 29 96 99 27 94 17 43 5 11 20 79 43 94 81 65 4 7 29 40 64 47 3 36 10
 19 75 1 52 63 71 0 74 60 26 86 40 92 6 2 27 95 3 81 91 69 84 88 17 65 63 15 97 38 7
 95 61 92 2 84 4 26 0 99 92 28 33 46 98 69 99 56 9 82 40 78 77 21 37 38 29 83 8 13 5
 29 42 98 42 98 1 40 1 0 29 67 22 97 13 51 49 23 84 70 45 75 33 41 33 56 48 49 35 29 11
 27 44 16 96 64 73 74 8 71 0 21 18 92 62 82 67 46 26 8 71 43 12 36 94 37 20 39 48 36 74
 89 58 49 57 67 6 14 72 33 79 0 51 73 64 87 33 20 73 40 52 49 8 34 76 63 74 32 44 31 69
 96 44 32 27 32 83 60 67 78 82 49 0 0 49 17 46 31 92 99 38 93 68 39 28 34 16 4 29 60 80
 43 82 13 73 16 57 8 54 3 8 27 100 0 2 7 12 38 61 34 94 68 54 74 51 57 1 24 18 26 95
 16 88 20 50 100 95 94 2 87 38 36 51 98 0 53 3 90 19 57 53 31 3 56 69 31 8 71 11 94 38
 65 17 19 7 86 89 98 31 49 18 13 83 93 47 0 85 52 33 91 89 4 8 1 52 84 41 71 33 47 17
 82 25 87 23 40 80 73 1 51 33 67 54 88 97 15 0 30 44 27 11 32 20 38 90 10 48 29 19 7 88
 65 9 59 76 69 21 5 44 77 54 80 69 62 10 48 70 0 16 15 73 90 33 96 63 38 32 45 33 60 18
 63 57 87 22 7 57 97 91 16 74 27 8 39 81 67 56 84 0 35 10 68 25 65 32 7 59 95 9 7 39
 79 68 6 41 99 6 19 18 30 92 60 1 66 43 9 73 85 65 0 25 52 72 74 74 90 88 63 70 13 27
 55 29 70 100 39 19 9 60 55 29 48 62 6 47 11 89 27 90 75 0 55 7 36 53 38 57 18 13 21 42
 71 59 46 84 32 35 31 22 25 57 51 7 32 69 96 68 10 32 48 45 0 13 24 88 62 28 49 54 43 34
 16 41 56 19 89 96 16 23 67 88 92 32 46 97 92 80 67 75 28 93 87 0 20 25 13 65 31 74 74 57
 1 52 99 72 82 93 12 79 59 64 66 61 26 44 99 62 4 35 26 64 76 80 0 51 76 35 27 6 64 47
 54 63 8 72 74 71 83 63 67 6 24 72 49 31 48 10 37 68 26 47 12 75 49 0 2 20 82 17 98 32
 26 32 64 54 1 60 35 62 44 63 37 66 43 69 16 90 62 93 10 62 38 87 24 98 0 32 89 33 63 8
 74 38 14 37 42 36 37 71 52 80 26 84 99 92 59 52 68 41 12 43 72 35 65 80 68 0 2 50 16 93
 100 50 6 98 31 53 85 17 51 61 68 96 76 29 29 71 55 5 37 82 51 69 73 18 11 98 0 90 95 72
 77 60 32 62 57 97 3 92 65 52 56 71 82 89 67 81 67 91 30 87 46 26 94 83 67 50 10 0 59 59
 49 52 51 11 76 64 62 87 71 64 69 40 74 6 53 93 40 93 87 79 57 26 36 2 37 84 5 41 0 32
 45 33 16 24 6 90 93 95 89 26 31 20 5 62 83 12 82 61 73 58 66 43 53 68 92 7 28 41 68 0
