40

 0 63 36 4 62 63 32 99 39 90 28 64 34 45 23 44 46 33 3 91 48 60 65 20 73 9 72 50 16 18 13 19 46 90 19 48 2 35 2 47
 38 0 78 9 17 1 51 74 3 62 4 63 24 67 40 81 78 25 31 57 72 25 65 51 87 14 83 23 2 78 36 4 61 0 43 85 21 71 41 95
 43 72 0 30 86 16 45 1 37 41 77 85 22 97 73 91 71 15 63 70 35 58 50 30 28 39 46 37 49 40 55 51 95 21 11 40 15 16 9 95
 59 94 5 0 88 60 31 32 69 65 37 92 88 69 72 82 88 17 28 5 26 4 29 26 15 75 82 56 13 22 77 29 55 11 72 7 41 18 26 82
 80 63 92 51 0 5 70 9 48 97 39 0 36 41 78 30 4 73 26 94 5 82 32 36 60 93 86 25 93 36 43 97 99 72 7 49 49 15 64 95
 75 37 97 13 14 0 99 8 71 18 88 69 42 72 37 62 58 32 51 20 7 82 12 18 50 65 41 44 44 63 94 7 56 82 70 91 46 28 19 66
 97 44 77 65 96 64 0 30 25 68 30 66 85 53 31 8 7 4 77 34 6 34 76 92 98 77 41 36 95 57 64 43 76 99 96 93 21 8 54 60
 68 86 19 15 27 45 27 0 19 27 11 14 52 63 82 0 79 4 54 94 38 29 73 47 18 65 35 59 69 69 61 68 11 20 92 53 13 54 88 70
 72 61 11 61 91 53 97 2 0 7 61 34 53 52 97 47 75 24 50 56 43 91 0 28 80 46 96 75 15 84 63 20 48 99 98 77 7 21 98 13
 9 81 64 4 32 59 3 83 59 0 12 32 85 65 77 75 94 62 89 38 68 12 15 33 19 65 24 5 33 26 3 40 41 36 58 89 16 29 94 57
 83 24 96 95 96 52 28 31 35 5 0 19 0 88 41 97 0 82 54 49 49 43 57 76 78 51 93 45 19 55 93 35 36 4 86 80 29 7 8 34
 66 6 11 89 47 91 5 41 78 87 87 0 72 62 24 46 77 83 24 39 39 88 72 42 65 47 41 7 32 81 17 71 13 31 93 88 27 36 57 96
 4 59 72 43 79 60 33 9 49 75 25 18 0 9 2 33 57 7 79 8 88 56 67 77 46 72 7 38 94 68 10 57 43 15 57 83 58 74 33 50
 9 38 13 58 22 39 62 77 61 29 75 28 44 0 48 62 42 55 61 2 96 60 93 51 38 16 27 75 58 63 92 45 55 36 55 21 97 41 59 43
 77 75 40 3 91 85 26 53 78 2 93 37 76 26 0 79 26 57 15 44 93 71 97 81 58 93 91 64 95 60 16 52 81 61 62 63 98 69 14 95
 57 80 74 29 47 33 33 85 7 80 31 29 54 67 5 0 90 33 36 66 87 82 47 88 7 1 54 26 1 99 96 2 15 38 12 88 35 14 18 53
 19 99 90 54 77 20 30 33 39 52 0 31 67 5 35 63 0 10 8 47 60 31 35 65 10 48 58 88 49 29 72 62 17 32 42 83 42 62 13 32
 75 20 98 49 78 72 99 45 39 2 22 99 12 57 39 53 96 0 4 70 33 89 6 10 24 8 72 99 4 99 26 90 98 33 52 80 95 44 29 22
 57 39 40 51 48 47 29 44 46 29 73 43 81 78 61 52 86 27 0 33 81 95 87 46 49 86 6 79 75 58 25 51 79 15 76 37 61 85 95 64
 83 64 79 15 41 4 62 71 45 33 14 78 59 53 50 13 99 4 24 0 44 36 98 74 66 97 25 71 80 45 48 29 60 72 4 9 81 89 79 98
 93 81 38 4 73 1 58 88 31 28 45 51 46 97 17 35 11 9 31 79 0 82 11 74 52 85 39 13 17 85 77 20 28 24 84 68 27 20 87 91
 76 12 58 30 90 54 84 63 13 34 46 31 62 2 22 72 16 44 41 43 98 0 68 32 59 36 83 36 85 12 66 64 4 47 52 39 63 55 81 55
 39 97 44 68 1 71 4 7 73 38 22 11 61 78 2 51 29 65 94 77 18 59 0 11 87 53 61 5 76 19 55 13 5 78 55 57 57 15 48 75
 77 10 7 48 8 44 35 18 61 23 75 89 75 37 79 53 60 60 40 46 78 68 68 0 0 42 59 23 3 82 37 13 80 13 97 1 0 16 46 94
 85 95 71 78 92 41 82 29 54 74 42 68 78 69 86 68 36 40 25 1 58 55 60 7 0 54 42 40 46 11 43 74 16 36 30 25 23 95 25 79
 29 41 55 38 27 38 81 51 36 44 68 52 91 11 80 4 77 57 41 8 47 73 53 95 99 0 30 78 53 77 52 72 0 88 76 94 1 55 88 40
 77 55 39 15 45 56 8 92 30 28 35 79 28 34 75 0 87 21 44 26 17 24 87 40 61 49 0 3 51 44 70 12 17 52 80 43 89 59 36 19
 48 53 90 4 53 52 62 10 1 73 39 4 59 16 6 88 48 4 4 51 83 55 53 91 8 45 60 0 58 13 17 28 84 0 41 15 67 54 80 11
 42 53 33 52 30 12 6 42 42 61 69 67 75 60 0 94 62 74 18 60 76 34 18 40 38 99 80 40 0 10 54 77 76 1 45 78 60 28 53 48
 40 35 69 53 3 79 14 78 62 74 74 2 43 47 28 24 8 72 39 84 52 74 46 20 84 66 54 1 21 0 80 72 38 53 23 64 38 47 73 8
 0 36 92 46 14 76 31 35 38 58 18 65 48 63 72 75 47 78 33 86 96 35 49 17 10 17 54 81 27 59 0 90 47 62 32 50 46 2 19 84
 35 98 39 78 71 96 99 18 27 81 5 75 29 27 13 25 75 68 98 67 17 22 36 44 23 0 91 85 44 11 67 0 63 83 30 87 3 50 62 30
 86 73 31 33 14 56 39 6 0 43 42 62 31 32 80 46 44 45 28 97 78 76 49 51 54 7 2 99 40 62 16 22 0 15 71 4 13 76 65 2
 2 27 58 29 56 72 33 45 56 59 80 95 84 92 54 6 63 28 60 7 37 75 80 96 38 63 64 48 9 38 85 65 97 0 70 93 77 62 43 21
 65 52 17 86 67 35 9 36 41 62 30 21 64 29 36 56 40 86 52 88 45 77 85 41 48 83 18 65 0 31 83 24 86 47 0 86 81 49 56 23
 8 39 1 7 78 36 82 5 69 0 29 55 20 14 69 89 13 27 67 78 54 98 66 3 34 94 36 27 66 85 18 78 23 90 59 0 3 15 36 16
 8 35 45 36 92 75 26 38 93 38 35 94 92 84 43 29 66 73 19 44 24 27 56 64 74 34 53 2 29 15 60 82 25 10 58 52 0 97 10 68
 4 28 1 23 97 79 91 28 8 85 41 54 12 44 47 93 96 57 75 95 95 49 65 23 92 25 75 89 28 86 59 4 69 48 25 82 23 0 29 88
 66 94 36 17 2 1 61 77 39 29 5 51 6 22 64 9 41 79 21 39 40 27 61 81 91 97 96 85 29 74 2 70 77 41 85 41 76 35 0 10
 85 7 52 5 32 65 0 97 79 91 97 43 39 1 35 46 29 36 27 34 37 99 42 35 68 6 18 53 39 43 7 60 70 94 15 45 99 11 88 0
