100

 0 46 58 50 61 40 4 91 69 3 78 6 59 46 45 33 60 32 33 30 46 48 92 1 46 58 8 58 0 97 5 92 15 25 62 74 28 95 64 82 12 33 75 22 26 78 29 72 54 67 40 73 1 63 60 26 28 94 42 16 79 65 10 97 62 55 23 47 64 27 19 80 83 25 43 43 64 17 98 38 90 75 21 29 51 95 60 68 29 60 61 99 22 99 99 44 52 85 9 63
 3 0 94 74 49 18 30 6 3 7 29 37 89 6 56 18 42 87 12 66 53 76 92 47 16 83 75 1 56 40 30 60 64 34 20 3 62 47 25 54 5 74 28 83 8 61 89 95 21 20 3 96 95 71 44 86 88 33 22 36 82 87 77 79 3 91 47 1 71 78 35 80 29 81 52 1 15 75 57 10 89 60 69 49 71 0 57 8 73 74 41 94 76 33 66 38 48 32 53 51
 47 21 0 17 39 30 42 41 46 29 59 38 15 78 4 0 8 60 99 61 65 59 61 25 77 1 78 37 86 23 97 95 37 94 26 32 4 48 84 46 43 71 39 59 55 23 67 64 93 52 89 71 84 15 26 43 49 71 59 18 2 14 98 60 23 47 24 16 23 77 15 94 92 70 42 85 13 26 85 37 72 87 7 52 49 6 7 78 46 59 37 64 45 76 90 34 56 81 88 32
 96 73 22 0 48 93 70 12 32 35 28 36 88 16 98 6 3 25 62 30 33 95 42 17 58 92 74 67 94 25 2 36 85 7 97 31 0 43 44 51 27 56 94 71 29 39 60 15 36 57 97 8 4 20 32 78 36 73 58 94 58 53 24 40 50 50 19 69 85 5 21 41 37 16 52 55 28 15 70 91 40 56 33 45 95 2 65 19 96 56 4 5 70 19 7 43 57 52 28 91
 30 24 22 3 0 25 89 26 13 6 10 67 58 73 59 70 80 39 44 9 48 0 84 53 96 8 58 57 48 63 29 93 42 17 35 84 98 50 46 19 25 27 99 14 0 89 90 61 96 92 63 36 38 61 84 52 73 5 93 98 28 95 90 51 6 39 33 18 99 1 45 92 4 99 98 14 54 60 34 62 2 72 89 77 80 79 12 67 69 38 95 79 38 65 8 8 52 52 89 31
 99 33 54 95 73 0 33 66 54 86 39 98 31 51 68 40 56 45 72 9 25 97 41 85 16 39 88 86 47 68 25 68 60 93 40 5 41 20 3 2 36 49 43 51 73 86 19 26 86 3 26 1 70 36 72 50 59 31 75 21 71 70 43 16 99 14 65 88 27 1 5 57 79 7 5 28 99 65 89 18 35 99 60 27 38 2 95 23 34 77 1 73 66 82 41 83 66 43 97 5
 69 35 22 30 29 35 0 65 65 88 62 10 82 33 32 10 65 78 82 66 48 82 74 88 16 31 39 92 72 82 11 68 55 92 64 24 67 59 3 88 99 79 38 8 29 89 3 76 31 87 56 70 84 99 19 66 83 40 58 81 48 96 63 57 69 55 62 11 26 21 56 75 48 40 80 64 83 59 56 99 12 11 16 71 96 80 26 69 11 79 78 13 93 16 28 71 33 37 7 37
 38 75 64 96 94 0 45 0 27 39 50 87 31 19 49 60 38 27 32 98 70 2 29 48 28 32 25 2 32 6 39 73 38 55 98 71 52 1 99 63 17 16 60 51 9 59 85 2 24 77 70 5 59 47 26 7 54 43 41 21 55 53 85 15 9 43 11 31 57 98 48 68 86 3 7 24 21 33 13 92 55 81 60 88 36 49 24 34 44 36 41 98 37 31 63 93 14 83 95 90
 18 95 42 76 80 90 31 51 0 21 25 24 50 60 94 59 97 9 27 67 5 0 53 67 57 92 87 98 47 70 9 99 20 6 32 33 94 80 70 72 15 23 71 18 36 92 67 88 13 68 54 51 48 80 27 25 49 91 63 42 42 39 70 66 53 7 16 98 0 91 53 61 66 52 45 49 9 99 86 78 33 16 25 24 25 80 70 72 63 74 51 44 99 20 9 74 65 95 70 41
 82 8 46 64 74 14 17 19 86 0 90 23 96 83 27 23 78 84 61 49 59 85 27 4 46 59 1 81 70 59 41 88 89 22 74 28 57 61 6 24 10 88 85 64 43 13 87 39 87 14 78 34 93 48 93 96 82 87 90 19 55 11 27 16 28 14 89 69 28 31 47 89 38 53 60 17 98 25 27 19 15 48 66 98 4 74 96 92 23 12 7 51 93 23 32 52 61 58 23 75
 24 41 6 65 2 84 37 42 51 13 0 13 36 80 90 11 11 26 64 17 44 40 39 64 5 7 23 8 35 42 36 3 62 25 22 44 99 51 5 44 41 26 23 20 65 75 96 80 93 1 9 11 32 57 89 2 78 86 58 86 47 95 21 9 92 77 17 32 48 85 66 25 39 25 54 62 37 85 9 78 42 78 59 41 71 92 23 15 36 89 38 15 51 48 62 33 10 48 51 0
 41 66 75 71 32 58 82 40 62 63 34 0 38 25 24 58 31 40 2 77 66 86 95 50 48 67 96 42 61 95 35 73 90 77 48 46 80 52 91 93 29 26 58 64 7 58 40 26 15 87 4 33 33 27 51 59 53 36 58 91 29 50 90 50 76 49 36 74 17 51 2 54 52 65 25 82 88 64 66 13 94 95 57 79 45 73 90 82 80 36 27 26 47 20 77 82 7 21 13 77
 9 62 45 86 3 51 0 7 82 5 33 47 0 32 59 79 55 52 52 42 91 13 84 9 76 96 63 66 47 80 92 77 77 82 22 84 49 36 38 26 32 9 48 61 50 37 12 50 44 36 46 25 99 65 87 22 21 82 44 14 97 14 94 5 1 46 71 62 48 80 47 51 57 39 51 44 26 46 60 50 1 31 7 99 68 7 37 69 19 46 83 18 41 43 33 73 91 41 2 43
 42 95 28 2 60 50 1 6 88 60 32 75 79 0 9 56 48 1 73 52 23 48 37 68 55 44 57 13 78 54 3 88 90 44 30 27 74 40 9 74 99 60 14 6 7 58 24 5 4 98 94 69 94 28 23 32 9 76 73 36 21 2 55 98 18 61 81 20 8 39 41 99 75 59 59 48 69 6 89 10 85 87 22 5 96 52 31 19 69 46 4 41 27 20 80 40 42 77 7 75
 75 99 1 21 11 28 49 48 27 60 70 72 63 15 0 85 40 36 92 55 77 54 53 91 79 76 70 18 59 61 73 81 54 56 35 27 36 12 38 45 96 84 84 7 62 20 85 15 44 30 99 66 25 50 23 26 94 58 69 60 28 31 13 2 72 67 30 43 70 35 41 47 25 76 93 68 58 41 69 76 92 19 99 6 23 94 30 99 79 31 62 84 22 58 17 75 62 96 40 65
 19 79 19 31 73 59 80 74 93 57 5 45 58 95 68 0 35 45 32 6 53 55 33 31 77 85 20 10 98 25 50 75 27 28 47 97 43 8 58 76 20 63 88 41 60 23 80 13 69 29 22 53 16 83 94 71 76 90 38 21 95 65 95 82 3 33 65 45 68 37 46 67 19 5 32 52 47 89 70 76 96 48 25 48 80 32 82 71 11 60 18 2 63 5 12 96 14 39 10 7
 38 71 90 1 6 20 89 4 47 14 91 53 93 19 23 27 0 14 34 59 34 22 87 64 30 2 39 40 29 60 49 92 28 40 43 45 58 31 37 46 22 49 98 37 53 87 96 78 7 75 3 47 16 17 5 60 2 60 75 15 18 49 10 91 94 11 29 46 46 63 98 14 90 93 23 47 7 83 52 1 14 16 28 53 12 14 99 3 81 25 65 74 65 93 59 1 39 64 13 29
 97 96 49 9 40 72 91 49 3 15 47 48 10 31 91 90 83 0 76 6 71 22 90 91 59 10 47 16 98 76 24 1 85 70 76 59 93 81 87 17 72 71 69 98 58 32 92 23 48 42 31 90 42 46 77 82 69 99 32 5 61 51 27 15 14 96 12 61 29 95 69 55 89 8 12 75 96 39 39 68 18 83 21 29 98 96 24 51 18 56 98 61 80 52 91 60 4 37 35 72
 35 80 0 45 53 94 59 22 59 2 39 25 44 50 71 19 18 84 0 58 81 86 14 29 47 98 98 50 16 20 19 22 71 5 20 33 2 97 99 65 75 48 37 60 95 46 82 95 0 61 59 60 80 12 3 27 55 26 10 20 86 48 75 95 76 68 92 50 47 42 4 79 88 68 19 48 14 95 73 28 12 21 11 55 86 33 88 35 82 27 22 48 16 50 48 19 45 31 95 14
 85 32 91 5 85 47 33 5 10 7 35 74 45 32 23 34 84 16 12 0 92 37 27 86 66 28 98 50 3 27 39 42 27 11 40 17 9 50 59 84 24 86 23 5 3 54 54 98 85 42 13 66 55 47 60 55 46 90 91 98 80 86 55 48 96 75 7 69 19 20 14 93 45 0 21 91 34 58 61 9 72 6 17 21 10 20 54 43 65 66 82 25 16 31 88 70 85 4 87 81
 77 27 72 3 67 46 26 43 45 90 67 57 99 10 56 34 96 69 45 0 0 26 33 59 26 42 75 60 34 59 14 18 1 93 65 78 82 46 45 6 87 64 67 45 94 21 19 87 19 75 40 78 4 99 99 40 35 68 52 79 90 17 24 69 61 7 53 19 73 51 78 84 67 21 83 80 2 22 54 22 78 49 22 12 95 56 59 99 81 88 22 93 19 6 59 53 88 66 85 8
 83 31 95 64 60 57 1 99 94 82 4 22 50 81 49 34 8 11 87 11 96 0 53 15 62 8 75 89 85 63 81 55 21 24 86 28 13 0 52 11 5 98 73 93 4 82 60 10 80 72 79 58 76 36 65 2 52 89 61 82 32 76 99 10 33 93 67 51 98 85 35 58 33 70 74 98 73 4 56 61 20 55 87 98 51 95 85 83 95 63 30 63 34 15 24 16 58 25 67 43
 36 28 58 59 16 43 14 88 50 92 14 50 55 95 72 88 47 92 53 49 87 70 0 91 59 71 5 39 66 52 6 9 46 59 17 49 57 97 57 97 39 34 29 91 66 61 20 32 26 69 68 48 81 12 23 65 1 10 41 16 30 18 44 99 91 19 9 23 47 41 50 38 33 39 77 48 11 37 32 7 55 37 54 9 59 0 59 13 79 76 1 26 55 60 1 16 10 65 15 74
 20 42 34 62 86 5 98 18 9 89 9 97 88 36 56 55 27 21 39 16 38 68 53 0 66 7 12 63 13 53 79 71 0 6 6 75 60 10 12 69 15 65 59 29 66 85 39 93 13 19 30 88 50 62 33 22 48 29 16 46 79 14 18 83 42 75 41 57 95 88 3 23 28 36 2 74 14 36 17 22 30 8 71 89 39 76 47 2 91 21 87 10 59 83 65 81 67 73 18 0
 63 18 76 54 49 22 96 10 66 77 73 57 85 76 33 42 26 24 79 90 68 68 44 80 0 76 98 94 43 18 56 96 74 5 12 14 73 76 45 67 33 23 41 13 67 79 69 58 5 28 42 27 64 86 60 55 10 19 61 28 58 49 53 10 21 88 69 11 17 19 37 37 21 52 67 71 71 30 52 77 36 18 63 61 81 41 33 8 89 99 54 94 12 45 71 97 48 68 68 26
 71 19 65 94 95 32 39 38 48 42 61 43 36 4 99 14 74 97 13 25 57 37 87 39 46 0 78 74 81 89 69 60 96 44 69 65 58 25 96 83 51 94 72 20 96 97 70 52 80 28 69 34 13 85 85 13 92 92 66 56 84 1 99 31 0 89 48 41 62 3 25 32 69 80 4 8 16 16 95 53 5 47 27 78 67 21 33 36 51 62 27 73 83 73 80 25 90 62 5 96
 20 24 11 21 99 11 45 38 14 5 61 74 45 41 50 73 92 48 47 33 47 99 6 53 81 54 0 59 76 61 11 10 23 96 23 52 26 17 69 74 7 72 12 36 33 55 98 94 77 77 13 49 40 37 73 41 58 82 93 93 55 23 64 68 89 60 99 34 20 3 11 68 23 53 74 15 91 70 57 42 95 41 88 67 96 28 48 42 56 24 53 24 17 34 55 40 70 31 15 82
 99 41 57 81 6 50 99 24 44 85 53 67 95 45 0 68 60 37 72 29 63 94 27 71 76 80 2 0 62 44 26 91 94 58 11 52 91 53 92 47 71 67 59 76 29 16 34 23 16 75 16 47 39 17 52 78 70 20 8 51 21 83 16 23 70 93 60 87 90 96 30 29 40 97 70 60 90 14 75 76 12 8 54 99 34 68 63 90 50 12 78 50 59 51 85 76 56 44 97 13
 93 22 54 9 16 0 73 98 54 47 27 35 53 93 61 34 69 45 60 67 77 42 80 98 14 94 19 19 0 18 11 2 25 83 59 55 94 72 44 57 24 45 86 0 16 88 11 30 34 26 92 16 87 93 62 27 26 19 39 24 51 42 48 28 19 72 45 76 98 12 64 69 20 82 56 50 6 18 85 46 11 35 12 75 59 62 28 73 91 37 1 43 29 45 76 55 74 61 53 24
 86 66 81 10 55 21 27 77 53 86 8 17 16 28 39 80 9 64 53 91 32 14 76 87 79 66 80 98 50 0 77 59 61 62 17 84 89 38 8 43 18 86 86 6 33 95 44 25 98 98 4 6 59 64 30 12 95 47 83 54 78 80 6 25 30 75 66 42 64 99 20 6 1 74 77 77 34 81 35 52 76 99 33 78 28 52 76 43 17 67 20 11 41 67 86 47 82 39 54 96
 72 49 68 94 15 18 48 33 5 82 29 78 60 43 83 1 7 12 14 40 80 56 17 16 47 19 64 18 1 8 0 68 55 28 21 52 51 13 24 70 33 29 4 65 37 99 52 31 49 23 98 31 86 20 24 93 27 38 89 79 7 19 40 83 35 10 15 95 20 7 16 67 4 37 56 15 6 89 54 99 15 36 68 63 79 60 0 12 29 48 77 84 28 9 2 12 2 92 98 15
 95 48 7 64 82 8 94 56 35 7 62 12 89 6 32 17 43 50 59 81 1 42 8 10 80 39 80 79 90 79 9 0 96 17 86 80 69 72 19 16 6 99 45 74 31 63 49 0 50 90 77 46 72 86 29 88 11 38 56 71 47 26 81 7 7 55 62 2 7 40 7 93 56 94 32 38 82 21 97 14 93 35 43 12 75 50 48 94 20 96 41 0 17 18 9 40 89 81 97 44
 41 11 90 98 35 15 38 72 48 17 46 66 78 47 54 68 77 80 74 10 76 9 43 12 11 43 96 14 4 72 13 9 0 22 21 51 97 23 65 24 62 63 71 40 88 52 44 87 28 13 79 11 43 36 12 96 19 56 71 55 36 39 37 77 16 37 30 0 1 46 14 55 37 20 60 9 1 54 21 27 64 60 44 41 38 70 53 90 74 89 11 61 18 50 60 86 53 89 0 87
 68 34 52 60 63 66 27 38 77 64 37 25 96 89 4 9 31 19 58 60 3 65 58 48 64 24 44 68 96 16 82 51 32 0 64 79 12 57 99 87 72 32 86 18 34 52 52 75 97 67 79 4 29 9 33 53 50 4 18 29 80 55 47 51 10 42 42 24 5 73 84 88 74 73 83 74 0 61 49 13 37 76 33 93 93 57 20 60 62 23 20 83 19 99 67 56 50 10 41 30
 47 31 0 13 80 33 93 4 52 32 13 74 62 58 16 20 18 45 29 1 2 7 80 56 16 51 76 8 85 47 63 12 45 90 0 7 71 9 56 28 90 84 78 4 87 88 33 25 71 28 40 85 0 71 51 81 73 34 86 74 66 91 86 31 40 44 55 60 70 73 67 52 55 14 98 72 84 2 28 19 55 56 77 16 79 54 35 40 33 68 35 42 98 63 96 40 32 5 17 41
 0 4 10 77 19 50 77 42 22 12 33 25 28 28 44 55 87 68 44 40 82 3 50 86 24 71 72 90 40 45 32 85 0 86 94 0 4 70 7 69 59 64 86 2 4 57 11 86 33 48 33 13 72 5 18 9 15 33 76 50 7 9 50 57 0 73 32 26 22 12 41 95 32 17 19 67 16 22 28 88 18 32 64 41 19 59 39 97 26 39 85 6 14 87 71 49 66 45 7 0
 74 42 76 34 60 15 71 21 36 37 72 91 88 61 7 62 80 24 81 17 25 96 77 95 33 61 80 13 23 27 94 19 99 92 79 55 0 7 47 8 0 66 84 97 20 28 63 95 59 93 79 15 49 40 29 5 10 22 35 54 17 9 90 66 73 15 18 65 13 46 9 1 36 47 57 79 89 14 59 15 78 55 91 59 3 31 41 40 85 49 64 80 94 62 67 56 62 84 83 93
 15 40 28 82 34 71 31 21 29 54 9 38 27 3 51 74 47 6 95 14 42 31 34 53 48 28 71 74 65 85 77 38 66 43 14 11 33 0 79 44 83 28 88 83 95 71 57 89 24 54 87 77 29 45 99 22 98 54 91 31 77 83 40 58 52 23 46 23 32 89 53 75 66 72 26 69 78 14 70 27 60 94 37 48 16 90 54 84 7 24 7 60 92 79 78 76 90 9 38 21
 35 50 19 95 95 15 46 83 4 67 77 20 75 65 82 53 16 75 6 86 6 97 51 74 42 22 68 96 48 21 28 96 36 24 2 12 53 78 0 95 28 93 99 3 12 93 21 57 85 76 15 31 5 5 55 76 18 90 31 52 32 20 92 70 45 43 74 48 80 6 26 33 71 88 72 83 27 45 95 21 61 82 7 22 59 38 32 91 72 71 93 85 3 80 76 7 15 97 26 56
 23 47 45 29 88 49 58 53 55 31 21 29 99 59 75 96 0 69 3 2 51 50 63 22 91 75 66 35 1 10 61 79 79 68 14 53 25 71 93 0 12 88 51 1 87 20 7 77 71 76 82 11 32 17 26 40 96 29 8 82 33 2 56 34 49 22 30 85 14 2 5 9 31 36 23 4 20 16 1 92 15 41 35 44 63 90 32 36 67 37 58 87 81 13 88 77 59 30 98 13
 70 37 41 10 93 13 96 91 24 95 13 78 96 34 93 56 93 63 0 76 9 28 28 50 92 85 44 48 44 17 90 52 1 27 31 46 83 88 37 2 0 54 52 12 41 93 26 61 79 51 69 22 79 15 70 36 50 10 48 0 95 14 60 26 82 99 4 8 84 1 80 27 28 62 7 3 64 60 48 82 44 95 91 71 88 10 79 3 70 78 45 75 75 1 60 51 31 92 18 50
 57 83 97 14 95 35 43 64 49 90 56 87 51 79 73 20 54 93 32 91 82 63 36 41 11 93 27 24 93 13 26 88 73 17 91 78 15 82 95 28 70 0 63 72 21 65 31 7 98 48 58 1 40 45 45 52 31 87 39 14 39 23 81 62 30 2 47 29 18 90 97 28 11 61 59 96 8 51 85 94 63 77 37 53 29 73 56 32 1 11 29 42 41 20 31 64 6 2 96 47
 81 11 21 52 84 34 13 8 89 59 20 62 95 34 86 67 41 17 85 0 77 92 66 13 45 81 70 48 25 55 82 32 19 1 72 83 12 45 98 59 16 39 0 68 7 18 84 75 46 73 61 52 71 33 56 71 4 69 82 64 64 67 48 25 82 15 28 73 20 86 94 98 71 74 93 10 90 32 65 3 61 72 56 12 42 88 81 92 63 0 81 50 18 10 33 23 48 49 59 39
 13 91 9 93 90 29 90 46 62 59 15 19 55 16 44 5 53 41 37 41 90 77 0 42 51 15 76 18 92 28 96 47 66 17 75 55 42 40 46 77 39 6 59 0 63 83 18 28 6 51 59 27 26 13 30 92 90 18 86 80 58 8 44 37 67 6 71 92 19 46 30 21 20 13 40 15 41 7 90 54 41 30 50 20 60 12 87 36 64 58 66 51 37 58 52 5 60 74 29 14
 90 79 62 46 28 59 64 99 34 34 1 68 29 82 20 22 54 61 7 37 68 41 37 45 99 78 13 48 4 94 70 24 44 45 31 10 44 56 1 58 72 26 86 2 0 17 41 25 55 30 63 98 26 7 98 59 11 42 11 31 83 67 46 39 20 6 5 61 15 42 95 25 82 37 37 62 63 62 13 58 79 94 49 53 98 38 27 38 69 39 94 69 19 88 0 70 45 4 8 2
 13 3 88 29 97 93 98 62 16 51 28 38 17 0 80 29 84 21 43 82 84 14 61 4 5 52 67 33 30 77 21 45 10 4 99 53 62 80 42 97 65 28 40 82 83 0 16 14 95 27 85 22 86 79 37 79 57 92 41 70 90 71 29 3 71 65 61 38 33 7 78 73 10 55 23 33 71 79 64 74 77 28 8 46 52 73 25 81 0 71 2 88 17 80 79 61 86 99 71 85
 60 76 31 37 51 76 19 22 21 54 80 16 44 72 50 69 47 2 51 12 46 86 5 33 59 26 56 2 71 82 99 13 92 71 39 42 94 76 98 92 35 28 68 12 64 45 0 35 48 32 9 75 56 31 51 9 6 32 34 8 22 99 76 44 47 52 29 12 20 88 69 81 19 36 42 1 56 78 77 27 51 33 10 7 55 52 33 22 50 68 2 67 86 54 10 84 54 29 82 86
 88 83 93 50 5 1 26 39 83 53 46 50 75 95 40 43 61 26 86 66 68 73 62 18 52 51 5 75 47 10 29 31 35 86 83 2 59 89 86 80 86 29 42 32 88 0 26 0 37 59 31 78 28 9 98 58 20 39 51 35 13 77 88 43 26 33 60 51 59 71 98 47 40 36 49 18 27 68 20 66 24 74 58 55 91 63 40 68 37 78 35 94 78 29 90 79 29 33 16 47
 83 28 92 81 14 54 10 1 80 69 37 34 69 23 14 43 6 39 15 38 5 78 11 81 26 16 51 59 28 94 19 65 14 93 41 4 79 1 72 57 97 42 43 58 93 94 47 62 0 26 25 10 40 53 19 8 93 33 62 50 66 31 67 1 91 59 39 22 99 19 72 3 75 86 51 76 22 88 27 26 73 78 41 35 78 66 87 92 6 25 14 68 99 5 41 27 76 78 75 77
 40 90 50 5 95 27 81 75 83 26 17 98 91 95 51 61 21 44 56 16 77 72 56 53 81 90 7 4 72 70 11 26 68 89 22 60 24 87 20 71 54 72 58 61 32 89 93 69 71 0 64 54 3 38 13 51 85 24 70 84 84 34 17 8 79 28 71 38 1 12 26 50 94 76 38 4 59 61 66 46 79 22 2 58 30 21 26 12 84 59 61 64 70 53 55 89 79 87 44 14
 57 81 50 27 80 3 90 31 20 95 26 95 40 94 89 15 82 51 78 13 22 63 90 69 71 58 49 28 65 73 49 55 53 52 91 51 95 58 24 33 37 1 0 8 29 30 94 67 60 67 0 31 71 9 69 49 98 86 12 85 71 60 4 67 41 16 60 81 77 23 52 73 69 33 23 11 84 56 10 2 57 80 1 8 9 34 86 7 27 5 68 86 40 64 4 32 1 42 38 28
 75 73 69 87 22 77 49 74 72 39 50 10 96 89 32 9 71 60 81 93 80 27 80 28 38 98 32 81 32 41 14 32 24 73 55 0 47 44 0 82 57 43 12 82 91 6 93 11 69 8 43 0 63 10 96 9 30 57 90 49 62 24 8 52 48 70 94 14 39 49 49 68 92 80 4 79 8 11 1 92 12 88 31 96 98 67 86 14 32 62 49 43 25 37 52 76 30 48 56 88
 52 61 71 35 59 79 94 96 31 29 33 38 93 16 93 31 87 40 28 28 25 66 11 61 32 60 6 19 85 81 71 76 34 36 62 54 43 60 39 88 38 88 83 65 11 60 45 90 99 20 97 10 0 64 90 96 67 74 25 2 28 6 79 51 35 28 16 89 87 73 51 39 87 11 98 93 10 39 96 85 66 81 73 75 12 51 92 29 20 3 2 41 33 25 14 44 13 18 17 71
 38 42 97 69 38 45 9 34 24 40 8 36 99 58 91 7 30 95 93 13 37 46 0 34 34 48 6 77 83 89 3 43 74 13 32 65 98 33 10 31 43 52 78 45 48 27 17 72 32 64 77 74 22 0 61 27 73 9 95 56 65 5 62 59 19 58 11 80 72 49 33 41 87 21 35 31 70 33 81 45 84 50 42 80 13 58 36 52 49 14 65 37 63 56 71 70 40 81 37 85
 21 78 34 36 46 40 21 7 85 87 23 99 96 48 29 32 71 14 87 39 27 24 3 93 92 1 45 7 27 68 12 4 67 10 69 55 53 22 74 68 40 69 14 75 92 32 6 39 85 38 24 75 72 91 0 17 50 46 45 75 57 93 52 99 90 64 35 32 50 24 3 84 74 68 92 92 71 71 77 95 10 96 35 62 74 59 36 81 45 41 52 89 75 1 73 52 77 28 67 51
 63 65 81 15 31 36 94 40 98 19 89 61 53 23 13 56 8 4 39 12 6 35 9 88 86 23 47 42 9 54 81 59 5 9 52 96 89 17 63 78 62 42 4 62 21 68 34 39 35 93 50 17 19 58 23 0 0 49 47 41 98 14 84 91 57 98 28 22 35 83 2 52 38 38 93 48 12 33 83 9 1 15 13 33 75 45 2 59 76 79 21 26 70 85 57 93 0 80 14 93
 54 21 85 65 2 95 8 89 42 76 46 69 28 2 45 97 81 45 0 69 57 37 18 68 67 6 1 95 85 8 8 36 37 27 22 86 67 77 63 55 10 74 1 44 0 39 48 63 98 91 97 37 48 12 53 25 0 91 11 34 48 3 26 31 89 25 99 81 63 19 11 11 61 1 55 4 35 26 41 33 52 9 19 40 78 11 57 5 24 64 62 38 87 22 81 5 8 71 31 33
 1 27 59 94 35 31 80 78 25 12 52 64 35 59 34 34 70 66 55 16 63 41 8 85 2 49 37 53 95 15 11 54 77 36 60 97 62 20 30 3 93 36 34 85 77 75 48 62 73 96 1 80 35 81 63 70 85 0 60 56 90 51 22 13 44 18 22 59 26 73 70 65 59 22 94 27 18 69 4 27 32 19 69 7 45 63 16 25 52 65 64 25 52 16 38 62 76 22 83 9
 65 74 72 36 64 91 91 77 59 44 99 78 89 52 66 35 41 59 12 54 1 4 91 84 41 87 54 26 4 28 67 29 39 29 66 87 16 20 65 99 94 58 41 45 97 32 93 86 47 20 28 85 98 4 24 63 72 18 0 36 60 46 56 37 39 19 8 31 24 28 39 17 75 67 14 72 88 55 41 71 61 15 44 93 13 55 76 56 96 61 32 81 9 38 41 12 91 21 12 48
 62 54 83 65 99 42 1 62 48 24 4 33 51 71 35 96 12 52 13 49 40 74 56 1 88 32 86 53 46 12 35 26 20 63 54 18 4 76 96 88 12 66 86 23 15 66 84 6 68 15 73 49 18 88 63 25 15 83 37 0 48 57 37 41 92 7 2 66 65 49 59 30 40 39 36 96 65 66 41 11 20 91 83 83 99 45 89 12 92 40 84 97 88 48 31 4 10 56 87 92
 2 22 82 51 0 29 52 8 45 74 34 68 18 45 26 13 43 67 72 81 0 20 23 51 65 35 76 91 81 1 40 93 48 75 52 92 25 1 74 5 10 68 69 1 30 20 61 62 35 53 93 21 83 67 4 82 26 64 16 99 0 3 98 97 14 90 74 18 78 28 29 13 2 95 71 22 1 30 72 77 9 15 19 31 62 51 19 31 30 99 33 53 48 93 10 79 47 52 52 59
 13 68 19 62 98 7 72 46 43 49 30 14 83 44 31 65 26 63 53 95 93 57 95 52 5 44 43 26 82 34 64 83 63 2 98 41 4 33 91 39 41 17 38 1 1 79 17 39 21 52 0 1 89 5 89 41 73 89 23 28 18 0 34 60 10 94 57 15 39 73 24 63 18 3 61 42 94 51 25 47 18 74 40 90 83 45 94 46 64 48 7 5 80 61 33 92 53 48 11 58
 5 27 50 18 18 62 12 81 51 28 10 56 12 91 26 4 72 55 34 21 95 98 58 9 62 56 72 94 91 46 82 10 15 56 7 94 93 58 94 11 18 55 28 32 52 1 74 32 18 62 28 52 72 44 45 69 72 0 5 29 48 11 0 49 55 71 57 11 52 20 71 27 88 62 45 68 18 27 90 39 26 10 86 64 25 62 97 43 0 87 17 91 72 19 48 96 82 70 62 69
 98 91 17 53 21 1 81 74 82 79 74 38 71 94 50 17 21 38 94 19 75 9 59 73 85 26 39 94 12 60 8 73 14 2 14 72 78 4 39 94 93 70 80 34 93 30 11 3 91 12 61 13 45 21 60 43 78 47 64 81 84 80 5 0 67 11 58 44 4 77 78 58 17 96 91 75 43 66 41 24 90 37 38 4 59 28 92 14 77 88 76 40 30 82 70 43 28 31 69 53
 7 66 54 47 28 68 78 22 28 45 35 10 25 73 71 89 62 0 3 29 54 92 30 54 97 54 59 89 30 83 8 86 72 82 26 2 50 87 9 53 65 80 69 58 3 94 43 9 8 22 86 90 40 22 87 77 44 60 26 50 27 21 79 88 0 56 73 26 31 20 74 87 14 57 59 1 70 39 74 40 54 97 21 33 65 55 88 81 30 13 58 38 20 6 29 36 28 99 69 2
 58 88 35 16 8 16 14 83 41 59 12 39 76 47 50 2 79 17 88 65 91 62 31 19 58 47 17 15 39 26 48 93 18 16 20 42 60 66 89 15 90 73 92 55 8 58 20 60 72 28 72 56 2 65 51 50 76 16 80 24 14 11 60 78 72 0 58 97 14 80 61 85 41 65 42 50 96 28 43 13 13 49 25 8 7 32 32 95 67 11 66 96 44 51 88 45 61 44 47 28
 62 96 34 56 30 66 57 61 28 14 14 6 14 49 88 76 2 96 98 83 33 26 14 30 38 86 42 69 29 36 33 77 90 11 8 69 12 26 82 23 38 12 92 30 3 28 36 7 79 9 2 83 52 21 70 2 75 98 17 93 33 14 41 57 22 46 0 13 77 96 99 83 64 68 15 17 85 20 50 17 41 2 62 56 88 44 15 7 18 55 66 80 73 68 15 65 30 52 53 17
 98 65 38 47 74 3 46 39 36 86 60 20 11 9 58 20 41 3 80 47 90 93 53 88 58 83 51 79 93 86 48 2 30 88 28 15 19 51 79 85 69 6 76 82 83 53 0 94 2 76 67 20 96 94 94 99 24 16 73 44 95 77 58 57 66 68 93 0 6 77 72 2 97 78 88 32 17 82 36 55 41 81 19 58 13 93 78 93 86 51 90 36 10 98 80 45 28 79 56 88
 20 60 73 26 56 22 46 72 90 5 93 2 28 92 56 73 46 45 92 37 28 66 67 47 41 3 14 54 77 83 51 18 64 5 10 32 71 4 34 64 88 1 61 87 11 5 55 17 67 38 42 35 72 29 34 14 37 51 89 97 47 28 3 99 83 41 61 37 0 50 66 67 96 53 32 87 18 71 30 68 97 24 80 14 63 0 10 77 91 47 9 50 10 55 83 19 22 60 48 34
 20 29 54 41 46 23 14 78 13 89 15 80 15 28 6 23 66 24 36 3 40 26 69 62 1 75 35 54 14 2 73 99 24 10 41 84 67 14 96 60 36 16 79 12 10 56 61 51 58 52 88 97 79 91 9 1 81 85 61 46 89 39 36 77 2 1 82 32 61 0 27 59 57 17 60 33 25 80 13 15 32 34 20 4 46 16 52 73 7 40 82 13 90 73 46 57 72 76 88 11
 82 75 23 71 11 43 35 18 28 53 64 60 57 27 66 75 30 20 3 76 82 88 64 85 70 88 44 85 49 72 77 19 39 10 62 97 52 51 48 7 62 37 7 17 65 30 10 65 90 65 26 67 90 3 28 40 97 27 90 68 25 41 39 33 4 34 19 18 5 86 0 0 60 90 61 70 91 9 48 55 19 42 43 23 67 48 89 39 85 49 85 98 72 99 6 83 94 99 55 10
 42 53 74 68 99 86 25 57 49 90 38 85 99 69 65 57 96 31 96 65 79 40 14 7 81 56 95 97 66 16 25 46 1 20 70 0 9 33 3 87 5 15 60 63 25 85 94 72 41 26 72 19 70 66 78 89 78 69 27 31 93 90 89 3 51 97 51 99 4 5 59 0 9 59 14 42 23 25 31 81 38 55 98 55 22 83 83 58 80 98 20 51 66 88 30 0 97 5 93 32
 7 64 2 75 67 28 96 84 78 45 49 85 32 28 25 74 38 9 58 42 12 60 56 38 98 74 98 74 87 11 7 17 21 71 54 47 50 10 19 66 12 63 20 7 18 98 46 27 42 73 35 64 53 59 36 32 28 78 51 97 38 12 81 12 22 57 90 52 49 58 62 91 0 54 71 98 32 40 36 77 99 8 90 61 93 56 92 88 80 2 37 87 78 45 47 7 17 39 18 90
 66 33 27 0 50 6 72 8 89 44 21 8 25 70 89 97 32 17 97 12 94 85 79 15 93 54 71 19 33 36 11 86 36 15 12 64 98 91 32 28 80 49 8 6 56 7 22 54 52 62 46 22 20 46 98 40 73 74 42 6 46 49 7 62 14 77 64 99 64 34 90 4 65 0 76 4 90 13 65 84 32 26 67 40 95 61 4 43 99 45 29 63 10 23 73 98 15 52 6 17
 7 92 42 78 40 83 5 1 1 71 63 15 85 40 30 58 50 91 43 0 30 93 95 82 35 8 15 8 10 38 35 53 84 18 33 66 89 25 84 90 81 85 97 17 78 83 40 57 86 86 24 5 54 94 18 70 11 49 77 68 13 31 42 66 78 3 66 43 30 81 4 75 91 70 0 36 22 68 7 50 86 19 41 0 89 11 94 93 45 19 51 14 74 1 93 36 8 73 9 6
 53 67 40 34 94 81 8 75 64 30 97 62 5 0 13 80 13 85 35 93 52 63 18 76 26 27 2 30 63 74 7 50 10 23 33 94 57 31 58 96 36 27 36 17 15 95 87 44 79 33 58 51 77 70 95 78 64 3 36 97 51 77 21 16 30 78 65 51 1 2 53 73 71 40 51 0 19 91 42 74 6 73 3 38 66 53 43 51 46 74 30 98 1 15 51 52 70 54 79 0
 32 72 75 25 59 42 47 2 19 78 9 71 71 10 53 24 28 3 12 15 60 63 26 21 33 30 41 30 77 66 54 28 64 10 55 78 64 9 40 0 40 48 0 85 40 1 53 13 25 75 23 77 2 81 90 66 29 3 82 21 77 85 99 85 91 25 4 87 98 36 7 23 75 96 69 87 0 81 49 12 90 4 29 61 1 50 27 66 61 20 62 42 77 4 78 53 62 82 71 69
 79 39 72 26 69 20 24 68 85 5 73 56 63 87 52 12 29 15 90 31 9 55 80 82 43 62 43 86 21 14 49 49 26 19 38 44 18 62 85 59 55 12 25 53 64 14 12 90 18 92 66 96 98 65 61 13 88 25 58 8 2 93 57 63 50 32 81 93 48 12 91 67 62 67 65 86 8 0 8 78 31 69 62 46 44 92 4 42 44 69 38 17 33 51 40 68 11 30 3 23
 23 87 1 66 43 11 55 92 41 12 20 30 23 25 9 25 98 5 62 79 86 52 66 90 22 7 97 8 16 94 23 66 28 94 84 13 52 69 21 83 0 68 62 16 88 62 83 88 52 58 13 31 6 14 59 90 18 66 53 14 49 59 32 3 70 22 20 31 81 66 41 26 23 76 39 72 96 56 0 5 57 43 97 10 41 1 78 56 94 99 94 84 91 29 41 95 80 16 63 88
 7 65 52 67 39 93 73 71 90 50 4 89 76 93 50 60 40 38 64 26 18 19 44 4 53 10 57 73 48 95 9 79 43 24 22 69 4 39 40 46 18 4 26 76 19 34 27 35 90 39 36 84 34 9 6 3 48 95 89 28 87 1 28 69 90 93 98 47 10 26 65 11 34 66 67 56 13 0 46 0 54 95 83 21 53 98 22 16 41 54 95 56 0 90 2 53 5 37 51 13
 7 32 3 46 12 84 8 73 72 83 4 67 1 81 63 55 84 75 19 70 13 18 37 13 46 22 69 15 57 0 40 87 81 9 44 13 38 75 1 47 33 77 77 74 25 58 17 64 78 11 29 54 17 47 25 9 41 89 70 53 70 24 40 27 86 45 56 66 77 36 20 0 89 10 12 23 81 25 5 24 0 71 63 28 98 40 60 91 61 64 99 16 88 4 30 30 31 34 92 4
 40 5 38 96 35 30 81 59 67 61 53 70 11 62 66 7 6 74 16 41 35 3 30 52 29 12 37 60 73 34 16 5 48 54 76 44 70 33 60 99 11 39 98 67 30 9 88 53 83 78 78 87 30 91 92 44 92 88 79 20 58 31 46 8 46 12 16 7 93 39 89 26 6 50 10 41 62 37 89 26 43 0 34 2 28 25 26 93 93 93 54 25 52 63 49 47 23 8 56 33
 50 19 76 2 10 86 52 40 42 44 29 76 22 16 6 90 27 99 8 90 66 32 48 3 66 86 31 53 91 82 78 23 22 53 66 43 96 43 76 82 89 19 80 96 66 26 46 96 58 2 88 7 40 93 32 66 9 36 39 91 3 26 68 33 42 92 99 3 28 86 39 81 33 3 66 68 17 41 20 18 57 21 0 12 75 93 64 55 21 52 41 32 66 87 18 48 94 52 53 90
 62 25 51 53 4 23 44 38 88 32 28 53 52 1 24 33 46 12 29 28 33 62 78 34 58 71 80 41 69 51 31 9 37 59 73 57 76 72 59 0 69 26 9 7 29 30 1 20 20 27 44 37 41 25 60 68 65 73 40 41 65 33 99 95 66 98 31 19 76 78 64 97 84 75 41 75 35 12 75 56 15 46 69 0 52 95 67 93 89 80 46 97 87 32 29 26 65 30 48 1
 94 61 17 95 45 49 71 17 38 21 44 45 44 30 59 14 90 40 35 58 87 43 2 53 97 56 77 64 60 65 90 23 32 72 50 18 17 99 91 21 45 8 34 54 90 16 28 23 22 13 58 11 60 12 41 24 28 73 44 95 56 39 16 95 27 42 0 35 60 88 76 97 64 67 8 12 34 56 68 32 73 42 65 39 0 94 51 81 76 32 42 15 13 69 95 84 11 67 25 89
 69 79 7 72 81 72 34 64 33 55 30 83 13 20 34 95 58 20 24 31 90 49 85 88 75 34 7 57 5 77 69 63 74 19 32 92 33 2 2 50 84 19 28 61 36 71 55 51 54 25 79 72 56 48 32 56 13 33 55 30 69 77 77 77 7 52 34 31 32 28 76 0 91 13 11 77 95 85 79 44 30 15 6 65 74 0 71 34 2 52 8 91 89 54 82 41 26 47 70 90
 93 62 14 72 95 97 2 90 63 58 11 38 43 51 37 36 86 70 28 35 8 70 95 94 2 95 51 49 46 90 22 7 78 25 61 71 2 26 82 67 6 54 99 1 37 29 21 45 48 44 37 17 3 13 29 79 17 86 77 75 69 91 17 23 63 20 48 62 63 18 31 88 41 95 88 80 61 74 75 23 85 63 92 4 65 60 0 17 31 36 53 45 78 8 72 68 19 90 65 58
 32 74 58 44 72 18 60 57 91 9 47 30 72 79 8 11 55 83 58 56 36 59 92 96 62 72 56 20 20 64 16 3 25 67 54 54 33 12 23 86 99 17 62 73 16 18 96 12 24 18 92 87 49 87 52 1 83 38 63 22 27 76 93 88 3 76 35 44 20 51 12 71 77 71 2 71 40 7 79 46 95 14 67 35 50 76 87 0 94 43 58 10 86 27 83 65 78 46 62 77
 99 46 3 21 64 31 17 23 74 74 45 68 36 48 91 55 21 13 47 82 74 82 21 82 96 11 85 10 42 28 96 85 8 20 73 5 17 81 84 99 20 22 13 13 27 98 26 91 45 8 13 73 7 51 32 85 54 32 3 24 18 23 22 36 70 96 10 24 7 85 17 41 28 61 25 0 66 93 27 30 43 68 30 60 39 7 7 75 0 53 5 65 67 33 15 22 26 99 24 5
 97 67 96 51 56 84 85 48 73 29 18 80 39 83 63 0 81 72 41 91 93 79 4 90 93 82 54 43 54 87 19 68 89 99 8 28 6 71 69 68 48 49 1 81 80 61 45 48 15 73 10 51 92 77 95 44 77 29 61 56 48 66 8 68 71 38 5 95 5 50 23 64 70 52 81 90 51 99 15 15 20 94 48 99 81 78 51 93 75 0 33 99 70 35 55 33 99 85 98 17
 25 23 19 36 77 71 63 63 54 5 82 83 45 74 30 69 66 41 94 86 60 59 41 16 74 96 70 18 47 31 40 17 51 22 48 87 24 65 51 17 50 72 93 50 30 31 93 42 9 34 6 87 86 75 56 53 45 55 79 3 66 12 93 60 29 86 60 11 94 3 10 60 80 25 92 61 70 88 88 48 97 55 73 55 85 85 80 68 59 28 0 34 77 20 13 10 3 78 64 98
 44 15 78 79 9 19 9 73 77 46 43 43 37 7 37 13 40 94 68 35 48 39 63 14 8 13 90 30 49 32 9 37 59 16 95 91 44 83 3 21 24 11 44 26 31 45 11 48 84 39 37 98 59 40 24 78 16 80 67 22 38 83 41 27 1 21 96 4 95 20 44 20 58 58 65 25 78 10 51 71 0 29 60 28 97 41 32 96 25 39 86 0 66 69 12 27 2 47 71 82
 4 70 78 91 69 59 5 0 92 75 95 50 93 83 18 43 31 55 47 95 1 24 66 37 66 25 50 37 28 12 7 21 46 56 91 20 7 93 22 4 49 34 28 46 18 7 11 10 19 28 34 90 96 37 47 81 86 81 21 81 77 76 35 51 19 30 44 19 55 6 5 95 7 58 26 99 65 5 83 18 82 68 56 76 96 74 87 43 35 75 20 55 0 70 22 47 17 57 35 36
 40 66 55 75 91 61 71 80 55 9 33 84 56 80 62 87 70 96 53 86 55 46 24 88 64 55 63 75 58 38 93 64 41 38 96 7 16 40 66 73 9 54 50 73 91 41 83 47 98 59 60 36 24 25 49 18 83 43 56 91 22 7 49 35 48 88 96 62 13 94 68 28 3 10 20 68 4 60 84 8 20 41 48 1 74 58 22 4 82 85 77 9 17 0 3 85 55 87 60 5
 93 0 3 18 93 73 13 41 91 57 86 66 36 96 51 23 93 67 99 10 6 5 78 82 67 77 21 30 58 96 27 51 65 75 0 27 75 5 54 55 41 78 34 22 57 22 55 30 26 85 1 59 98 58 83 55 33 96 55 41 44 69 40 2 50 58 71 97 42 88 52 48 47 46 50 5 22 6 3 57 70 22 16 9 30 38 65 6 57 34 97 7 25 13 0 64 88 43 71 91
 58 88 58 46 87 21 69 96 56 20 66 38 88 16 87 21 50 26 40 52 17 95 29 82 68 10 2 47 97 63 27 85 26 43 75 57 56 64 24 12 22 49 50 95 72 45 15 76 52 35 83 99 74 71 59 61 95 9 63 1 61 0 24 9 34 42 46 0 88 14 61 51 50 31 60 2 57 53 57 22 18 81 2 90 37 59 21 63 94 76 79 68 26 80 77 0 34 19 2 22
 14 66 84 31 66 16 73 72 90 56 7 47 52 61 82 66 1 87 65 39 83 11 16 91 93 90 87 71 51 85 48 56 75 12 82 70 30 74 67 10 3 3 94 65 55 20 67 67 66 52 0 26 12 81 30 88 40 60 81 54 21 81 38 40 10 25 35 6 5 14 1 79 6 88 46 13 17 1 4 19 57 46 83 5 60 0 68 15 79 50 46 26 49 92 3 72 0 15 41 11
 98 88 22 15 48 55 55 85 23 85 66 80 36 24 42 79 46 21 25 49 56 17 8 90 3 97 32 65 9 96 71 2 82 62 97 19 22 15 27 8 89 47 10 79 28 66 19 54 71 45 35 30 1 13 67 97 25 19 18 0 82 75 18 1 54 87 23 5 77 84 2 74 19 1 95 73 64 49 15 16 13 27 32 44 25 5 61 77 69 77 4 77 78 55 4 40 9 0 0 92
 46 81 91 40 81 86 47 67 40 27 72 96 50 85 21 7 40 12 41 85 52 78 39 1 44 88 93 62 32 21 14 43 44 60 65 7 75 9 91 22 11 34 24 17 91 56 53 39 66 78 67 63 30 65 28 61 98 61 19 4 58 69 58 69 2 81 5 29 29 28 31 87 82 87 39 83 9 64 98 60 25 81 77 75 66 48 17 24 45 86 35 46 2 72 32 17 40 7 0 15
 33 12 67 67 47 25 41 12 51 70 92 51 14 40 22 29 5 63 20 74 33 56 74 8 30 98 45 83 31 85 78 16 91 46 63 38 88 82 92 75 18 82 93 56 15 39 48 64 74 79 91 46 75 20 13 17 67 73 95 36 10 7 38 22 99 64 11 81 85 93 72 16 27 51 67 78 10 65 59 32 14 68 29 87 5 94 21 55 42 56 36 23 70 41 57 77 20 26 24 0
