20

 0 95 22 76 64 56 40 82 16 82 89 3 5 5 5 92 98 22 45 67
 5 0 85 83 12 36 97 91 38 19 34 97 71 47 17 0 84 15 88 20
 78 15 0 17 16 67 63 67 9 36 11 13 86 8 30 41 87 45 46 93
 24 17 83 0 30 5 46 7 57 97 68 47 58 96 56 63 22 75 59 8
 36 88 84 70 0 66 95 66 84 81 52 62 19 41 5 18 71 74 10 14
 44 64 33 95 34 0 99 86 68 52 34 74 64 71 74 2 50 78 2 30
 60 3 37 54 5 1 0 84 2 67 59 52 38 67 8 12 47 77 99 60
 18 9 33 93 34 14 16 0 32 19 74 31 92 72 72 12 91 54 81 7
 84 62 91 43 16 32 98 68 0 7 24 5 36 77 30 14 47 19 70 12
 18 81 64 3 19 48 33 81 93 0 64 34 70 16 39 8 54 99 79 56
 11 66 89 32 48 66 41 26 76 36 0 71 82 66 15 89 81 73 78 5
 97 3 87 53 38 26 48 69 95 66 29 0 56 93 91 81 82 46 55 90
 95 29 14 42 81 36 62 8 64 30 18 44 0 59 51 21 95 8 87 25
 95 53 92 4 59 29 33 28 23 84 34 7 41 0 98 37 74 57 6 6
 95 83 70 44 95 26 92 28 70 61 85 9 49 2 0 48 64 54 60 67
 8 100 59 37 82 98 88 88 86 92 11 19 79 63 52 0 5 58 30 82
 2 16 13 78 29 50 53 9 53 46 19 18 5 26 36 95 0 3 49 14
 78 85 55 25 26 22 23 46 81 1 27 54 92 43 46 42 97 0 37 26
 55 12 54 41 90 98 1 19 30 21 22 45 13 94 40 70 51 63 0 99
 33 80 7 92 86 70 40 93 88 44 95 10 75 94 33 18 86 74 1 0
