40

 0 63 8 93 44 15 79 40 92 83 20 69 83 13 54 41 25 71 54 36 38 45 3 62 10 58 85 59 29 65 18 57 12 72 97 63 80 78 0 71
 37 0 37 87 71 51 47 99 74 81 76 79 95 62 83 40 59 43 81 74 62 29 98 33 49 49 11 77 54 31 44 34 0 42 8 84 96 49 29 8
 92 63 0 34 93 22 80 60 1 50 22 50 43 84 45 75 46 61 13 47 21 35 76 13 77 93 58 11 44 71 59 48 60 70 92 47 13 56 62 25
 7 13 66 0 55 42 29 81 89 41 43 75 41 75 53 43 12 62 32 19 55 82 75 51 89 87 7 36 68 79 38 31 37 64 33 75 87 55 77 39
 56 29 7 45 0 90 84 46 63 39 85 84 43 3 4 38 68 72 16 10 96 99 0 87 60 16 67 82 71 44 97 18 17 92 44 30 18 1 31 50
 85 49 78 58 10 0 34 16 77 33 87 61 74 84 24 39 36 18 74 87 31 64 12 56 17 31 32 90 27 17 28 83 18 80 71 28 28 91 65 24
 21 53 20 71 16 66 0 9 51 16 79 14 21 78 7 41 63 91 73 61 98 33 42 35 31 51 61 55 34 81 41 76 70 73 82 39 9 26 91 11
 60 1 40 19 54 84 91 0 0 35 33 20 96 71 22 57 91 47 59 32 39 92 35 9 37 44 89 9 96 97 44 12 64 51 72 60 9 9 2 60
 8 26 99 11 37 23 49 100 0 94 12 2 49 47 1 51 35 10 7 81 88 76 69 35 8 45 54 10 65 40 36 2 48 73 82 68 91 8 25 50
 17 19 50 59 61 67 84 65 6 0 85 90 92 83 45 42 79 41 36 81 43 65 30 32 60 85 40 14 95 88 43 9 74 28 39 20 17 94 45 5
 80 24 78 57 15 13 21 67 88 15 0 99 47 74 85 13 87 93 49 70 65 64 17 42 42 61 9 40 79 14 1 65 83 45 48 63 83 65 6 24
 31 21 50 25 16 39 86 80 98 10 1 0 73 80 98 26 87 77 56 47 47 17 64 24 92 61 71 87 77 3 93 14 88 45 82 56 41 69 82 74
 17 5 57 59 57 26 79 4 51 8 53 27 0 25 5 25 56 60 94 98 86 4 21 56 34 84 98 61 37 51 29 61 19 0 94 38 49 93 11 92
 87 38 16 25 97 16 22 29 53 17 26 20 75 0 45 70 47 28 28 88 56 55 45 96 9 56 58 49 11 46 79 10 58 74 40 32 71 35 86 72
 46 17 55 47 96 76 93 78 99 55 15 2 95 55 0 84 63 33 15 52 16 79 52 86 0 97 81 69 41 61 93 23 64 98 87 36 73 80 55 45
 59 60 25 57 62 61 59 43 49 58 87 74 75 30 16 0 13 91 26 44 61 58 64 98 89 0 82 72 25 10 28 56 92 9 59 46 83 93 30 45
 75 41 54 88 32 64 37 9 65 21 13 13 44 53 37 87 0 95 76 96 15 81 40 13 68 32 17 50 41 19 44 28 66 7 71 55 24 27 64 22
 29 57 39 38 28 82 9 53 90 59 7 23 40 72 67 9 5 0 4 60 86 59 87 84 24 54 68 65 39 67 80 97 48 13 23 82 53 30 12 86
 46 19 87 68 84 26 27 41 93 64 51 44 6 72 85 74 24 96 0 32 5 59 92 91 73 20 52 26 87 70 47 13 37 99 59 11 45 33 28 75
 64 26 53 81 90 13 39 68 19 19 30 53 2 12 48 56 4 40 68 0 83 17 2 45 45 80 13 2 55 88 61 25 15 5 31 65 33 4 61 51
 62 38 79 45 4 69 2 61 12 57 35 53 14 44 84 39 85 14 95 17 0 46 48 30 95 6 81 21 44 30 72 80 0 34 79 49 22 7 9 26
 55 71 65 18 1 36 67 8 24 35 36 83 96 45 21 42 19 41 41 83 54 0 97 12 15 44 34 31 22 73 53 95 2 75 84 99 27 50 87 45
 97 2 24 25 100 88 58 65 31 70 83 36 79 55 48 36 60 13 8 98 52 3 0 86 14 50 58 38 71 45 20 85 42 33 19 39 90 41 75 29
 38 67 87 49 13 44 65 91 65 68 58 76 44 4 14 2 87 16 9 55 70 88 14 0 61 19 79 88 47 54 18 28 91 21 99 8 91 63 83 78
 90 51 23 11 40 83 69 63 92 40 58 8 66 91 100 11 32 76 27 55 5 85 86 39 0 51 77 22 48 73 96 62 60 98 83 84 48 78 28 30
 42 51 7 13 84 69 49 56 55 15 39 39 16 44 3 100 68 46 80 20 94 56 50 81 49 0 77 17 41 46 69 47 94 17 32 90 95 3 52 25
 15 89 42 93 33 68 39 11 46 60 91 29 2 42 19 18 83 32 48 87 19 66 42 21 23 23 0 77 70 56 80 56 98 62 37 63 6 55 12 54
 41 23 89 64 18 10 45 91 90 86 60 13 39 51 31 28 50 35 74 98 79 69 62 12 78 83 23 0 6 24 30 31 89 62 46 30 41 15 68 90
 71 46 56 32 29 73 66 4 35 5 21 23 63 89 59 75 59 61 13 45 56 78 29 53 52 59 30 94 0 65 28 60 96 21 81 20 57 23 84 32
 35 69 29 21 56 83 19 3 60 12 86 97 49 54 39 90 81 33 30 12 70 27 55 46 27 54 44 76 35 0 33 13 81 93 30 53 24 16 44 99
 82 56 41 62 3 72 59 56 64 57 99 7 71 21 7 72 56 20 53 39 28 47 80 82 4 31 20 70 72 67 0 74 50 92 95 4 6 51 4 9
 43 66 52 69 82 17 24 88 98 91 35 86 39 90 77 44 72 3 87 75 20 5 15 72 38 53 44 69 40 87 26 0 72 42 19 46 37 65 67 76
 88 100 40 63 83 82 30 36 52 26 17 12 81 42 36 8 34 52 63 85 100 98 58 9 40 6 2 11 4 19 50 28 0 18 65 36 52 57 30 49
 28 58 30 36 8 20 27 49 27 72 55 55 100 26 2 91 93 87 1 95 66 25 67 79 2 83 38 38 79 7 8 58 82 0 69 89 34 34 2 17
 3 92 8 67 56 29 18 28 18 61 52 18 6 60 13 41 29 77 41 69 21 16 81 1 17 68 63 54 19 70 5 81 35 31 0 65 95 95 48 64
 37 16 53 25 70 72 61 40 32 80 37 44 62 68 64 54 45 18 89 35 51 1 61 92 16 10 37 70 80 47 96 54 64 11 35 0 70 11 4 15
 20 4 87 13 82 72 91 91 9 83 17 59 51 29 27 17 76 47 55 67 78 73 10 9 52 5 94 59 43 76 94 63 48 66 5 30 0 30 35 72
 22 51 44 45 99 9 74 91 92 6 35 31 7 65 20 7 73 70 67 96 93 50 59 37 22 97 45 85 77 84 49 35 43 66 5 89 70 0 62 18
 100 71 38 23 69 35 9 98 75 55 94 18 89 14 45 70 36 88 72 39 91 13 25 17 72 48 88 32 16 56 96 33 70 98 52 96 65 38 0 32
 29 92 75 61 50 76 89 40 50 95 76 26 8 28 55 55 78 14 25 49 74 55 71 22 70 75 46 10 68 1 91 24 51 83 36 85 28 82 68 0
