40

 0 77 66 8 91 70 59 35 53 61 17 46 52 0 93 49 46 54 37 70 55 2 35 44 34 45 19 86 4 16 46 80 81 25 48 82 63 75 7 29
 80 0 47 26 73 0 41 43 84 8 83 45 39 60 79 24 19 76 1 29 6 39 65 21 29 77 76 53 94 24 85 55 78 30 15 94 49 29 19 57
 46 0 0 19 97 98 92 63 78 2 47 83 94 26 11 55 69 7 67 11 25 44 61 11 80 32 66 60 64 50 31 6 43 75 0 25 40 7 60 48
 68 94 82 0 96 49 73 96 66 8 77 48 98 69 7 98 3 26 10 41 38 35 97 76 77 25 23 48 37 95 71 42 13 54 89 13 52 22 81 62
 90 44 59 79 0 33 51 43 58 15 10 83 97 11 79 58 35 32 28 51 31 37 51 83 12 34 79 94 48 72 45 32 50 13 48 33 98 88 99 45
 93 67 83 13 83 0 50 4 13 75 36 14 24 2 98 56 62 80 19 56 39 2 31 4 65 49 12 80 95 0 75 87 21 1 89 42 31 24 27 57
 19 63 87 28 91 40 0 60 55 26 99 56 99 97 2 76 53 77 69 13 8 77 84 52 14 96 39 42 43 6 61 19 49 13 58 86 49 87 17 84
 3 40 34 45 29 98 60 0 96 74 96 13 27 41 39 89 82 71 39 97 26 18 78 12 4 76 20 19 79 14 84 89 41 11 16 85 21 48 99 83
 18 83 17 20 51 63 49 69 0 32 84 99 73 71 44 75 1 55 3 29 71 20 45 8 2 15 33 76 44 28 77 51 55 85 17 39 12 93 51 29
 29 65 71 79 76 25 48 12 57 0 46 73 41 17 65 39 20 79 49 32 60 79 18 30 20 54 94 53 99 53 15 90 31 81 95 86 51 49 15 3
 61 86 91 69 94 66 50 56 86 77 0 72 73 27 24 63 93 79 56 55 56 73 4 25 71 88 55 66 46 27 37 65 94 18 53 5 44 87 19 45
 75 92 60 46 67 9 69 87 38 46 35 0 10 12 45 30 48 65 44 6 65 38 33 3 41 17 12 95 45 18 66 67 56 29 91 65 61 37 77 6
 76 17 42 23 5 60 86 80 49 26 26 86 0 8 28 63 71 24 15 26 66 62 63 67 79 82 22 87 48 98 44 95 89 5 11 48 35 71 29 23
 11 12 20 83 86 59 62 13 58 81 25 69 17 0 73 19 19 47 87 8 45 91 79 66 76 7 36 32 42 9 64 90 79 72 95 55 83 20 31 16
 68 59 92 67 44 88 19 0 58 38 73 63 31 6 0 9 65 53 92 91 77 32 45 37 86 18 41 6 29 99 65 73 33 52 33 5 35 40 91 65
 48 88 82 35 87 24 42 50 93 85 46 96 90 70 79 0 69 65 1 73 15 95 27 74 79 82 88 46 16 60 78 94 82 92 70 28 60 9 67 27
 21 92 6 11 91 97 92 76 97 37 91 61 78 8 32 24 0 17 31 85 76 48 38 7 81 38 50 0 66 44 6 6 29 61 66 2 41 1 3 58
 28 67 13 88 20 54 34 16 99 62 29 75 49 79 62 22 42 0 75 97 97 66 21 11 58 83 93 40 83 6 74 76 72 34 78 81 26 8 96 11
 1 30 8 19 56 5 85 95 93 1 82 21 63 98 95 81 76 25 0 74 81 84 6 10 49 62 85 49 59 86 12 61 52 57 46 73 8 18 2 58
 56 68 20 24 70 27 1 87 84 9 73 83 32 98 16 13 12 35 85 0 33 99 45 85 67 47 58 32 30 39 53 71 47 52 81 99 48 95 32 76
 21 71 16 9 86 90 57 84 59 27 84 72 58 19 44 6 96 22 52 78 0 66 60 11 11 27 24 20 33 9 0 50 14 25 7 70 43 85 1 45
 33 24 45 40 57 17 39 44 64 52 18 2 82 50 31 65 17 15 92 41 40 0 65 28 20 67 7 74 58 59 71 44 57 28 67 88 61 91 39 95
 0 84 86 18 7 61 5 44 32 85 99 75 30 63 12 52 59 29 28 84 70 4 0 85 12 75 5 66 23 54 65 47 24 34 61 71 6 53 49 5
 41 8 6 32 33 35 64 65 5 46 28 0 41 94 9 8 18 59 92 2 81 88 14 0 19 39 4 10 95 44 52 37 66 31 66 94 62 98 3 54
 67 13 56 23 44 77 25 51 95 34 28 33 83 90 47 63 57 64 15 84 53 88 71 28 0 27 74 33 97 76 25 47 77 64 13 42 15 46 71 7
 85 34 36 19 65 22 38 81 76 52 14 22 10 97 74 67 50 83 72 19 2 56 65 73 47 0 87 99 56 34 14 50 27 9 16 30 65 25 44 83
 10 46 67 46 75 12 45 59 30 54 83 15 72 69 9 83 25 69 19 6 33 7 98 5 93 39 0 0 7 93 29 73 56 22 88 84 86 21 62 54
 86 25 53 40 38 29 70 47 97 32 60 4 89 54 98 95 14 29 86 77 38 5 69 91 78 92 83 0 94 3 0 16 67 37 58 12 96 5 19 67
 50 48 46 80 48 37 2 68 0 64 69 92 43 58 61 60 0 77 61 15 86 80 69 58 77 50 96 16 0 22 82 72 32 38 96 69 0 45 50 27
 54 25 76 59 45 51 1 37 0 44 58 11 25 81 32 47 16 60 32 13 89 78 37 44 20 95 28 66 2 0 61 18 43 59 56 93 21 17 34 61
 91 60 96 86 96 50 69 94 55 33 71 36 2 3 44 17 55 4 71 69 34 95 37 34 51 50 82 10 32 92 0 52 35 10 22 35 29 76 33 95
 79 64 22 45 27 42 20 92 2 64 91 16 74 81 95 80 89 70 42 19 26 52 9 19 17 47 76 92 91 88 17 0 66 64 88 95 21 31 34 13
 43 89 51 53 77 47 72 49 15 88 87 94 37 40 54 13 54 93 84 73 96 61 31 71 95 76 86 11 27 47 24 31 0 15 20 39 38 69 51 80
 86 26 18 59 23 25 87 48 69 18 21 59 85 78 4 14 91 1 79 5 12 74 26 94 80 51 51 96 92 73 77 45 96 0 90 88 64 30 82 16
 42 93 8 76 17 63 99 56 93 53 54 6 83 16 42 69 48 52 95 99 46 42 26 29 34 93 46 30 41 72 7 76 61 38 0 80 70 44 75 0
 25 82 52 99 69 43 67 53 98 99 40 40 60 70 64 0 44 39 34 31 80 65 40 5 26 51 91 99 98 78 85 0 4 37 83 0 13 62 61 28
 93 75 1 20 18 77 13 26 54 10 24 37 59 40 14 29 4 65 52 9 64 35 55 46 52 86 40 21 30 45 86 78 95 61 50 18 0 51 62 20
 70 80 3 5 37 85 44 17 80 96 13 24 80 57 31 44 97 23 37 35 50 51 45 43 42 48 32 32 42 33 0 24 29 39 62 12 19 0 63 94
 27 29 32 3 66 11 54 53 92 34 21 50 65 65 43 17 61 5 39 91 92 69 4 40 37 97 7 60 68 96 32 4 37 73 31 58 63 42 0 98
 46 53 22 54 42 98 84 48 77 55 5 18 68 42 31 58 85 97 24 60 56 29 92 54 31 57 55 12 37 15 22 92 21 43 14 50 17 15 9 0
