30

 0 16 51 48 93 57 27 49 72 19 56 58 61 82 43 89 99 50 81 41 9 10 62 57 14 13 32 19 84 94
 84 0 31 36 77 27 31 33 12 43 25 93 47 76 4 28 29 22 53 79 74 51 36 80 98 33 77 56 22 56
 49 69 0 28 45 49 5 66 75 80 35 58 11 2 84 78 5 71 0 83 90 87 92 14 55 63 80 2 91 10
 52 64 72 0 5 32 17 3 1 77 95 80 37 98 90 1 96 45 75 46 30 43 22 24 45 35 69 66 32 75
 7 23 55 95 0 42 42 25 32 89 79 83 48 14 53 29 87 49 88 18 14 3 82 57 72 58 45 17 68 33
 43 73 51 68 58 0 93 50 79 77 87 37 80 72 40 36 86 2 4 31 79 52 20 94 93 91 71 82 98 39
 73 69 95 83 58 7 0 56 88 76 65 31 9 49 5 81 31 45 54 33 30 58 88 14 54 87 8 21 80 90
 51 67 34 97 75 50 44 0 17 3 55 69 71 97 59 18 33 91 51 72 11 14 14 5 16 27 89 68 39 3
 28 88 25 99 68 21 12 83 0 19 16 54 60 11 95 59 25 85 0 14 64 51 35 59 82 51 96 61 85 20
 81 57 20 23 11 23 24 97 81 0 53 50 95 23 80 4 13 17 33 44 29 45 20 2 41 58 71 5 88 50
 44 75 65 5 21 13 35 45 84 47 0 28 18 17 31 61 52 16 4 14 4 80 71 42 54 35 52 47 16 29
 42 7 42 20 17 63 69 31 46 50 72 0 9 69 77 23 58 66 67 37 31 13 69 22 61 67 73 4 86 54
 39 53 89 63 52 20 91 29 40 5 82 91 0 96 58 90 67 20 2 93 90 14 57 62 36 87 75 55 31 64
 18 24 98 2 86 28 51 3 89 77 83 31 4 0 96 16 21 85 67 95 45 58 82 87 53 29 80 81 13 60
 57 96 16 10 47 60 95 41 5 20 69 23 42 4 0 63 81 57 6 64 28 33 57 61 48 49 41 96 52 38
 11 72 22 99 71 64 19 82 41 96 39 77 10 84 37 0 32 90 60 10 64 27 71 99 98 39 62 49 2 49
 1 71 95 4 13 14 69 67 75 87 48 42 33 79 19 68 0 56 54 23 71 21 62 0 20 28 93 4 76 89
 50 78 29 55 51 98 55 9 15 83 84 34 80 15 43 10 44 0 27 21 48 85 10 64 99 39 88 54 87 10
 19 47 100 25 12 96 46 49 100 67 96 33 98 33 94 40 46 73 0 7 77 98 83 65 40 44 36 29 74 28
 59 21 17 54 82 69 67 28 86 56 86 63 7 5 36 90 77 79 93 0 89 67 49 48 65 24 34 86 22 20
 91 26 10 70 86 21 70 89 36 71 96 69 10 55 72 36 29 52 23 11 0 40 13 16 10 82 26 39 3 47
 90 49 13 57 97 48 42 86 49 55 20 87 86 42 67 73 79 15 2 33 60 0 73 87 47 69 88 22 8 24
 38 64 8 78 18 80 12 86 65 80 29 31 43 18 43 29 38 90 17 51 87 27 0 83 50 14 0 6 97 27
 43 20 86 76 43 6 86 95 41 98 58 78 38 13 39 1 100 36 35 52 84 13 17 0 55 19 20 84 84 1
 86 2 45 55 28 7 46 84 18 59 46 39 64 47 52 2 80 1 60 35 90 53 50 45 0 20 18 59 55 39
 87 67 37 65 42 9 13 73 49 42 65 33 13 71 51 61 72 61 56 76 18 31 86 81 80 0 47 86 70 10
 68 23 20 31 55 29 92 11 4 29 48 27 25 20 59 38 7 12 64 66 74 12 100 80 82 53 0 18 2 80
 81 44 98 34 83 18 79 32 39 95 53 96 45 19 4 51 96 46 71 14 61 78 94 16 41 14 82 0 30 41
 16 78 9 68 32 2 20 61 15 12 84 14 69 87 48 98 24 13 26 78 97 92 3 16 45 30 98 70 0 79
 6 44 90 25 67 61 10 97 80 50 71 46 36 40 62 51 11 90 72 80 53 76 73 99 61 90 20 59 21 0
