50

 0 49 34 4 85 46 31 91 77 55 18 63 54 40 93 37 16 24 63 65 45 96 69 55 99 10 78 16 64 44 77 31 41 78 61 48 39 73 56 29 77 44 59 62 66 58 70 48 74 41
 72 0 45 72 19 80 65 60 52 69 88 56 41 98 86 95 29 8 85 49 85 62 34 18 14 94 10 84 78 8 88 13 15 25 57 34 71 92 28 76 96 45 87 92 11 49 88 60 55 84
 40 76 0 95 37 9 47 49 94 98 28 7 98 30 83 93 33 3 20 45 4 26 36 81 36 63 1 4 24 24 24 67 19 93 24 65 6 58 97 37 31 8 16 37 48 0 12 25 44 97
 22 15 90 0 34 98 17 37 70 90 54 40 57 31 50 23 88 74 67 94 47 85 71 6 8 87 52 23 14 17 48 20 9 73 22 22 48 24 96 16 28 3 90 10 99 44 12 37 29 82
 59 43 18 74 0 64 43 8 84 53 67 71 55 84 1 79 91 46 81 94 36 16 29 36 41 62 0 53 65 89 83 53 78 81 29 98 94 40 61 2 86 56 40 4 56 87 67 77 29 14
 37 96 58 94 81 0 99 46 47 82 32 34 6 92 10 32 8 72 7 70 14 20 91 71 59 74 67 33 51 95 83 67 45 31 72 69 96 37 42 58 20 29 54 69 81 1 88 5 2 96
 97 47 90 69 57 59 0 53 7 67 1 81 97 83 95 14 12 90 37 48 94 55 1 83 61 41 8 46 9 13 23 47 96 95 89 15 92 84 25 82 79 88 50 99 53 90 30 48 18 64
 94 94 61 22 24 66 72 0 39 80 91 38 68 70 72 17 13 39 89 13 31 55 96 22 83 17 79 61 99 72 25 83 76 27 71 80 28 86 26 90 23 67 65 90 76 11 88 84 40 88
 42 29 8 73 15 94 77 85 0 21 77 97 75 63 31 40 61 29 53 27 30 78 92 13 21 42 93 86 34 72 99 10 45 38 82 90 78 53 81 21 30 52 4 67 92 72 19 69 60 14
 9 32 31 71 78 57 83 52 0 0 40 14 69 71 87 81 36 80 67 8 19 65 58 52 30 6 80 34 12 48 56 25 98 2 89 94 80 7 40 8 67 53 15 21 17 83 56 28 61 85
 6 63 0 89 67 4 26 68 5 66 0 22 91 59 36 71 7 10 27 60 95 56 55 69 75 1 77 52 7 19 78 48 65 86 36 26 27 76 74 45 61 12 2 67 24 92 4 65 27 45
 5 39 30 93 90 1 57 8 94 48 5 0 62 23 30 25 91 61 95 41 0 79 73 49 84 94 68 51 54 71 96 76 85 23 96 43 68 7 48 85 17 5 70 16 47 82 2 72 6 67
 71 90 38 75 72 66 61 63 60 24 97 3 0 78 24 61 92 34 25 87 13 57 3 54 32 63 20 81 28 20 32 72 55 79 84 20 4 75 34 48 69 59 32 69 97 89 64 26 11 85
 35 66 20 67 86 52 2 29 54 68 55 49 57 0 60 89 28 56 69 92 42 26 21 28 42 15 49 84 8 63 15 85 61 17 49 96 66 13 44 4 7 43 81 78 40 96 42 10 36 97
 32 55 29 27 22 57 19 82 32 43 27 42 67 18 0 36 48 4 89 68 36 89 17 60 16 10 56 56 93 24 22 89 55 37 95 74 63 56 87 11 60 28 48 52 15 15 41 75 74 21
 60 48 30 2 19 72 16 9 47 80 49 98 69 56 21 0 46 21 73 44 52 52 14 10 90 89 89 93 41 5 11 78 21 74 51 61 58 72 58 4 2 78 98 46 80 27 61 73 49 91
 64 46 2 7 44 68 75 71 7 88 76 12 16 74 0 19 0 28 36 48 79 26 82 53 24 26 34 69 71 37 57 2 36 38 6 58 88 86 27 43 0 35 24 46 87 24 0 80 28 51
 26 59 35 40 45 56 16 37 73 20 38 50 69 54 1 64 68 0 52 38 66 78 62 24 97 47 71 35 38 79 39 47 83 13 67 34 94 69 13 27 78 85 2 59 99 89 50 87 83 34
 53 7 30 37 92 83 52 67 85 15 42 15 54 22 16 27 23 30 0 0 37 96 48 27 58 19 41 24 76 58 78 28 3 90 40 49 60 34 62 14 87 81 3 8 9 9 92 23 95 77
 66 48 16 49 55 40 50 35 1 53 69 28 62 20 31 19 55 41 9 0 5 54 46 10 12 7 38 20 16 98 78 65 89 73 2 60 15 40 73 71 18 35 85 83 56 85 67 76 63 0
 48 57 0 43 46 2 80 53 97 26 81 59 68 54 0 60 20 97 25 24 0 49 54 23 72 89 30 57 60 5 14 24 47 54 97 67 96 16 73 59 45 60 16 25 45 18 90 74 4 6
 79 19 32 94 98 66 96 48 30 10 96 70 55 56 52 74 10 78 17 8 29 0 28 62 74 2 66 41 22 14 76 80 59 73 57 63 61 62 62 82 99 36 74 54 85 56 55 33 81 43
 55 89 11 49 38 36 24 42 45 72 68 65 54 65 88 27 7 82 73 16 90 54 0 68 55 14 72 70 30 5 8 68 94 73 27 70 11 96 49 88 61 39 38 25 7 28 26 89 5 29
 54 9 48 10 86 3 38 81 62 10 70 31 67 25 45 12 18 50 64 78 11 38 45 0 0 95 49 40 36 86 17 26 0 29 59 15 46 90 49 15 32 31 22 15 95 63 27 23 85 29
 86 93 3 3 46 47 62 99 31 52 83 51 25 44 39 83 57 37 83 4 71 60 72 55 0 58 74 26 16 17 23 37 43 72 49 37 90 36 60 0 10 11 54 92 71 53 20 64 71 36
 83 70 86 13 82 44 39 13 97 57 97 44 97 87 5 74 10 36 35 72 27 30 92 34 12 0 32 0 98 90 94 49 56 35 7 83 92 93 1 76 72 85 69 23 82 74 95 76 93 54
 81 67 53 68 55 65 97 87 22 1 87 82 26 68 41 24 86 48 61 58 72 20 33 46 79 14 0 75 45 52 81 10 0 88 42 92 2 0 60 75 53 64 50 80 14 88 55 92 75 8
 74 30 24 98 70 33 28 67 39 60 39 96 29 9 9 31 9 47 21 15 42 45 13 83 10 69 13 0 68 36 55 2 42 93 37 88 19 2 58 52 67 82 82 48 9 73 21 21 22 57
 59 57 54 6 2 74 15 2 82 86 34 62 78 86 49 87 78 66 22 3 61 62 97 27 2 47 42 19 0 45 6 80 33 93 15 90 97 37 15 51 48 28 77 59 3 97 95 76 59 99
 16 42 99 78 57 58 51 74 53 6 11 25 41 97 0 46 61 88 55 11 65 16 13 63 96 70 10 77 95 0 86 19 57 78 95 23 32 62 65 64 27 55 60 94 40 85 85 38 76 4
 21 13 51 93 66 46 85 29 27 18 24 30 46 94 83 96 71 44 7 2 79 90 45 16 11 80 68 23 32 5 0 72 64 47 72 46 47 54 7 79 4 68 68 66 9 12 71 99 32 40
 36 80 91 71 67 85 55 11 88 76 15 91 61 24 99 48 53 18 19 72 64 31 25 24 96 10 45 23 97 27 38 0 78 38 20 12 3 23 56 54 83 57 20 61 14 84 63 52 56 32
 86 69 94 53 11 84 19 67 41 77 1 82 65 86 55 63 42 46 37 81 89 71 3 7 49 17 48 89 99 95 35 43 0 3 20 40 84 83 61 49 66 38 66 3 91 61 10 23 88 7
 70 31 68 12 32 90 62 59 18 58 23 51 20 91 35 39 88 86 19 78 45 56 21 37 53 74 13 18 41 7 80 81 60 0 24 33 45 30 28 80 99 28 85 81 89 39 46 65 36 78
 29 77 14 79 47 95 24 93 78 3 83 58 52 58 36 62 20 37 62 81 57 10 72 20 12 26 27 86 24 10 82 13 71 25 0 53 54 55 6 83 32 43 31 82 52 73 64 38 2 7
 13 93 32 23 70 20 7 97 22 72 48 15 45 59 65 18 27 36 55 84 39 9 7 87 9 77 46 35 62 76 1 36 11 73 40 0 85 93 30 89 87 21 53 40 67 66 6 46 51 80
 85 70 46 44 94 18 32 32 5 8 36 60 27 14 48 63 97 85 68 43 39 20 31 63 61 15 65 41 31 85 30 97 56 49 55 37 0 66 0 72 42 41 6 2 81 61 86 29 15 55
 13 28 30 59 41 30 99 70 78 90 10 67 66 59 6 6 10 43 79 34 23 91 72 39 1 45 85 94 76 92 16 63 14 85 36 2 86 0 9 85 9 91 38 91 67 65 71 24 39 87
 52 61 94 62 82 8 79 62 33 82 85 71 32 39 32 74 37 8 3 34 67 39 25 4 11 62 21 30 52 9 94 49 65 25 21 0 43 99 0 11 64 85 1 24 96 52 69 77 18 82
 16 27 45 2 43 89 1 96 46 4 0 29 65 8 80 0 99 72 43 71 64 81 61 16 97 24 63 40 29 33 67 52 35 96 12 71 89 28 53 0 25 22 21 65 12 90 95 70 72 93
 89 58 72 52 36 61 57 4 12 92 52 15 20 58 66 6 93 10 96 98 47 74 42 6 55 33 3 73 53 94 65 68 47 45 85 69 46 68 78 56 0 39 38 10 39 24 2 85 98 15
 47 5 45 1 73 33 16 66 29 93 53 85 54 53 27 33 6 70 13 67 85 77 70 34 6 70 84 34 62 48 28 51 73 27 93 21 71 71 55 72 46 0 37 9 20 55 90 81 64 0
 29 47 94 87 61 22 73 94 35 20 16 26 44 49 19 89 73 96 93 45 53 34 45 27 71 30 67 29 94 5 37 45 93 84 93 76 7 20 76 86 69 44 0 14 56 91 97 19 70 27
 61 85 23 27 87 63 78 3 94 77 16 79 65 80 97 59 87 40 27 60 19 0 20 15 43 34 55 53 28 11 78 47 61 98 54 75 45 8 39 69 74 86 60 0 28 81 8 15 62 27
 66 80 35 1 90 51 0 2 98 39 96 87 57 7 79 91 71 27 82 69 12 38 47 17 72 76 43 96 49 87 79 55 35 45 80 42 22 20 66 48 40 49 57 11 0 76 5 59 13 40
 88 3 40 88 61 90 31 55 1 34 66 13 6 36 73 1 84 57 22 48 20 9 21 83 52 32 84 13 77 24 90 19 57 68 54 31 84 75 97 56 29 34 88 79 62 0 27 25 97 64
 34 37 19 68 13 90 27 59 60 16 68 20 93 43 64 63 98 52 41 63 32 81 26 5 33 65 33 11 83 90 81 72 5 30 55 1 64 79 52 9 17 8 23 48 21 71 0 70 86 75
 52 13 43 49 65 40 46 4 57 94 30 92 95 39 10 63 63 75 75 64 48 37 57 41 41 15 33 69 56 46 6 66 52 87 45 3 16 93 75 51 93 12 47 73 75 96 14 0 80 53
 40 42 44 26 87 25 98 15 97 93 31 4 23 55 17 35 37 56 59 58 87 99 22 36 67 18 14 29 41 45 88 18 20 11 21 81 5 42 63 16 30 19 29 7 95 98 19 54 0 33
 23 42 82 0 90 69 75 81 47 93 65 90 25 89 50 59 36 83 8 49 71 70 53 16 49 61 93 39 81 45 42 56 76 93 21 21 84 71 79 87 14 14 34 78 95 74 17 61 61 0
