50

 0 90 80 68 62 17 66 85 76 86 75 6 57 47 38 39 42 38 61 62 25 76 63 98 6 10 61 58 63 14 45 78 48 28 23 34 95 38 99 73 69 47 85 38 16 96 62 16 41 2
 10 0 25 76 57 79 24 11 23 26 3 17 63 7 13 57 95 33 70 23 62 82 6 82 0 61 95 58 13 25 29 4 52 2 60 10 10 3 65 66 94 14 81 97 11 76 90 73 25 39
 20 75 0 34 19 23 62 83 36 45 29 63 84 28 64 98 92 65 74 91 17 80 94 79 50 20 25 21 60 36 11 88 99 17 92 44 48 42 18 35 70 48 58 93 88 12 33 48 8 22
 32 24 66 0 61 72 37 68 14 13 99 6 35 9 28 68 44 89 45 94 59 66 24 62 56 98 14 30 77 63 22 52 20 50 11 45 9 44 16 11 65 48 14 89 32 77 36 8 68 1
 38 43 81 39 0 4 43 67 85 40 49 48 25 17 13 62 7 79 0 87 36 5 74 49 96 33 62 64 94 82 18 95 62 48 3 13 28 24 28 41 58 54 16 68 19 42 72 72 4 59
 83 21 77 28 96 0 92 7 95 58 24 28 67 45 61 58 74 77 38 38 68 50 23 64 7 41 27 36 45 10 65 14 0 25 14 3 79 1 29 56 42 50 42 14 59 73 97 76 57 98
 34 76 38 63 57 8 0 58 3 27 35 10 63 15 10 33 37 85 23 81 36 95 62 67 83 30 29 17 70 53 14 42 55 19 53 49 23 23 60 11 31 81 72 4 12 33 62 40 46 56
 15 89 17 32 33 93 42 0 95 5 78 84 69 17 83 65 60 16 53 48 92 59 62 75 27 17 17 17 9 5 77 19 69 86 23 23 16 56 56 86 5 33 64 84 97 55 79 92 67 50
 24 77 64 86 15 5 97 5 0 18 70 31 9 55 45 16 83 94 1 70 47 17 22 76 10 92 40 83 18 44 91 1 23 19 55 52 26 80 68 77 26 91 36 5 34 20 81 12 6 0
 14 74 55 87 60 42 73 95 82 0 8 67 35 98 45 22 96 39 5 25 41 36 21 82 59 47 44 35 65 77 45 80 2 22 5 6 62 6 68 14 7 78 31 66 58 61 77 63 2 24
 25 97 71 1 51 76 65 22 30 92 0 36 53 37 98 16 62 28 43 80 53 16 96 28 86 64 60 26 66 1 17 38 37 71 70 52 67 91 41 92 61 30 48 88 10 46 24 89 96 20
 94 83 37 94 52 72 90 16 69 33 64 0 8 93 92 94 87 71 43 60 52 95 24 18 3 68 69 31 43 55 60 56 28 43 25 97 37 91 67 86 80 89 33 56 42 98 60 52 24 65
 43 37 16 65 75 33 37 31 91 65 47 92 0 31 79 20 60 57 94 27 47 54 4 73 52 0 83 46 66 91 79 18 12 3 28 96 73 28 69 41 37 55 15 9 68 82 92 74 97 25
 53 93 72 91 83 55 85 83 45 2 63 7 69 0 89 34 82 52 25 20 2 64 79 89 81 22 57 37 67 73 25 56 16 21 91 31 64 94 31 70 39 95 34 72 79 71 98 80 56 15
 62 87 36 72 87 39 90 17 55 55 2 8 21 11 0 51 38 70 88 24 5 23 10 25 47 1 43 55 99 88 62 68 1 54 55 2 14 78 54 12 77 3 17 80 28 12 10 49 77 39
 61 43 2 32 38 42 67 35 84 78 84 6 80 66 49 0 14 57 9 93 59 99 68 47 8 73 36 42 95 43 53 36 50 84 18 94 82 17 45 11 73 9 8 16 14 61 3 93 98 89
 58 5 8 56 93 26 63 40 17 4 38 13 40 18 62 86 0 11 52 5 86 19 65 15 97 38 96 60 2 99 93 70 59 53 74 81 44 9 58 53 0 34 5 76 3 86 92 11 80 54
 62 67 35 11 21 23 15 84 6 61 72 29 43 48 30 43 89 0 44 68 50 67 50 31 43 44 36 79 19 9 8 10 14 93 32 78 14 20 34 38 61 78 9 71 98 84 15 31 99 21
 39 30 26 55 100 62 77 47 99 95 57 57 6 75 12 91 48 56 0 80 32 23 48 10 38 65 45 2 34 22 9 77 86 55 66 73 54 77 1 74 2 67 27 74 65 8 12 82 37 46
 38 77 9 6 13 62 19 52 30 75 20 40 73 80 76 7 95 32 20 0 40 17 46 25 78 16 28 81 3 85 44 15 81 27 30 17 72 61 0 70 14 88 40 43 27 41 69 55 93 82
 75 38 83 41 64 32 64 8 53 59 47 48 53 98 95 41 14 50 68 60 0 38 41 90 61 60 3 12 9 57 97 63 72 15 11 20 36 19 19 0 25 57 32 42 20 61 52 34 24 17
 24 18 20 34 95 50 5 41 83 64 84 5 46 36 77 1 81 33 77 83 62 0 34 43 44 28 14 13 39 66 74 5 15 74 99 37 6 71 14 49 0 99 43 96 97 89 95 91 78 13
 37 94 6 76 26 77 38 38 78 79 4 76 96 21 90 32 35 50 52 54 59 66 0 81 33 14 47 23 69 96 63 2 39 49 78 64 77 74 47 42 22 98 7 31 45 68 40 36 29 46
 2 18 21 38 51 36 33 25 24 18 72 82 27 11 75 53 85 69 90 75 10 57 19 0 84 58 1 65 19 94 75 77 37 62 44 67 29 27 5 24 48 11 28 59 9 15 37 16 77 36
 94 100 50 44 4 93 17 73 90 41 14 97 48 19 53 92 3 57 62 22 39 56 67 16 0 16 75 60 37 30 1 48 63 68 68 71 58 59 29 17 40 85 23 39 75 70 71 28 84 51
 90 39 80 2 67 59 70 83 8 53 36 32 100 78 99 27 62 56 35 84 40 72 86 42 84 0 73 29 58 73 59 14 17 9 50 35 79 30 1 80 96 31 2 91 47 77 34 12 82 96
 39 5 75 86 38 73 71 83 60 56 40 31 17 43 57 64 4 64 55 72 97 86 53 99 25 27 0 26 45 37 47 64 90 11 11 50 50 35 53 62 12 25 24 34 28 14 99 50 14 2
 42 42 79 70 36 64 83 83 17 65 74 69 54 63 45 58 40 21 98 19 88 87 77 35 40 71 74 0 59 0 47 86 50 31 36 25 59 78 64 87 53 29 76 3 35 91 99 40 38 71
 37 87 40 23 6 55 30 91 82 35 34 57 34 33 1 5 98 81 66 97 91 61 31 81 63 42 55 41 0 7 64 38 20 75 12 96 12 40 32 5 59 41 8 14 99 1 48 15 71 33
 86 75 64 37 18 90 47 95 56 23 99 45 9 27 12 57 1 91 78 15 43 34 4 6 70 27 63 100 93 0 74 62 52 31 29 97 37 4 51 68 18 99 90 72 3 26 55 36 85 0
 55 71 89 78 82 35 86 23 9 55 83 40 21 75 38 47 7 92 91 56 3 26 37 25 99 41 53 53 36 26 0 7 69 55 29 73 0 16 69 35 90 65 6 53 26 15 69 59 54 8
 22 96 12 48 5 86 58 81 99 20 62 44 82 44 32 64 30 90 23 85 37 95 98 23 52 86 36 14 62 38 93 0 24 46 11 43 84 64 3 10 85 99 41 43 65 44 32 45 47 73
 52 48 1 80 38 100 45 31 77 98 63 72 88 84 99 50 41 86 14 19 28 85 61 63 37 83 10 50 80 48 31 76 0 25 87 69 32 1 5 40 81 68 22 29 11 47 60 27 89 15
 72 98 83 50 52 75 81 14 81 78 29 57 97 79 46 16 47 7 45 73 85 26 51 38 32 91 89 69 25 69 45 54 75 0 54 19 0 14 33 23 89 40 58 87 92 86 12 37 78 37
 77 40 8 89 97 86 47 77 45 95 30 75 72 9 45 82 26 68 34 70 89 1 22 56 32 50 89 64 88 71 71 89 13 46 0 9 22 70 52 11 58 12 15 24 38 29 63 27 50 14
 66 90 56 55 87 97 51 77 48 94 48 3 4 69 98 6 19 22 27 83 80 63 36 33 29 65 50 75 4 3 27 57 31 81 91 0 11 62 3 97 52 44 20 56 42 4 10 25 30 89
 5 90 52 91 72 21 77 84 74 38 33 63 27 36 86 18 56 86 46 28 64 94 23 71 42 21 50 41 88 63 100 16 68 100 78 89 0 14 17 36 0 84 31 44 9 78 43 41 33 38
 62 97 58 56 76 99 77 44 20 94 9 9 72 6 22 83 91 80 23 39 81 29 26 73 41 70 65 22 60 96 84 36 99 86 30 38 86 0 48 81 27 86 76 75 70 4 51 26 71 11
 1 35 82 84 72 71 40 44 32 32 59 33 31 69 46 55 42 66 99 100 81 86 53 95 71 99 47 36 68 49 31 97 95 67 48 97 83 52 0 52 86 69 53 50 27 42 93 57 92 73
 27 34 65 89 59 44 89 14 23 86 8 14 59 30 88 89 47 62 26 30 100 51 58 76 83 20 38 13 95 32 65 90 60 77 89 3 64 19 48 0 12 22 22 62 88 20 17 82 83 65
 31 6 30 35 42 58 69 95 74 93 39 20 63 61 23 27 100 39 98 86 75 100 78 52 60 4 88 47 41 82 10 15 19 11 42 48 100 73 14 88 0 7 98 84 61 35 40 63 38 19
 53 86 52 52 46 50 19 67 9 22 70 11 45 5 97 91 66 22 33 12 43 1 2 89 15 69 75 71 59 1 35 1 32 60 88 56 16 14 31 78 93 0 5 11 51 55 36 77 20 2
 15 19 42 86 84 58 28 36 64 69 52 67 85 66 83 92 95 91 73 60 68 57 93 72 77 98 76 24 92 10 94 59 78 42 85 80 69 24 47 78 2 95 0 20 85 34 7 84 98 28
 62 3 7 11 32 86 96 16 95 34 12 44 91 28 20 84 24 29 26 57 58 4 69 41 61 9 66 97 86 28 47 57 71 13 76 44 56 25 50 38 16 89 80 0 47 26 8 15 68 63
 84 89 12 68 81 41 88 3 66 42 90 58 32 21 72 86 97 2 35 73 80 3 55 91 25 53 72 65 1 97 74 35 89 8 62 58 91 30 73 12 39 49 15 53 0 91 17 8 88 55
 4 24 88 23 58 27 67 45 80 39 54 2 18 29 88 39 14 16 92 59 39 11 32 85 30 23 86 9 99 74 85 56 53 14 71 96 22 96 58 80 65 45 66 74 9 0 80 34 80 49
 38 10 67 64 28 3 38 21 19 23 76 40 8 2 90 97 8 85 88 31 48 5 60 63 29 66 1 1 52 45 31 68 40 88 37 90 57 49 7 83 60 64 93 92 83 20 0 31 43 95
 84 27 52 92 28 24 60 8 88 37 11 48 26 20 51 7 89 69 18 45 66 9 64 84 72 88 50 60 85 64 41 55 73 63 73 75 59 74 43 18 37 23 16 85 92 66 69 0 19 21
 59 75 92 32 96 43 54 33 94 98 4 76 3 44 23 2 20 1 63 7 76 22 71 23 16 18 86 62 29 15 46 53 11 22 50 70 67 29 8 17 62 80 2 32 12 20 57 81 0 28
 98 61 78 99 41 2 44 50 100 76 80 35 75 85 61 11 46 79 54 18 83 87 54 64 49 4 98 29 67 100 92 27 85 63 86 11 62 89 27 35 81 98 72 37 45 51 5 79 72 0
