40

 0 9 57 93 64 86 34 8 46 8 69 42 94 87 17 79 32 7 36 56 15 37 26 84 57 73 98 78 75 11 43 99 15 68 20 70 36 65 41 13
 91 0 16 42 3 43 82 44 50 83 39 40 14 52 20 95 70 27 73 88 5 50 33 39 5 7 16 84 43 71 72 64 4 22 46 1 94 11 58 26
 43 84 0 41 57 59 7 32 8 62 71 31 74 34 87 95 26 4 90 12 73 12 19 58 62 92 2 13 42 33 79 38 64 51 87 73 94 61 57 40
 7 58 59 0 22 66 83 80 19 77 76 95 8 60 3 39 71 72 24 45 83 46 81 74 79 60 69 45 24 82 21 58 0 7 64 24 63 13 62 90
 36 97 43 78 0 65 17 16 17 1 49 84 15 88 76 86 63 37 89 90 13 18 57 33 58 17 73 48 80 34 86 9 22 66 41 14 29 77 94 44
 14 57 41 34 35 0 69 55 67 81 67 85 6 57 60 33 32 88 69 81 17 62 98 56 35 98 99 48 12 95 77 85 97 3 97 24 52 99 93 30
 66 18 93 17 83 31 0 50 37 56 65 68 15 95 85 4 92 71 87 16 32 62 78 98 83 4 96 24 38 79 22 13 89 7 92 81 58 73 30 33
 92 56 68 20 84 45 50 0 13 50 8 38 13 49 35 13 64 28 69 35 21 87 45 68 51 72 13 56 29 81 97 46 89 51 31 71 23 22 5 36
 54 50 92 81 83 33 63 87 0 50 12 23 88 45 24 41 12 98 79 66 25 69 80 72 95 59 60 16 22 19 92 6 65 81 40 52 59 19 90 17
 92 17 38 23 99 19 44 50 50 0 53 71 93 93 82 54 39 9 42 32 46 71 9 15 33 82 3 85 29 23 39 70 65 91 35 54 81 25 57 7
 31 61 29 24 51 33 35 92 88 47 0 61 13 66 73 88 23 14 29 28 80 87 58 47 1 70 5 65 52 33 20 0 57 74 2 2 13 15 73 72
 58 60 69 5 16 15 32 62 77 29 39 0 28 95 51 11 1 38 13 71 12 29 96 74 63 62 0 93 45 43 20 10 50 30 62 55 45 0 5 47
 6 86 26 92 85 94 85 87 12 7 87 72 0 29 97 35 11 94 40 92 20 6 62 90 6 86 8 29 82 21 37 67 29 11 45 82 63 63 92 46
 13 48 66 40 12 43 5 51 55 7 34 5 71 0 76 10 57 46 72 47 17 88 2 67 47 66 93 28 47 89 21 86 66 77 80 27 99 2 74 97
 83 80 13 97 24 40 15 65 76 18 27 49 3 24 0 71 69 64 10 14 56 13 86 2 6 13 93 59 54 62 13 26 45 63 11 68 95 75 17 83
 21 5 5 61 14 67 96 87 59 46 12 89 65 90 29 0 56 10 83 25 25 17 30 3 71 67 51 98 26 79 59 28 99 46 44 79 67 9 22 36
 68 30 74 29 37 68 8 36 88 61 77 99 89 43 31 44 0 50 50 76 6 66 3 53 57 27 54 58 85 30 68 92 51 75 73 89 74 82 88 24
 93 73 96 28 63 12 29 72 2 91 86 62 6 54 36 90 50 0 42 70 38 40 34 3 86 89 97 81 3 78 58 53 54 50 9 84 56 80 48 70
 64 27 10 76 11 31 13 31 21 58 71 87 60 28 90 17 50 58 0 11 13 13 2 13 30 57 4 66 27 96 82 73 70 80 56 86 85 19 39 26
 44 12 88 55 10 19 84 65 34 68 72 29 8 53 86 75 24 30 89 0 4 50 50 67 13 47 91 11 48 80 20 33 30 91 15 28 80 3 85 57
 85 95 27 17 87 83 68 79 75 54 20 88 80 83 44 75 94 62 87 96 0 44 70 42 30 53 62 74 64 84 43 77 9 87 29 45 65 36 56 72
 63 50 88 54 82 38 38 13 31 29 13 71 94 12 87 83 34 60 87 50 56 0 15 9 63 66 76 92 58 75 81 2 15 49 40 67 37 78 96 28
 74 67 81 19 43 2 22 55 20 91 42 4 38 98 14 70 97 66 98 50 30 85 0 29 40 19 60 83 66 17 29 61 33 38 44 57 74 64 62 15
 16 61 42 26 67 44 2 32 28 85 53 26 10 33 98 97 47 97 87 33 58 91 71 0 1 29 6 41 61 98 49 96 84 54 85 28 58 24 2 48
 43 95 38 21 42 65 17 49 5 67 99 37 94 53 94 29 43 14 70 87 70 37 60 99 0 24 84 5 26 43 53 91 37 4 3 4 81 19 22 74
 27 93 8 40 83 2 96 28 41 18 30 38 14 34 87 33 73 11 43 53 47 34 81 71 76 0 61 84 94 7 55 14 91 61 15 88 15 38 84 20
 2 84 98 31 27 1 4 87 40 97 95 100 92 7 7 49 46 3 96 9 38 24 40 94 16 39 0 4 85 91 41 66 7 58 56 20 30 96 89 31
 22 16 87 55 52 52 76 44 84 15 35 7 71 72 41 2 42 19 34 89 26 8 17 59 95 16 96 0 44 47 37 53 50 70 48 44 21 48 10 42
 25 57 58 76 20 88 62 71 78 71 48 55 18 53 46 74 15 97 73 52 36 42 34 39 74 6 15 56 0 9 40 70 83 47 57 74 72 8 28 30
 89 29 67 18 66 5 21 19 81 77 67 57 79 11 38 21 70 22 4 20 16 25 83 2 57 93 9 53 91 0 30 17 49 38 6 38 51 72 50 5
 57 28 21 79 14 23 78 3 8 61 80 80 63 79 87 41 32 42 18 80 57 19 71 51 47 45 59 63 60 70 0 48 62 47 33 88 10 97 31 58
 1 36 62 42 91 15 87 54 94 30 100 90 33 14 74 72 8 47 27 67 23 98 39 4 9 86 34 47 30 83 52 0 39 20 84 18 87 14 9 59
 85 96 36 100 78 3 11 11 35 35 43 50 71 34 55 1 49 46 30 70 91 85 67 16 63 9 93 50 17 51 38 61 0 44 88 36 66 86 80 47
 32 78 49 93 34 97 93 49 19 9 26 70 89 23 37 54 25 50 20 9 13 51 62 46 96 39 42 30 53 62 53 80 56 0 58 69 35 40 87 99
 80 54 13 36 59 3 8 69 60 65 98 38 55 20 89 56 27 91 44 85 71 60 56 15 97 85 44 52 43 94 67 16 12 42 0 74 99 20 68 50
 30 99 27 76 86 76 19 29 48 46 98 45 18 73 32 21 11 16 14 72 55 33 43 72 96 12 80 56 26 62 12 82 64 31 26 0 15 98 23 26
 64 6 6 37 71 48 42 77 41 19 87 55 37 1 5 33 26 44 15 20 35 63 26 42 19 85 70 79 28 49 90 13 34 65 1 85 0 68 26 29
 35 89 39 87 23 1 27 78 81 75 85 100 37 98 25 91 18 20 81 97 64 22 36 76 81 62 4 52 92 28 3 86 14 60 80 2 32 0 48 16
 59 42 43 38 6 7 70 95 10 43 27 95 8 26 83 78 12 52 61 15 44 4 38 98 78 16 11 90 72 50 69 91 20 13 32 77 74 52 0 52
 87 74 60 10 56 70 67 64 83 93 28 53 54 3 17 64 76 30 74 43 28 72 85 52 26 80 69 58 70 95 42 41 53 1 50 74 71 84 48 0
