40

 0 69 76 19 2 12 41 1 4 18 62 92 42 18 26 26 4 1 75 68 33 43 53 31 63 31 98 72 80 75 96 19 64 86 62 97 80 31 14 24
 19 0 97 18 86 5 9 94 54 91 67 25 76 61 4 20 42 77 52 79 82 41 63 82 19 70 42 64 47 80 88 36 28 65 48 48 67 63 53 22
 41 31 0 19 92 42 78 99 46 41 10 62 37 13 36 9 3 28 51 8 11 16 51 97 77 61 28 36 50 83 86 6 15 55 35 92 97 73 96 42
 95 37 13 0 77 78 21 71 28 91 19 55 5 86 39 52 13 14 17 44 30 89 34 3 82 29 19 59 25 1 70 37 91 23 8 57 75 1 87 19
 86 17 27 12 0 10 1 12 78 61 56 83 51 41 70 77 68 54 30 45 82 49 34 5 22 66 13 76 8 38 37 26 41 24 36 82 4 57 35 49
 58 14 83 37 27 0 95 20 65 21 61 24 30 7 45 46 91 50 96 0 73 52 4 60 26 42 67 67 43 12 94 81 37 34 91 1 92 64 27 76
 72 42 35 76 25 12 0 65 68 35 95 68 96 89 31 80 94 56 75 68 43 41 40 31 14 24 24 51 94 40 48 69 74 22 18 13 1 83 85 25
 43 33 22 50 82 97 53 0 69 68 0 2 98 87 54 50 80 35 95 73 56 98 18 61 50 58 7 70 61 46 62 51 93 95 68 23 46 10 26 24
 69 88 5 67 43 91 1 66 0 56 83 19 86 9 73 74 71 86 96 35 99 43 28 29 75 64 70 34 34 88 36 70 12 66 96 97 71 52 4 19
 1 7 41 46 90 58 94 90 71 0 31 11 34 39 39 59 87 13 86 16 85 78 30 94 48 8 35 27 34 53 88 68 2 15 63 91 34 65 71 94
 40 57 90 1 9 87 25 40 18 23 0 63 28 21 62 82 6 34 3 8 68 24 38 9 61 41 99 29 20 86 68 40 93 95 55 2 60 93 74 31
 49 56 74 92 53 25 5 53 80 23 78 0 87 62 43 49 47 55 23 6 27 42 60 21 66 75 7 40 40 78 12 69 24 1 33 45 48 86 7 54
 25 31 39 59 82 50 20 75 61 49 16 24 0 42 70 94 2 83 53 75 84 67 40 39 9 59 28 36 37 33 43 77 7 14 8 85 66 86 17 35
 44 38 50 23 46 51 55 74 24 86 18 47 60 0 65 57 50 97 53 14 4 49 56 9 98 55 98 61 23 87 82 41 45 19 89 73 66 88 62 31
 41 42 63 81 36 50 68 23 91 34 86 61 57 62 0 29 21 85 6 60 60 62 2 91 8 74 13 56 50 64 59 82 71 98 88 10 61 49 34 80
 7 3 22 83 13 98 75 52 47 27 38 80 69 84 97 0 10 51 99 36 70 95 46 3 84 50 31 44 87 50 65 23 96 78 43 23 98 95 9 84
 48 4 91 50 59 50 26 1 36 78 43 58 88 63 37 38 0 60 18 52 32 94 65 76 45 6 21 76 91 86 12 86 18 40 31 13 0 52 24 86
 27 65 2 83 20 79 35 51 99 31 97 78 71 73 64 88 9 0 38 88 68 18 98 31 73 61 32 53 15 61 91 32 55 64 75 3 45 57 83 73
 75 50 74 7 11 17 20 54 91 90 6 49 62 49 89 95 27 15 0 87 70 0 74 4 21 49 41 73 25 32 68 19 20 88 97 53 26 61 92 63
 90 86 85 79 91 55 97 26 61 22 69 73 82 71 99 79 8 22 72 0 42 72 21 9 16 75 40 56 88 36 31 49 99 24 37 67 50 46 15 93
 22 60 99 5 15 80 95 33 21 98 12 25 65 26 52 75 8 69 47 95 0 61 26 88 59 43 24 77 54 10 54 13 9 62 38 90 35 91 33 54
 99 2 55 2 40 66 30 13 11 60 86 98 63 2 63 23 62 7 70 63 78 0 44 57 59 50 24 67 74 5 8 10 76 39 7 94 98 51 18 77
 66 77 21 35 84 73 46 62 44 68 67 74 16 71 58 34 23 61 81 9 58 7 0 8 88 3 50 46 29 26 51 7 78 94 47 87 71 77 75 21
 26 3 33 90 98 21 27 25 89 17 70 55 4 6 48 53 72 68 20 48 56 11 65 0 15 1 57 97 32 81 72 75 80 81 80 16 82 99 77 34
 81 31 87 94 91 23 37 62 2 63 39 50 49 82 42 95 64 48 14 33 35 46 17 35 0 80 22 18 11 28 10 47 10 46 22 40 92 95 53 16
 95 6 61 35 10 26 98 59 99 59 31 68 27 63 54 60 58 77 18 7 40 13 98 20 3 0 83 53 75 14 68 92 78 3 73 84 79 77 60 0
 32 94 23 91 34 26 83 69 32 70 83 88 62 67 52 29 6 24 32 30 23 99 51 91 79 4 0 46 92 98 97 50 8 51 53 57 75 45 7 30
 87 27 45 2 99 64 45 72 89 20 88 89 45 66 84 65 14 30 84 95 50 71 31 35 27 97 81 0 34 33 45 52 65 63 57 62 40 73 34 12
 62 95 55 95 31 29 8 25 36 16 59 71 37 40 36 82 81 75 74 88 33 62 0 89 95 69 85 58 0 32 54 65 79 62 12 51 49 52 82 19
 29 56 12 86 25 42 91 81 14 79 52 45 18 41 78 69 22 62 48 33 8 17 42 74 29 94 55 52 8 0 67 97 59 68 55 91 10 87 38 42
 81 39 31 4 2 67 16 45 18 70 19 7 58 62 59 48 14 63 86 53 16 72 58 68 30 36 56 56 87 22 0 55 16 81 78 48 73 71 7 5
 54 19 24 71 32 79 1 61 0 39 67 44 74 36 92 16 3 64 3 58 95 1 34 29 81 35 79 77 87 75 59 0 27 63 3 30 59 54 33 71
 22 45 91 34 39 99 11 51 87 46 76 2 40 48 17 61 67 81 89 94 64 58 96 86 0 75 23 31 24 52 53 10 0 71 24 39 52 50 85 87
 37 27 24 58 27 89 83 69 66 76 98 73 38 37 61 50 60 62 63 92 55 78 54 36 86 88 16 58 55 77 39 62 92 0 40 55 46 36 38 26
 17 71 89 46 14 43 5 19 12 8 89 78 95 28 9 82 56 7 98 10 60 59 93 86 90 11 9 52 94 74 79 37 80 7 0 48 40 73 72 89
 16 73 89 68 68 51 29 46 21 30 10 43 46 6 47 36 60 8 83 74 34 10 19 3 91 46 98 45 18 37 81 55 33 76 92 0 92 36 86 9
 59 21 13 43 3 70 89 65 45 74 7 85 28 38 80 77 59 34 30 37 11 66 22 67 52 70 13 9 17 97 14 56 94 15 78 43 0 0 40 72
 6 62 71 61 52 74 25 11 76 5 67 77 78 80 46 30 72 73 28 16 54 10 13 27 47 72 82 11 13 24 13 41 85 33 36 94 95 0 60 77
 99 85 52 63 56 88 68 21 3 67 74 69 61 42 15 43 12 72 87 25 44 52 5 56 97 63 8 40 26 22 65 90 8 38 89 14 17 32 0 10
 98 79 36 90 24 71 14 32 18 72 61 81 27 97 19 41 62 51 92 0 51 71 82 97 76 6 20 89 14 49 86 38 13 80 26 16 35 16 36 0
