30

 0 70 43 63 30 64 41 82 77 24 98 40 17 88 91 96 92 68 18 89 59 49 76 80 81 86 98 60 73 47
 9 0 4 14 77 61 0 0 15 66 30 52 31 44 64 90 93 46 57 74 43 28 84 53 96 83 47 6 17 95
 97 79 0 54 39 71 52 77 90 85 50 32 37 38 96 27 70 28 5 66 57 85 33 75 52 28 37 86 9 50
 33 26 54 0 91 37 67 94 11 47 66 59 66 95 71 61 65 68 15 67 47 39 48 21 22 71 99 3 65 33
 30 8 5 14 0 10 78 67 38 1 94 11 81 18 55 90 8 24 98 67 98 61 65 5 99 71 3 81 39 61
 49 84 5 19 34 0 60 17 55 30 12 88 14 85 71 48 15 81 67 5 61 76 61 59 57 43 53 50 29 19
 66 21 4 64 17 32 0 72 6 65 50 31 61 58 35 63 27 2 22 39 99 16 21 63 78 85 90 33 72 65
 88 76 25 36 65 14 86 0 2 22 0 77 25 12 63 73 42 81 81 84 66 16 23 78 58 57 13 31 32 42
 31 80 85 1 13 2 13 30 0 91 44 53 49 54 46 25 4 72 55 66 42 25 34 83 46 52 71 82 31 56
 94 76 1 92 89 17 66 76 88 0 56 68 5 87 6 18 73 18 5 18 97 34 66 28 43 68 32 21 91 53
 29 92 91 58 39 97 44 64 45 86 0 25 99 54 51 68 96 72 34 49 21 46 33 83 91 30 32 83 86 88
 6 71 60 39 0 10 79 6 81 39 60 0 57 23 11 90 50 58 65 59 70 3 43 47 18 79 67 85 53 7
 79 29 19 50 4 12 81 81 83 42 59 74 0 90 78 83 48 53 87 37 84 70 76 64 79 90 98 88 3 21
 8 42 2 38 59 61 52 45 31 29 20 80 86 0 8 85 90 73 50 24 61 10 76 96 91 6 68 14 62 84
 48 56 69 70 68 47 35 45 53 83 97 1 25 46 0 23 9 67 83 0 2 89 89 21 68 28 5 43 78 14
 33 86 45 30 4 68 38 73 59 60 60 66 45 26 92 0 28 99 52 91 61 17 52 70 49 24 81 59 44 69
 4 45 40 84 42 73 81 23 72 10 25 76 4 49 41 30 0 52 39 55 23 92 61 25 49 35 83 63 22 52
 8 90 12 1 3 26 41 25 59 31 4 74 97 37 47 63 7 0 24 79 54 48 98 88 59 66 23 69 8 96
 95 34 4 6 77 69 66 30 0 89 74 7 80 59 41 30 17 97 0 75 30 71 30 30 9 80 72 66 97 73
 98 26 72 77 95 96 7 98 28 2 99 45 80 79 26 8 1 32 33 0 83 59 32 57 68 89 48 45 67 9
 73 87 91 2 64 75 22 97 24 22 56 22 3 7 49 1 93 47 51 15 0 40 79 95 58 94 11 71 87 37
 85 93 57 50 26 44 66 24 34 76 76 79 91 82 48 40 32 11 35 9 46 0 91 35 96 90 55 91 45 52
 0 59 31 47 98 78 55 84 29 57 78 98 6 55 83 43 79 84 10 23 86 78 0 97 6 5 47 38 11 20
 6 75 57 50 13 7 30 45 3 21 75 69 2 49 60 62 13 0 68 86 47 86 19 0 74 78 29 97 86 43
 95 52 97 59 73 20 64 26 39 58 13 58 80 21 80 48 68 91 78 94 23 84 93 37 0 63 61 17 42 73
 41 4 13 82 79 90 10 57 42 83 48 96 28 64 10 76 87 32 75 57 66 52 92 47 81 0 41 76 10 30
 24 1 98 61 99 6 40 47 60 98 82 80 48 7 42 41 29 45 20 95 90 72 32 43 66 92 0 49 59 34
 46 63 53 51 26 10 98 87 88 70 90 17 45 43 40 45 38 18 22 14 79 79 69 67 97 84 0 0 53 29
 13 1 7 5 71 63 27 33 7 94 78 89 8 46 77 71 27 10 32 58 40 10 46 20 77 9 14 55 0 27
 55 68 20 7 72 2 61 64 78 78 47 37 7 45 60 47 45 25 48 95 19 40 3 72 29 82 25 81 33 0
