30

 0 81 50 58 77 20 66 2 79 69 38 95 32 3 11 10 27 12 17 17 24 23 48 87 11 84 68 25 71 26
 25 0 45 32 53 60 4 92 45 38 90 43 95 16 0 94 69 73 59 89 85 67 10 33 29 39 60 90 83 59
 79 93 0 67 43 67 0 62 76 35 20 9 85 8 50 37 92 29 37 14 8 89 84 24 31 29 11 68 88 49
 78 53 53 0 63 71 13 47 91 66 71 79 32 67 66 38 60 22 35 76 36 78 58 22 5 55 71 27 71 32
 23 59 89 70 0 44 8 28 15 81 34 72 64 20 21 82 78 99 67 79 19 73 94 0 56 91 83 77 17 24
 79 62 56 92 67 0 59 89 51 98 36 31 75 58 66 89 12 11 81 18 31 2 45 94 49 15 1 16 95 22
 48 49 77 37 35 57 0 7 45 64 30 48 79 69 44 25 70 20 66 46 13 16 96 61 49 3 57 93 76 16
 57 44 57 51 60 29 40 0 73 20 18 69 42 77 94 67 95 84 27 50 31 95 94 68 3 43 46 95 35 22
 37 90 34 22 94 35 75 83 0 2 77 64 28 28 16 66 95 50 31 31 29 55 25 33 46 64 30 73 80 59
 28 64 52 16 96 81 18 37 48 0 14 24 72 51 60 17 9 35 57 73 66 91 34 59 15 57 75 52 93 83
 10 44 43 98 77 59 27 35 90 89 0 99 89 86 81 33 44 33 10 33 62 46 3 87 39 4 36 0 89 97
 14 21 76 29 99 8 51 27 63 66 51 0 26 87 44 65 51 41 84 54 81 47 33 20 91 35 44 3 58 79
 97 67 80 86 76 42 14 97 64 93 76 11 0 60 34 73 58 68 79 50 55 64 95 50 35 91 32 33 85 6
 98 26 17 89 48 29 96 33 21 52 18 70 76 0 61 69 36 89 27 93 20 89 22 59 7 98 24 53 86 25
 65 71 98 39 33 93 82 19 85 63 47 68 36 45 0 8 9 93 91 60 43 11 78 36 71 23 62 68 17 25
 6 39 45 81 64 87 70 13 12 39 84 27 19 71 39 0 23 90 67 73 23 91 53 29 81 3 33 44 71 89
 98 14 16 80 53 33 80 74 12 32 97 31 25 29 67 5 0 57 38 38 53 58 74 40 2 61 43 33 58 89
 94 69 69 90 86 59 35 59 27 54 30 97 38 55 76 3 95 0 49 83 2 35 52 67 87 36 22 63 91 66
 19 45 93 87 2 56 44 93 85 61 11 56 51 6 70 53 22 17 0 23 31 19 41 59 19 19 39 76 63 97
 14 39 75 78 33 59 77 9 84 89 0 57 84 14 94 44 88 1 95 0 97 74 39 47 59 38 8 89 90 5
 64 39 28 24 81 47 10 46 35 42 7 72 6 5 39 87 39 25 32 64 0 27 19 6 99 77 31 76 1 65
 32 56 22 22 76 93 85 75 96 28 31 4 77 98 71 48 1 65 48 21 79 0 55 64 65 47 48 49 18 24
 41 76 36 93 93 85 88 83 32 95 14 48 48 18 28 84 75 51 88 27 42 91 0 90 52 23 26 25 82 61
 13 77 61 67 65 86 69 90 44 57 95 40 60 18 20 60 10 0 15 62 76 5 89 0 21 22 95 36 74 65
 43 51 85 9 41 85 49 16 29 68 2 77 54 34 28 41 14 15 28 52 11 69 28 88 0 90 68 46 44 88
 85 26 61 65 82 88 57 92 26 81 13 23 32 2 94 33 13 60 25 81 90 40 94 12 71 0 17 92 91 73
 80 65 39 88 56 96 53 69 47 27 1 87 45 1 22 26 43 59 51 46 63 59 23 5 92 69 0 72 82 79
 41 85 32 78 3 51 19 92 13 78 18 58 14 26 89 40 96 34 48 45 79 48 50 70 74 41 85 0 71 77
 16 28 21 28 60 75 85 9 95 46 39 8 24 86 40 69 44 47 54 62 54 33 28 77 7 6 89 56 0 63
 57 43 64 39 21 15 35 95 23 39 42 11 49 99 13 23 43 27 0 41 10 58 61 9 81 66 92 50 99 0
