40

 0 65 60 64 48 5 82 14 23 87 22 78 92 61 89 61 24 59 81 70 1 14 40 86 6 42 74 68 46 64 99 47 93 71 14 25 73 5 24 39
 15 0 3 10 84 83 38 13 55 71 51 55 97 94 51 51 78 78 55 29 24 1 68 42 77 89 38 67 9 97 46 83 54 65 91 27 1 8 98 49
 42 72 0 85 92 19 1 91 49 82 95 43 73 41 2 86 81 33 57 22 12 99 19 14 44 33 60 21 17 63 11 50 75 0 66 96 65 26 54 15
 48 90 43 0 55 51 53 31 62 88 42 90 15 86 91 41 98 41 9 95 69 64 40 19 99 70 37 37 70 83 46 59 42 61 51 49 17 14 36 57
 68 8 10 55 0 1 44 40 43 44 95 7 29 38 56 69 51 46 40 41 33 36 97 15 12 17 6 57 92 69 64 92 34 31 76 73 66 56 44 60
 10 94 83 20 24 0 73 77 59 48 22 6 42 59 55 89 12 45 16 14 81 76 22 7 82 19 17 48 27 38 34 65 53 73 51 89 21 77 97 51
 52 34 61 20 92 24 0 6 54 36 6 44 32 43 90 43 99 12 78 22 80 66 48 48 27 73 28 86 80 33 82 69 47 32 37 11 42 88 76 42
 70 63 28 95 15 98 90 0 0 96 56 59 15 22 1 21 70 52 77 95 77 61 58 98 45 93 54 73 94 82 70 7 55 73 78 43 65 76 67 65
 92 66 80 33 90 70 17 90 0 41 41 26 74 21 58 32 88 26 20 9 2 2 63 80 99 6 16 1 15 14 71 90 75 38 91 65 11 64 88 9
 7 2 94 49 1 59 69 24 24 0 86 32 26 5 29 23 33 43 58 14 73 11 13 37 3 93 84 88 88 71 37 17 29 42 0 85 52 90 28 32
 34 93 64 4 53 11 34 68 87 66 0 84 41 47 5 55 2 17 92 24 55 80 48 35 78 82 40 74 14 75 42 13 47 73 11 47 7 49 24 35
 1 49 85 54 67 14 37 12 71 84 87 0 75 6 6 0 17 30 5 33 25 65 82 86 27 66 39 46 73 86 94 22 27 48 64 3 33 6 4 56
 83 15 95 67 14 39 69 98 90 11 54 8 0 28 88 86 93 6 15 93 67 55 94 86 98 55 71 13 93 37 26 46 39 13 96 39 73 74 31 40
 81 79 89 67 51 93 13 61 26 64 52 6 29 0 31 87 16 14 38 87 0 81 94 88 3 13 69 38 3 18 55 81 92 12 78 1 21 81 59 92
 93 38 48 96 28 72 55 30 72 16 29 79 14 8 0 24 81 15 31 99 42 41 17 62 40 11 75 99 31 26 36 50 13 90 71 41 74 61 69 97
 39 35 78 43 92 51 24 96 65 63 42 74 65 16 92 0 6 96 70 83 81 95 90 99 78 71 76 29 65 78 96 17 74 67 57 47 94 46 46 96
 11 68 10 97 90 98 79 79 85 43 82 22 14 96 46 19 0 19 29 65 79 5 64 23 88 26 99 89 66 0 54 6 76 14 99 45 47 79 17 48
 8 92 82 31 53 7 13 62 96 91 91 71 95 5 49 91 42 0 15 9 99 7 64 78 65 76 29 31 14 25 96 60 21 24 68 21 95 5 38 5
 75 71 72 77 22 85 71 85 30 70 23 91 56 85 14 92 69 15 0 52 65 84 60 23 40 83 17 57 59 31 99 60 99 13 48 83 42 27 89 49
 10 29 8 81 59 99 68 62 59 97 25 85 61 79 70 31 22 15 63 0 7 36 35 63 97 64 5 28 45 89 23 29 68 41 65 16 6 6 54 35
 87 89 35 36 65 6 43 46 31 94 28 95 56 98 62 34 57 33 81 21 0 84 75 80 98 80 77 33 14 68 55 52 7 13 87 8 22 67 92 65
 9 89 14 29 98 3 32 75 30 58 21 18 11 38 79 53 59 27 66 20 20 0 12 73 40 63 10 42 58 46 92 5 8 46 90 19 3 55 97 88
 31 56 10 73 42 46 61 16 46 71 80 4 0 78 28 74 84 67 34 11 84 41 0 63 72 61 55 26 84 18 79 36 46 14 92 89 18 55 36 23
 40 83 89 86 96 60 21 1 15 30 5 62 52 85 10 87 40 1 85 83 14 83 93 0 39 70 90 36 65 59 73 57 62 51 40 10 22 22 33 66
 97 94 24 67 24 34 20 99 91 51 90 85 89 3 95 81 5 78 70 8 43 48 49 59 0 11 39 3 38 56 3 4 48 7 97 46 36 35 68 92
 28 84 89 11 85 88 19 92 29 8 44 88 30 66 78 15 48 90 63 31 77 72 5 15 47 0 95 79 55 89 33 65 91 39 11 93 89 7 95 83
 72 73 29 60 10 68 93 11 62 32 84 58 69 30 98 51 7 13 73 64 86 73 28 58 5 42 0 83 12 95 76 7 60 81 88 14 52 69 28 66
 14 97 56 3 35 26 30 61 46 60 66 41 70 21 53 21 85 4 36 32 67 75 29 10 73 49 72 0 55 98 50 27 92 8 66 47 9 75 8 43
 72 98 40 31 9 13 40 91 87 74 54 74 63 43 18 46 88 91 90 21 49 12 15 91 86 42 29 36 0 54 35 6 69 4 84 37 97 78 50 45
 70 45 17 89 50 30 29 69 83 38 95 15 54 14 59 79 48 27 48 99 29 41 66 59 75 49 63 80 0 0 88 50 50 11 95 65 87 64 18 24
 90 53 66 14 11 41 86 80 92 10 89 78 68 23 38 55 35 13 39 23 77 86 60 7 28 97 28 68 30 58 0 69 56 58 57 83 97 10 4 64
 90 78 4 51 50 72 36 58 98 44 40 9 17 20 45 36 46 93 64 39 70 65 72 47 34 49 12 20 40 73 74 0 91 39 77 74 79 9 81 54
 19 21 45 16 60 3 87 16 36 66 81 11 99 28 60 8 46 71 59 57 42 24 56 76 54 86 80 48 62 75 67 11 0 56 57 36 94 80 47 27
 13 29 76 89 33 8 34 60 18 79 54 0 5 88 19 30 71 10 64 73 65 24 61 0 73 70 9 40 48 1 75 19 83 0 19 58 41 74 88 92
 76 69 21 97 80 97 50 70 64 92 27 63 87 81 21 16 52 71 71 26 66 65 43 66 66 4 85 10 88 99 25 90 28 34 0 26 12 26 72 79
 60 55 5 22 74 62 74 11 59 87 66 5 78 70 77 1 98 79 92 25 87 98 77 49 68 96 73 17 68 98 26 45 30 44 85 0 84 13 88 36
 3 44 95 49 70 53 25 94 41 74 78 72 92 76 7 58 90 29 83 25 70 28 65 44 10 18 61 99 26 86 23 98 59 44 62 32 0 15 52 69
 38 44 13 28 72 23 96 68 87 55 79 23 53 4 27 9 69 72 2 12 52 64 85 22 42 78 88 30 36 50 9 78 83 88 44 24 56 0 56 33
 92 62 91 97 26 62 7 44 70 46 92 37 86 44 11 95 17 4 76 69 24 52 42 44 67 56 99 51 40 76 3 27 43 72 34 65 4 97 0 7
 21 29 16 83 30 37 43 46 15 10 51 30 1 87 3 58 89 55 91 45 34 9 1 66 46 95 84 2 47 77 56 82 25 15 23 66 27 39 38 0
