100

 0 80 72 95 35 63 18 79 42 67 45 76 89 11 95 71 41 34 36 61 49 92 18 25 77 30 60 92 82 51 41 61 18 41 47 0 8 75 90 78 38 15 82 55 81 77 63 16 97 79 56 19 77 91 32 76 94 13 69 56 72 84 11 26 10 61 9 96 33 13 75 39 71 47 73 14 87 68 54 49 20 81 65 71 93 76 39 51 73 86 20 26 16 94 42 15 20 42 82 76
 20 0 64 76 72 57 23 28 50 21 91 6 96 95 10 0 67 35 23 30 75 21 5 94 88 82 7 3 27 40 84 61 5 79 30 6 24 90 92 2 18 28 3 78 86 33 72 93 19 33 62 77 84 86 68 1 26 24 72 43 49 38 65 55 38 55 64 47 78 30 11 60 86 54 29 98 27 25 87 11 56 38 73 72 32 5 79 45 76 40 2 92 37 26 33 26 75 85 75 14
 28 36 0 31 44 87 76 64 15 57 85 43 31 56 20 23 16 77 65 45 0 2 73 58 88 19 29 60 32 77 31 75 42 25 67 97 75 10 49 61 30 22 85 94 16 14 67 87 16 18 5 72 20 11 59 88 50 61 66 30 23 53 60 63 36 54 46 57 16 70 54 81 67 52 42 85 76 14 58 4 89 61 12 24 34 48 47 71 36 89 35 61 99 90 37 3 29 79 5 71
 5 24 69 0 69 78 59 10 96 33 14 99 86 65 66 46 48 31 64 96 84 26 23 89 49 79 31 80 8 66 94 53 73 44 88 56 49 50 40 97 52 86 93 26 56 40 43 31 62 14 40 87 31 97 91 45 22 85 24 99 31 16 39 24 14 72 37 68 24 27 90 26 16 17 77 63 91 87 6 53 7 49 84 78 37 26 56 50 68 8 45 60 62 5 60 81 8 86 56 24
 65 28 56 31 0 52 44 0 76 72 72 31 35 56 39 42 14 10 75 31 40 30 97 34 15 84 7 28 88 49 37 0 54 83 84 22 21 83 68 71 45 85 13 96 10 15 1 16 7 96 43 17 19 98 62 51 18 46 40 31 41 69 86 98 22 59 35 93 10 86 99 32 11 12 91 95 55 11 45 30 39 34 46 73 43 74 35 36 86 74 4 33 25 73 1 47 13 12 18 93
 37 43 13 22 48 0 53 47 29 62 0 73 78 73 17 91 14 4 49 85 38 66 79 18 54 41 49 30 3 51 9 23 60 50 77 93 19 16 41 67 18 27 91 46 98 82 18 58 43 62 7 39 59 7 47 63 48 72 18 68 80 68 75 59 2 87 94 63 55 64 25 10 67 97 12 82 65 7 85 78 93 26 66 34 97 52 90 31 24 20 48 52 98 29 52 82 23 89 17 75
 82 77 24 41 56 47 0 25 16 65 97 63 66 93 78 18 70 64 18 9 26 27 24 64 52 58 44 16 14 58 59 61 27 85 32 66 57 87 15 90 57 70 91 70 95 34 35 26 22 16 14 13 28 32 41 79 62 69 88 63 90 92 43 68 34 35 23 9 32 91 31 70 49 17 20 2 26 53 3 34 17 65 13 75 31 34 43 89 95 98 10 65 90 20 8 41 85 25 7 4
 21 72 36 90 100 53 75 0 51 86 0 36 65 30 10 57 46 37 42 99 47 11 7 50 56 91 77 15 65 58 77 79 49 35 76 18 90 0 76 12 50 14 37 56 17 84 86 56 98 44 3 50 65 30 8 39 42 32 7 92 73 85 3 18 66 92 92 87 34 80 12 23 73 35 91 63 88 24 13 10 56 24 13 47 55 29 24 43 43 3 26 48 94 10 63 62 57 69 8 61
 58 50 85 4 24 71 84 49 0 10 85 5 54 32 71 72 15 68 69 57 70 22 59 60 49 45 87 2 60 97 63 19 42 34 54 9 37 14 83 81 90 40 58 50 91 91 44 99 16 7 17 52 7 74 19 50 84 81 69 86 71 53 2 30 18 62 34 36 72 65 81 41 66 45 87 49 42 44 20 56 35 2 6 51 77 21 34 1 3 52 86 60 90 46 48 71 37 94 22 70
 33 79 43 67 28 38 35 14 90 0 82 66 55 41 83 81 0 80 36 9 13 24 78 20 38 77 29 15 97 80 20 83 13 60 90 10 74 91 82 40 34 77 53 74 21 96 15 3 68 68 94 19 24 44 50 58 16 96 51 28 87 7 67 28 89 17 57 83 97 89 38 11 32 63 30 16 16 7 57 88 25 61 94 45 76 79 52 80 91 6 41 62 2 40 70 56 10 96 16 2
 55 9 15 86 28 100 3 100 15 18 0 87 87 83 3 85 1 89 69 37 53 24 54 74 21 51 45 71 40 16 57 99 42 91 15 37 16 0 84 6 45 3 4 9 93 31 93 45 87 14 36 31 61 11 84 62 10 40 26 15 68 58 52 55 48 46 71 99 48 87 78 49 87 17 9 87 31 4 33 37 11 86 39 28 83 18 31 89 77 44 19 38 60 84 51 1 69 86 79 29
 24 94 57 1 69 27 37 64 95 34 13 0 78 40 94 30 60 70 72 88 83 71 55 52 49 37 83 83 86 40 61 67 61 23 28 60 81 48 22 71 32 32 9 85 68 77 86 99 79 21 47 50 47 74 36 61 57 27 24 46 48 18 86 64 93 10 58 36 19 33 66 12 75 61 2 4 26 81 7 44 9 65 36 26 85 65 92 79 47 15 91 56 63 21 80 28 13 34 64 86
 11 4 69 14 65 22 34 35 46 45 13 22 0 98 19 23 84 32 44 73 13 72 18 42 54 18 51 94 79 3 73 37 91 85 48 94 62 73 16 33 99 97 52 40 62 51 33 65 59 78 38 50 66 28 50 25 33 25 31 49 31 60 89 1 20 0 35 27 79 39 7 25 23 13 86 74 79 26 34 54 19 50 57 37 39 70 75 6 4 81 39 36 37 70 80 77 19 61 8 37
 89 5 44 35 44 27 7 70 68 59 17 60 2 0 90 47 45 93 1 54 91 61 6 87 27 57 49 71 73 19 74 34 74 76 90 49 47 24 0 90 36 79 67 61 3 40 54 89 51 35 50 98 99 78 78 78 37 42 19 79 94 27 29 45 17 12 9 58 28 16 98 71 75 57 36 4 47 23 32 10 24 72 57 2 15 71 18 36 9 18 58 48 33 72 52 11 37 72 71 43
 5 90 80 34 61 83 22 90 29 17 97 6 81 10 0 43 28 2 79 21 33 95 15 44 61 38 24 69 57 92 45 7 6 64 72 74 46 59 15 95 1 87 62 79 55 90 72 82 63 51 11 90 89 25 38 94 88 82 20 97 25 94 67 47 50 43 50 69 37 16 39 94 41 58 75 52 81 18 7 79 77 36 41 88 70 72 68 8 19 96 24 85 26 7 84 75 71 89 25 71
 29 100 77 54 58 9 82 43 28 19 15 70 77 53 57 0 19 9 3 79 27 1 27 74 78 37 6 53 18 43 3 82 47 17 6 98 29 58 4 30 84 54 95 12 31 99 10 93 53 40 88 55 72 68 93 86 78 56 51 73 20 40 15 62 68 14 80 84 80 10 38 77 91 27 53 84 24 72 62 14 75 89 37 31 10 65 98 91 21 66 34 90 12 18 76 65 37 98 40 98
 59 33 84 52 86 86 30 54 85 100 99 40 16 55 72 81 0 58 22 60 64 1 35 17 26 87 55 11 68 85 2 66 96 35 25 19 31 79 38 31 45 47 92 59 19 19 51 8 32 27 43 58 98 91 33 90 71 98 9 16 32 53 41 54 94 72 24 12 71 13 6 69 26 58 63 71 85 24 29 39 37 42 45 35 77 3 11 71 19 89 68 25 21 15 2 20 58 11 92 19
 66 65 23 69 90 96 36 63 32 20 11 30 68 7 98 91 42 0 37 73 82 19 52 24 93 12 77 21 51 37 70 20 47 94 93 99 15 54 39 21 51 86 74 92 53 3 19 20 6 86 56 83 43 50 50 41 64 95 75 35 41 99 88 8 77 19 48 22 63 52 7 97 98 34 5 66 49 96 96 11 93 75 96 93 22 35 17 7 16 26 2 43 43 27 24 30 61 27 12 19
 64 77 35 36 25 51 82 58 31 64 31 28 56 99 21 97 78 63 0 13 34 0 78 60 93 93 81 59 30 16 77 33 86 80 78 61 75 39 62 2 23 77 88 26 65 91 66 81 50 45 34 92 4 52 7 55 76 50 41 43 7 50 67 86 31 82 55 82 96 71 92 54 76 0 99 72 58 69 58 87 38 1 53 78 4 15 85 29 57 69 36 78 97 12 40 90 47 95 61 86
 39 70 55 4 69 15 91 1 43 91 63 12 27 46 79 21 40 27 87 0 43 47 64 38 37 62 95 24 28 80 51 24 62 17 63 59 4 51 21 27 31 30 39 94 50 20 83 26 78 47 11 30 2 69 27 7 30 3 27 67 93 74 48 76 22 90 24 9 89 18 95 20 59 92 34 30 63 39 60 90 98 30 78 44 16 43 73 35 27 5 42 44 67 97 91 94 59 39 42 77
 51 25 100 16 60 62 74 53 30 87 47 17 87 9 67 73 36 18 66 57 0 52 9 86 56 62 51 76 36 67 22 93 56 14 94 21 79 26 29 72 64 34 99 6 48 31 16 25 16 78 27 27 71 72 76 44 3 21 13 15 69 80 50 35 42 58 30 96 63 28 80 0 62 73 64 6 5 28 97 84 14 35 22 64 43 37 48 2 87 71 39 71 73 12 6 16 22 77 34 76
 8 79 98 74 70 34 73 89 78 76 76 29 28 39 5 99 99 81 100 53 48 0 58 97 19 13 35 23 59 16 94 95 41 78 99 30 76 13 10 47 90 57 56 31 68 74 93 57 13 21 97 33 41 45 28 39 99 97 82 45 50 83 71 97 58 63 54 21 84 31 12 93 39 20 41 23 49 17 42 59 11 38 27 3 94 10 51 94 44 27 24 19 80 88 18 54 88 53 64 40
 82 95 27 77 3 21 76 93 41 22 46 45 82 94 85 73 65 48 22 36 91 42 0 39 15 10 70 1 42 55 29 45 41 60 87 22 74 17 75 2 17 16 93 65 14 36 85 55 3 54 11 35 26 68 49 57 6 39 31 39 40 71 13 80 98 90 60 74 37 71 99 24 41 69 38 54 11 41 50 54 91 42 17 59 72 13 37 45 27 38 77 17 91 89 30 59 26 86 76 15
 75 6 42 11 66 82 36 50 40 80 26 48 58 13 56 26 83 76 40 62 14 3 61 0 95 10 42 91 48 21 8 72 52 51 24 70 64 8 37 99 4 23 95 94 56 85 75 48 66 36 86 16 50 27 38 5 70 63 77 66 34 54 55 50 46 33 42 92 55 5 12 8 6 61 7 96 72 42 22 15 54 46 97 45 45 7 39 58 5 6 46 87 38 61 62 22 57 52 46 24
 23 12 12 51 85 46 48 44 51 62 79 51 46 73 39 22 74 7 7 63 44 81 85 5 0 6 81 93 72 54 53 5 21 50 17 5 59 54 39 95 60 22 38 14 67 64 15 66 66 8 46 15 73 10 54 18 36 14 36 86 44 88 47 43 5 66 53 31 58 32 7 29 71 60 94 28 1 79 66 90 8 14 25 17 45 34 46 87 58 24 42 1 45 10 3 95 75 43 78 43
 70 18 81 21 16 59 42 9 55 23 49 63 82 43 62 63 13 88 7 38 38 87 90 90 94 0 4 34 98 66 48 93 22 10 98 25 29 67 28 5 8 38 66 20 83 17 49 75 79 82 39 3 40 89 2 3 9 34 81 31 13 71 16 25 57 9 37 88 57 42 93 76 26 30 63 88 51 70 42 61 2 15 51 25 52 59 36 66 50 48 95 90 30 51 42 88 39 67 12 75
 40 93 71 69 93 51 56 23 13 71 55 17 49 51 76 94 45 23 19 5 49 65 30 58 19 96 0 25 91 45 16 45 4 62 40 58 29 54 19 77 54 70 23 90 79 49 17 17 39 73 7 81 2 0 93 18 60 48 19 86 36 65 98 21 51 82 55 71 14 57 45 28 5 32 43 49 3 10 32 27 53 99 83 35 24 90 42 11 91 25 39 27 21 92 68 64 45 24 28 76
 8 97 40 20 72 70 84 85 98 85 29 17 6 29 31 47 89 79 41 76 24 77 99 9 7 66 75 0 10 16 1 90 77 15 80 37 52 74 33 51 44 64 76 58 70 32 93 45 22 83 90 42 33 78 86 28 32 78 50 91 1 62 57 68 68 32 66 30 87 17 55 25 3 1 97 77 12 26 35 66 59 50 21 54 94 56 91 84 88 28 17 85 61 47 69 45 69 79 57 65
 18 73 68 92 12 97 86 35 40 3 60 14 21 27 43 82 32 49 70 72 64 41 58 52 28 2 9 90 0 50 87 42 66 79 65 55 27 82 60 76 92 5 90 11 58 43 44 53 81 76 32 31 12 35 73 57 94 8 10 51 94 81 57 71 42 94 84 56 59 42 85 75 44 3 11 23 18 37 29 26 9 18 61 6 74 36 19 67 59 58 87 26 92 59 66 29 9 35 3 80
 49 60 23 34 51 49 42 42 3 20 84 60 97 81 8 57 15 63 84 20 33 84 45 79 46 34 55 84 50 0 11 71 47 56 18 9 34 84 98 10 68 30 35 85 8 60 57 43 85 20 15 73 50 71 0 17 83 61 67 19 7 26 50 68 41 85 75 66 48 6 57 62 19 27 20 71 96 75 51 86 54 58 97 5 91 18 16 39 57 71 8 38 0 94 23 68 40 49 88 8
 59 16 69 6 63 91 41 23 37 80 43 39 27 26 55 97 98 30 23 49 78 6 71 92 47 52 84 99 13 89 0 38 99 44 66 85 5 35 58 83 45 51 31 2 13 84 61 97 12 85 75 0 52 45 37 17 65 27 96 43 93 62 35 32 51 61 82 25 20 1 36 52 89 50 40 40 55 97 74 58 45 18 23 55 80 52 80 83 34 83 68 42 18 67 14 3 20 60 1 6
 39 39 25 47 100 77 39 21 81 17 1 33 63 66 93 18 34 80 67 76 7 5 55 28 95 7 55 10 58 29 62 0 69 58 4 37 52 33 27 4 0 42 30 55 50 96 91 83 19 84 32 95 24 29 1 68 1 32 0 11 83 42 90 17 30 30 5 30 96 5 42 19 21 56 65 37 29 18 9 25 64 97 79 26 92 35 42 61 43 8 46 17 11 18 63 13 25 57 33 33
 82 95 58 27 46 40 73 51 58 87 58 39 9 26 94 53 4 53 14 38 44 59 59 48 79 78 96 23 34 53 1 31 0 16 22 49 92 9 99 44 46 43 88 8 39 72 99 12 5 47 2 22 58 6 8 50 39 4 57 57 2 40 79 59 66 37 21 13 96 8 28 25 84 49 45 35 9 14 45 7 31 25 5 53 46 30 66 49 49 58 80 51 74 19 66 99 70 68 29 64
 59 21 75 56 17 50 15 65 66 40 9 77 15 24 36 83 65 6 20 83 86 22 40 49 50 90 38 85 21 44 56 42 84 0 6 0 78 38 76 93 30 86 67 77 72 25 91 64 50 67 91 99 74 10 69 47 16 61 15 58 30 18 9 12 25 24 75 83 60 1 91 70 26 44 24 70 33 56 13 9 87 60 73 57 86 22 1 84 51 14 48 95 62 21 28 13 33 52 4 45
 53 70 33 12 16 23 68 24 46 10 85 72 52 10 28 94 75 7 22 37 6 1 13 76 83 2 60 20 35 82 34 96 78 94 0 42 81 30 66 66 75 12 29 77 90 3 49 58 4 92 90 7 62 40 24 80 70 3 31 0 41 4 64 11 77 80 46 20 27 32 69 92 71 26 47 85 80 0 82 30 21 88 28 49 96 85 70 74 71 3 4 52 30 80 53 5 31 96 1 80
 100 94 3 44 78 7 34 82 91 90 63 40 6 51 26 2 81 1 39 41 79 70 78 30 95 75 42 63 45 91 15 63 51 100 58 0 99 99 25 50 13 76 98 9 58 25 77 83 25 35 17 58 11 7 53 9 20 94 24 2 33 72 3 58 63 60 54 19 0 8 31 87 97 16 8 89 18 12 81 33 31 64 4 72 62 80 62 26 35 29 68 5 38 0 44 35 52 7 5 2
 92 76 25 51 79 81 43 10 63 26 84 19 38 53 54 71 69 85 25 96 21 24 26 36 41 71 71 48 73 66 95 48 8 22 19 1 0 83 84 24 94 26 53 74 64 7 82 88 14 8 74 38 15 67 8 86 70 60 90 10 94 47 78 98 97 31 86 34 47 46 79 76 86 64 39 18 64 22 93 46 85 11 81 73 55 3 35 68 57 66 0 43 86 69 98 7 61 78 31 85
 25 10 90 50 17 84 13 100 86 9 100 52 27 76 41 42 21 46 61 49 74 87 83 92 46 33 46 26 18 16 65 67 91 62 70 1 17 0 64 46 60 9 32 3 23 18 33 95 0 34 8 60 79 80 47 30 35 80 26 41 61 16 11 49 93 83 75 42 22 94 81 22 7 15 22 19 67 20 37 76 52 85 35 81 73 70 77 90 99 44 20 82 75 24 74 94 31 31 36 76
 10 8 51 60 32 59 85 24 17 18 16 78 84 100 85 96 62 61 38 79 71 90 25 63 61 72 81 67 40 2 42 73 1 24 34 75 16 36 0 12 14 85 21 27 5 21 28 72 84 72 76 47 53 91 98 27 90 48 13 29 34 86 84 21 33 95 45 39 68 49 5 2 39 87 37 16 4 45 61 58 76 32 80 64 36 82 31 52 81 88 0 29 47 47 73 60 8 87 53 78
 22 98 39 3 29 33 10 88 19 60 94 29 67 10 5 70 69 79 98 73 28 53 98 1 5 95 23 49 24 90 17 96 56 7 34 50 76 54 88 0 21 31 32 49 73 91 7 53 66 87 87 30 79 62 62 89 87 71 28 54 17 70 68 55 23 19 67 11 53 92 85 72 59 92 75 49 43 45 75 36 45 84 53 0 57 52 19 2 58 33 9 7 9 32 46 94 71 75 99 11
 62 82 70 48 55 82 43 50 10 66 55 68 1 64 99 16 55 49 77 69 36 10 83 96 40 92 46 56 8 32 55 100 54 70 25 87 6 40 86 79 0 23 40 89 76 45 12 25 47 52 41 33 67 15 7 52 97 62 28 10 64 29 59 94 8 64 57 53 13 53 71 65 6 24 24 3 67 81 68 25 0 7 65 23 64 83 28 69 54 50 18 44 40 48 75 67 86 36 5 50
 85 72 78 14 15 73 30 86 60 23 97 68 3 21 13 46 53 14 23 70 66 43 84 77 78 62 30 36 95 70 49 58 57 14 88 24 74 91 15 69 77 0 68 48 60 18 5 8 61 40 28 40 58 36 14 17 70 68 5 87 21 96 46 91 35 79 14 16 64 42 35 78 33 52 15 27 52 78 84 4 67 82 15 47 39 29 0 17 30 39 78 50 38 67 70 43 55 6 15 59
 18 97 15 7 87 9 9 63 42 47 96 91 48 33 38 5 8 26 12 61 1 44 7 5 62 34 77 24 10 65 69 70 12 33 71 2 47 68 79 68 60 32 0 36 67 71 28 29 31 29 27 12 64 97 82 65 41 68 43 64 31 64 74 8 80 80 10 54 23 94 35 73 3 73 37 66 95 63 23 30 29 39 85 32 49 10 19 96 51 88 58 21 67 21 58 57 58 97 48 47
 45 22 6 74 4 54 30 44 50 26 91 15 60 39 21 88 41 8 74 6 94 69 35 6 86 80 10 42 89 15 98 45 92 23 23 91 26 97 73 51 11 52 64 0 74 97 29 69 93 3 62 32 20 21 72 16 16 48 55 99 79 34 22 63 54 44 91 83 75 22 46 63 42 19 74 96 51 42 54 56 1 56 9 20 63 11 6 98 69 85 88 57 83 9 20 53 71 21 62 90
 19 14 84 44 90 2 5 83 9 79 7 32 38 97 45 69 81 47 35 50 52 32 86 44 33 17 21 30 42 92 87 50 61 28 10 42 36 77 95 27 24 40 33 26 0 73 42 51 12 41 69 83 9 40 20 23 63 84 58 65 63 80 0 11 17 14 67 80 47 38 43 94 32 55 49 85 50 44 54 26 75 27 0 54 57 75 22 63 53 16 51 57 63 59 73 8 83 46 12 76
 23 67 86 60 85 18 66 16 9 4 69 23 49 60 10 1 81 97 9 80 69 26 64 15 36 83 51 68 57 40 16 4 28 75 97 75 93 82 79 9 55 82 29 3 27 0 30 37 67 85 7 18 22 20 17 41 21 61 52 59 24 24 86 9 36 39 18 46 52 65 50 11 5 50 45 26 79 19 22 62 65 37 88 60 97 68 86 61 9 24 93 5 45 22 53 30 58 46 47 21
 37 28 33 57 99 82 65 14 56 85 7 14 67 46 28 90 49 81 34 17 84 7 15 25 85 51 83 7 56 43 39 9 1 9 51 23 18 67 72 93 88 95 72 71 58 70 0 83 0 91 76 23 13 76 31 13 17 28 49 98 31 49 59 84 35 52 34 84 63 83 71 98 5 11 94 77 98 5 62 33 78 6 20 10 40 63 5 86 8 52 88 29 20 15 81 75 18 18 42 39
 84 7 13 69 84 42 74 44 1 97 55 1 35 11 18 7 92 80 19 74 75 43 45 52 34 25 83 55 47 57 3 17 88 36 42 17 12 5 28 47 75 92 71 31 49 63 17 0 4 1 26 62 80 95 50 4 28 64 19 14 87 48 48 45 65 39 80 96 25 76 12 79 62 36 34 71 41 81 4 97 59 83 76 26 40 87 68 3 54 48 81 74 53 36 56 40 61 21 59 15
 3 81 84 38 93 57 78 2 84 32 13 21 41 49 37 47 68 94 50 22 84 87 97 34 34 21 61 78 19 15 88 81 95 50 96 75 86 100 16 34 53 39 69 7 88 33 100 96 0 15 96 59 87 81 21 9 67 99 29 21 56 88 23 71 75 98 76 81 72 77 1 45 22 50 37 79 17 53 98 62 67 1 89 8 21 30 23 27 23 32 42 21 57 18 0 90 86 39 30 74
 21 67 82 86 4 38 84 56 93 32 86 79 22 65 49 60 73 14 55 53 22 79 46 64 92 18 27 17 24 80 15 16 53 33 8 65 92 66 28 13 48 60 71 97 59 15 9 99 85 0 44 18 2 81 5 88 91 41 41 82 50 10 57 56 17 41 56 75 43 51 52 31 87 40 28 79 40 57 41 49 63 95 60 25 39 81 34 3 28 70 53 53 53 10 7 81 14 46 57 33
 44 38 95 60 57 93 86 97 83 6 64 53 62 50 89 12 57 44 66 89 73 3 89 14 54 61 93 10 68 85 25 68 98 9 10 83 26 92 24 13 59 72 73 38 31 93 24 74 4 56 0 23 71 86 85 79 42 77 96 56 81 91 72 43 83 39 93 83 55 33 47 14 10 75 73 57 60 69 93 1 67 49 29 57 61 45 1 41 20 41 70 32 5 46 60 25 92 37 71 99
 81 23 28 13 83 61 87 50 48 81 69 50 50 2 10 45 42 17 8 70 73 67 65 84 85 97 19 58 69 27 100 5 78 1 93 42 62 40 53 70 67 60 88 68 17 82 77 38 41 82 77 0 10 69 73 31 68 43 81 52 2 42 79 50 26 46 83 75 46 89 74 15 75 41 4 79 54 83 75 59 22 91 79 83 37 81 45 34 34 59 92 18 32 83 17 22 38 59 62 71
 23 16 80 69 81 41 72 35 93 76 39 53 34 1 11 28 2 57 96 98 29 59 74 50 27 60 98 67 88 50 48 76 42 26 38 89 85 21 47 21 33 42 36 80 91 78 87 20 13 98 29 90 0 82 16 78 31 53 12 18 18 16 38 59 80 15 38 6 57 37 38 43 3 94 56 36 92 78 32 53 1 97 57 26 5 0 13 62 0 14 9 97 9 5 79 1 98 85 36 42
 9 14 89 3 2 93 68 70 26 56 89 26 72 22 75 32 9 50 48 31 28 55 32 73 90 11 100 22 65 29 55 71 94 90 60 93 33 20 9 38 85 64 3 79 60 80 24 5 19 19 14 31 18 0 78 7 90 8 77 28 81 30 4 27 95 16 31 96 33 41 84 7 98 18 7 1 0 12 33 41 80 90 97 20 65 45 6 51 67 89 6 61 69 17 98 71 7 91 48 48
 68 32 41 9 38 53 59 92 81 50 16 64 50 22 62 7 67 50 93 73 24 72 51 62 46 98 7 14 27 100 63 99 92 31 76 47 92 53 2 38 93 86 18 28 80 83 69 50 79 95 15 27 84 22 0 68 39 86 56 77 12 64 52 13 63 43 73 12 71 10 4 31 14 48 90 45 83 52 70 49 53 36 37 46 58 46 19 37 16 79 66 80 56 15 7 67 68 69 72 64
 24 99 12 55 49 37 21 61 50 42 38 39 75 22 6 14 10 59 45 93 56 61 43 95 82 97 82 72 43 83 83 32 50 53 20 91 14 70 73 11 48 83 35 84 77 59 87 96 91 12 21 69 22 93 32 0 5 69 53 17 87 5 54 72 4 7 23 83 90 14 10 21 0 54 27 77 55 58 13 64 21 78 15 71 48 44 53 8 29 30 92 78 95 13 93 92 84 96 41 87
 6 74 50 78 82 52 38 58 16 84 90 43 67 63 12 22 29 36 24 70 97 1 94 30 64 91 40 68 6 17 35 99 61 84 30 80 30 65 10 13 3 30 59 84 37 79 83 72 33 9 58 32 69 10 61 95 0 74 58 28 98 39 94 59 42 62 35 80 81 38 31 43 9 88 66 76 81 45 46 13 73 59 49 93 0 43 66 53 73 12 2 34 12 43 91 1 77 8 2 68
 87 76 39 15 54 28 31 68 19 4 60 73 75 58 18 44 2 5 50 97 79 3 61 37 86 66 52 22 92 39 73 68 96 39 97 6 40 20 52 29 38 32 32 52 16 39 72 36 1 59 23 57 47 92 14 31 26 0 34 3 57 87 19 55 11 54 22 83 50 99 87 8 39 82 83 73 16 51 76 93 69 97 10 67 53 20 67 52 65 48 52 65 74 92 17 6 11 94 23 84
 31 28 34 76 60 82 12 93 31 49 74 76 69 81 80 49 91 25 59 73 87 18 69 23 64 19 81 50 90 33 4 100 43 85 69 76 10 74 87 72 72 95 57 45 42 48 51 81 71 59 4 19 88 23 44 47 42 66 0 31 16 5 14 55 75 13 49 26 22 52 18 87 83 14 66 26 26 55 1 41 58 22 69 37 31 5 4 16 70 29 95 89 20 59 5 95 92 2 73 23
 44 57 70 1 69 32 37 8 14 72 85 54 51 21 3 27 84 65 57 33 85 55 61 34 14 69 14 9 49 81 57 89 43 42 100 98 90 59 71 46 90 13 36 1 35 41 2 86 79 18 44 48 82 72 23 83 72 97 69 0 67 12 88 18 8 78 71 28 8 80 80 4 16 72 50 50 9 96 57 80 40 24 71 2 71 58 54 93 98 47 30 80 76 47 18 72 80 1 45 63
 28 51 77 69 59 20 10 27 29 13 32 52 69 6 75 80 68 59 93 7 31 50 60 66 56 87 64 99 6 93 7 17 98 70 59 67 6 39 66 83 36 79 69 21 37 76 69 13 44 50 19 98 82 19 88 13 2 43 84 33 0 84 67 57 0 42 6 1 92 34 9 73 20 2 25 71 84 60 15 24 77 89 25 30 11 84 80 64 74 42 56 44 98 47 90 22 55 77 86 59
 16 62 47 84 31 32 8 15 47 93 42 82 40 73 6 60 47 1 50 26 20 17 29 46 12 29 35 38 19 74 38 58 60 82 96 28 53 84 14 30 71 4 36 66 20 76 51 52 12 90 9 58 84 70 36 95 61 13 95 88 16 0 9 48 4 32 32 84 90 89 95 49 66 82 83 66 82 85 94 63 8 35 6 84 93 13 42 89 52 37 93 12 22 4 49 50 66 89 1 85
 89 35 40 61 14 25 57 97 98 33 48 14 11 71 33 85 59 12 33 52 50 29 87 45 53 84 2 43 43 50 65 10 21 91 36 97 22 89 16 32 41 54 26 78 100 14 41 52 77 43 28 21 62 96 48 46 6 81 86 12 33 91 0 58 28 62 53 11 2 9 86 73 68 19 89 57 30 61 20 40 29 2 92 77 92 78 9 11 33 4 85 75 59 67 5 36 68 66 15 38
 74 45 37 76 2 41 32 82 70 72 45 36 99 55 53 38 46 92 14 24 65 3 20 50 57 75 79 32 29 32 68 83 41 88 89 42 2 51 79 45 6 9 92 37 89 91 16 55 29 44 57 50 41 73 87 28 41 45 45 82 43 52 42 0 20 9 82 15 78 51 20 25 40 1 53 87 99 78 38 94 7 66 28 73 73 85 65 66 63 28 11 96 14 81 67 76 55 22 56 59
 90 62 64 86 78 98 66 34 82 11 52 7 80 83 50 32 6 23 69 78 58 42 2 54 95 43 49 32 58 59 49 70 34 75 23 37 3 7 67 77 92 65 20 46 83 64 65 35 25 83 17 74 20 5 37 96 58 89 25 92 100 96 72 80 0 28 16 31 22 27 49 12 32 21 68 14 93 17 36 88 65 22 76 51 11 74 44 89 22 92 53 24 93 99 17 44 59 36 77 74
 39 45 46 28 41 13 65 8 38 83 54 90 100 88 57 86 28 81 18 10 42 37 10 67 34 91 18 68 6 15 39 70 63 76 20 40 69 17 5 81 36 21 20 56 86 61 48 61 2 59 61 54 85 84 57 93 38 46 87 22 58 68 38 91 72 0 63 17 54 69 97 3 67 49 55 9 57 10 55 18 87 24 24 27 3 39 84 8 68 28 19 72 53 28 96 43 40 61 69 80
 91 36 54 63 65 6 77 8 66 43 29 42 65 91 50 20 76 52 45 76 70 46 40 58 47 63 45 34 16 25 18 95 79 25 54 46 14 25 55 33 43 86 90 9 33 82 66 20 24 44 7 17 62 69 27 77 65 78 51 29 94 68 47 18 84 37 0 52 79 11 52 59 8 75 68 35 61 93 33 25 12 21 59 34 7 66 14 81 44 4 68 55 54 32 1 53 44 54 81 43
 4 53 43 32 7 37 91 13 64 17 1 64 73 42 31 16 88 78 18 91 4 79 26 8 69 12 29 70 44 34 75 70 87 17 80 81 66 58 61 89 47 84 46 17 20 54 16 4 19 25 17 25 94 4 88 17 20 17 74 72 99 16 89 85 69 83 48 0 52 47 66 55 0 88 68 21 47 55 49 8 67 44 68 26 87 93 52 95 8 85 19 99 7 93 14 12 78 1 87 69
 67 22 84 76 90 45 68 66 28 3 52 81 21 72 63 20 29 37 4 11 37 16 63 45 42 43 86 13 41 52 80 4 4 40 73 100 53 78 32 47 87 36 77 25 53 48 37 75 28 57 45 54 43 67 29 10 19 50 78 92 8 10 98 22 78 46 21 48 0 97 57 77 82 31 62 5 31 40 38 73 40 2 2 2 35 89 62 88 52 37 95 30 69 46 32 78 71 68 9 47
 87 70 30 73 14 36 9 20 35 11 13 67 61 84 84 90 87 48 29 82 72 69 29 95 68 58 43 83 58 94 99 95 92 99 68 92 54 6 51 8 47 58 6 78 62 35 17 24 23 49 67 11 63 59 90 86 62 1 48 20 66 11 91 49 73 31 89 53 3 0 54 25 22 92 36 44 47 46 60 95 95 22 33 8 83 90 90 70 31 34 94 23 95 52 28 75 16 28 76 64
 25 89 46 10 1 75 69 88 19 62 22 34 93 2 61 62 94 93 8 5 20 88 1 88 93 7 55 45 15 43 64 58 72 9 31 69 21 19 95 15 29 65 65 54 57 50 29 88 99 48 53 26 62 16 96 90 69 13 82 20 91 5 14 80 51 3 48 34 43 46 0 5 37 2 89 78 46 86 61 19 90 20 47 8 97 90 43 13 70 79 70 31 94 98 12 20 83 9 71 63
 61 40 19 74 68 90 30 77 59 89 51 88 75 29 6 23 31 3 46 80 100 7 76 92 71 24 72 75 25 38 48 81 75 30 8 13 24 78 98 28 35 22 27 37 6 89 2 21 55 69 86 85 57 93 69 79 57 92 13 96 27 51 27 75 88 97 41 45 23 75 95 0 85 9 35 49 40 98 58 79 8 56 66 43 1 87 69 30 32 27 0 57 79 24 51 92 53 0 45 43
 29 14 33 84 89 33 51 27 34 68 13 25 77 25 59 9 74 2 24 41 38 61 59 94 29 74 95 97 56 81 11 79 16 74 29 3 14 93 61 41 94 67 97 58 68 95 95 38 78 13 90 25 97 2 86 100 91 61 17 84 80 34 32 60 68 33 92 100 18 78 63 15 0 9 31 54 35 34 74 1 1 95 43 2 80 35 65 79 77 10 0 95 69 10 84 18 88 80 95 21
 53 46 48 83 88 3 83 65 55 37 83 39 87 43 42 73 42 66 100 8 27 80 31 39 40 70 68 99 97 73 50 44 51 56 74 84 36 85 13 8 76 48 27 81 45 50 89 64 50 60 25 59 6 82 52 46 12 18 86 28 98 18 81 99 79 51 25 12 69 8 98 91 91 0 10 36 88 29 34 78 75 30 80 67 55 88 37 44 78 32 91 35 60 91 10 29 78 33 5 18
 27 71 58 23 9 88 80 9 13 70 91 98 14 64 25 47 37 95 1 66 36 59 62 93 6 37 57 3 89 80 60 35 55 76 53 92 61 78 63 25 76 85 63 26 51 55 6 66 63 72 27 96 44 93 10 73 34 17 34 50 75 17 11 47 32 45 32 32 38 64 11 65 69 90 0 14 25 5 91 13 96 97 9 62 39 53 36 89 20 24 2 42 81 42 95 58 13 40 90 20
 86 2 15 37 5 18 98 37 51 84 13 96 26 96 48 16 29 34 28 70 94 77 46 4 72 12 51 23 77 29 60 63 65 30 15 11 82 81 84 51 97 73 34 4 15 74 23 29 21 21 43 21 64 99 55 23 24 27 74 50 29 34 43 13 86 91 65 79 95 56 22 51 46 64 86 0 32 37 65 84 29 30 50 72 9 82 36 68 63 74 3 86 39 46 29 97 2 78 1 13
 13 73 24 9 45 35 74 12 58 84 69 74 21 53 19 76 15 51 42 37 95 51 89 28 99 49 97 88 82 4 45 71 91 67 20 82 36 33 96 57 33 48 5 49 50 21 2 59 83 60 40 46 8 100 17 45 19 84 74 91 16 18 70 1 7 43 39 53 69 53 54 60 65 12 75 68 0 5 61 16 3 1 23 58 58 67 23 21 63 11 14 3 53 71 58 39 35 38 31 19
 32 75 86 13 89 93 47 76 56 93 96 19 74 77 82 28 76 4 31 61 72 83 59 58 21 30 90 74 63 25 3 82 86 44 100 88 78 80 55 55 19 22 37 58 56 81 95 19 47 43 31 17 22 88 48 42 55 49 45 4 40 15 39 22 83 90 7 45 60 54 14 2 66 71 95 63 95 0 94 59 34 4 19 40 13 83 79 16 52 13 23 56 91 33 6 64 67 86 91 47
 46 13 42 94 55 15 97 87 80 43 67 93 66 68 93 38 71 4 42 40 3 58 50 78 34 58 68 65 71 49 26 91 55 87 18 19 7 63 39 25 32 16 77 46 46 78 38 96 2 59 7 25 68 67 30 87 54 24 99 43 85 6 80 62 64 45 67 51 62 40 39 42 26 66 9 35 39 6 0 52 83 98 14 9 43 75 46 74 92 14 21 11 11 74 63 38 12 36 82 12
 51 89 96 47 70 22 66 90 44 12 63 56 46 90 21 86 61 89 13 10 16 41 46 85 10 39 73 34 74 14 42 75 93 91 70 67 54 24 42 64 75 96 70 44 74 38 67 3 38 51 99 41 47 59 51 36 87 7 59 20 76 37 60 6 12 82 75 92 27 5 81 21 99 22 87 16 84 41 48 0 55 79 88 22 81 84 18 81 97 17 59 16 22 38 43 93 89 69 59 26
 80 44 11 93 61 7 83 44 65 75 89 91 81 76 23 25 63 7 62 2 86 89 9 46 92 98 47 41 91 46 55 36 69 13 79 69 15 48 24 55 100 33 71 99 25 35 22 41 33 37 33 78 99 20 47 79 27 31 42 60 23 92 71 93 35 13 88 33 60 5 10 92 99 25 4 71 97 66 17 45 0 56 52 49 36 87 70 23 48 78 30 57 83 56 21 95 47 32 91 99
 19 62 39 51 66 74 35 76 98 39 14 35 50 28 64 11 58 25 99 70 65 62 58 54 86 85 1 50 82 42 82 3 75 40 12 36 89 15 68 16 93 18 61 44 73 63 94 17 99 5 51 9 3 10 64 22 41 3 78 76 11 65 98 34 78 76 79 56 98 78 80 44 5 70 3 70 99 96 2 21 44 0 6 11 25 19 67 42 88 70 65 18 30 72 72 95 39 99 44 45
 35 27 88 16 54 34 87 87 94 6 61 64 43 43 59 63 55 4 47 22 78 73 83 3 75 49 17 79 39 3 77 21 95 27 72 96 19 65 20 47 35 85 15 91 100 12 80 24 11 40 71 21 43 3 63 85 51 90 31 29 75 94 8 72 24 76 41 32 98 67 53 34 57 20 91 50 77 81 86 12 48 94 0 83 40 57 82 84 32 21 37 45 87 96 17 99 2 14 2 72
 29 28 76 22 27 66 25 53 49 55 72 74 63 98 12 69 65 7 22 56 36 97 41 55 83 75 65 46 94 95 45 74 47 43 51 28 27 19 36 100 77 53 68 80 46 40 90 74 92 75 43 17 74 80 54 29 7 33 63 98 70 16 23 27 49 73 66 74 98 92 92 57 98 33 38 28 42 60 91 78 51 89 17 0 63 62 87 92 96 27 93 27 15 39 83 51 47 1 18 95
 7 68 66 63 57 3 69 45 23 24 17 15 61 85 30 90 23 78 96 84 57 6 28 55 55 48 76 6 26 9 20 8 54 14 4 38 45 27 64 43 36 61 51 37 43 3 60 60 79 61 39 63 95 35 42 52 100 47 69 29 89 7 8 27 89 97 93 13 65 17 3 99 20 45 61 91 42 87 57 19 64 75 60 37 0 30 55 82 25 85 36 2 1 27 72 2 7 84 19 61
 24 95 52 74 26 48 66 71 79 21 82 35 30 29 28 35 97 65 85 57 63 90 87 93 66 41 10 44 64 82 48 65 70 78 15 20 97 30 18 48 17 71 90 89 25 32 37 13 70 19 55 19 100 55 54 56 57 80 95 42 16 87 22 15 26 61 34 7 11 10 10 13 65 12 47 18 33 17 25 16 13 81 43 38 70 0 40 84 46 84 70 17 52 80 19 45 67 20 78 54
 61 21 53 44 65 10 57 76 66 48 69 8 25 82 32 2 89 83 15 27 52 49 63 61 54 64 58 9 81 84 20 58 34 99 30 38 65 23 69 81 72 100 81 94 78 14 95 32 77 66 99 55 87 94 81 47 34 33 96 46 20 58 91 35 56 16 86 48 38 10 57 31 35 63 64 64 77 21 54 82 30 33 18 13 45 60 0 69 93 98 76 53 35 6 65 8 95 29 55 66
 49 55 29 50 64 69 11 57 99 20 11 21 94 64 92 9 29 93 71 65 98 6 55 42 13 34 89 16 33 61 17 39 51 16 26 74 32 10 48 98 31 83 4 2 37 39 14 97 73 97 59 66 38 49 63 92 47 48 84 7 36 11 89 34 11 92 19 5 12 30 87 70 21 56 11 32 79 84 26 19 77 58 16 8 18 16 31 0 38 1 63 61 96 29 63 0 57 37 24 67
 27 24 64 32 14 76 5 57 97 9 23 53 96 91 81 79 81 84 43 73 13 56 73 95 42 50 9 12 41 43 66 57 51 49 29 65 43 1 19 42 46 70 49 31 47 91 92 46 77 72 80 66 100 33 84 71 27 35 30 2 26 48 67 37 78 32 56 92 48 69 30 68 23 22 80 37 37 48 8 3 52 12 68 4 75 54 7 62 0 69 34 70 50 47 92 75 66 83 15 50
 14 60 11 92 26 80 2 97 48 94 56 85 19 82 4 34 11 74 31 95 29 73 62 94 76 52 75 72 42 29 17 92 42 86 97 71 34 56 12 67 50 61 12 15 84 76 48 52 68 30 59 41 86 11 21 70 88 52 71 53 58 63 96 72 8 72 96 15 63 66 21 73 90 68 76 26 89 87 86 83 22 30 79 73 15 16 2 99 31 0 66 60 5 57 60 89 89 54 62 95
 80 98 65 55 96 52 90 74 14 59 81 9 61 42 76 66 32 98 64 58 61 76 23 54 58 5 61 83 13 92 32 54 20 52 96 32 100 80 100 91 82 22 42 12 49 7 12 19 58 47 30 8 91 94 34 8 98 48 5 70 44 7 15 89 47 81 32 81 5 6 30 100 100 9 98 97 86 77 79 41 70 35 63 7 64 30 24 37 66 34 0 27 50 99 74 30 5 88 17 4
 74 8 39 40 67 48 35 52 40 38 62 44 64 52 15 10 75 57 22 56 29 81 83 13 99 10 73 15 74 62 58 83 49 5 48 95 57 18 71 93 56 50 79 43 43 95 71 26 79 47 68 82 3 39 20 22 66 35 11 20 56 88 25 4 76 28 45 1 70 77 69 43 5 65 58 14 97 44 89 84 43 82 55 73 98 83 47 39 30 40 73 0 12 55 5 75 41 96 5 37
 84 63 1 38 75 2 10 6 10 98 40 37 63 67 74 88 79 57 3 33 27 20 9 62 55 70 79 39 8 100 82 89 26 38 70 62 14 25 53 91 60 62 33 17 37 55 80 47 43 47 95 68 91 31 44 5 88 26 80 24 2 78 41 86 7 47 46 93 31 5 6 21 31 40 19 61 47 9 89 78 17 70 13 85 99 48 65 4 50 95 50 88 0 78 47 71 51 79 70 31
 6 74 10 95 27 71 80 90 54 60 16 79 30 28 93 82 85 73 88 3 88 12 11 39 90 49 8 53 41 6 33 82 81 79 20 100 31 76 53 68 52 33 79 91 41 78 85 64 82 90 54 17 95 83 85 87 57 8 41 53 53 96 33 19 1 72 68 7 54 48 2 76 90 9 58 54 29 67 26 62 44 28 4 61 73 20 94 71 53 43 1 45 22 0 20 75 11 87 48 41
 58 67 63 40 99 48 92 37 52 30 49 20 20 48 16 24 98 76 60 9 94 82 70 38 97 58 32 31 34 77 86 37 34 72 47 56 2 26 27 54 25 30 42 80 27 47 19 44 100 93 40 83 21 2 93 7 9 83 95 82 10 51 95 33 83 4 99 86 68 72 88 49 16 90 5 71 42 94 37 57 79 28 83 17 28 81 35 37 8 40 26 95 53 80 0 26 35 4 44 98
 85 74 97 19 53 18 59 38 29 44 99 72 23 89 25 35 80 70 10 6 84 46 41 78 5 12 36 55 71 32 97 87 1 87 95 65 93 6 40 6 33 57 43 47 92 70 25 60 10 19 75 78 99 29 33 8 99 94 5 28 78 50 64 24 56 57 47 88 22 25 80 8 82 71 42 3 61 36 62 7 5 5 1 49 98 55 92 100 25 11 70 25 29 25 74 0 29 84 59 58
 80 25 71 92 87 77 15 43 63 90 31 87 81 63 29 63 42 39 53 41 78 12 74 43 25 61 55 31 91 60 80 75 30 67 69 48 39 69 92 29 14 45 42 29 17 42 82 39 14 86 8 62 2 93 32 16 23 89 8 20 45 34 32 45 41 60 56 22 29 84 17 47 12 22 87 98 65 33 88 11 53 61 98 53 93 33 5 43 34 11 95 59 49 89 65 71 0 87 35 56
 58 15 21 14 88 11 75 31 6 4 14 66 39 28 11 2 89 73 5 61 23 47 14 48 57 33 76 21 65 51 40 43 32 48 4 93 22 69 13 25 64 94 3 79 54 54 82 79 61 54 63 41 15 9 31 4 92 6 98 99 23 11 34 78 64 39 46 99 32 72 91 100 20 67 60 22 62 14 64 31 68 1 86 99 16 80 71 63 17 46 12 4 21 13 96 16 13 0 19 81
 18 25 95 44 82 83 93 92 78 84 21 36 92 29 75 60 8 88 39 58 66 36 24 54 22 88 72 43 97 12 99 67 71 96 99 95 69 64 47 1 95 85 52 38 88 53 58 41 70 43 29 38 64 52 28 59 98 77 27 55 14 99 85 44 23 31 19 13 91 24 29 55 5 95 10 99 69 9 18 41 9 56 98 82 81 22 45 76 85 38 83 95 30 52 56 41 65 81 0 72
 24 86 29 76 7 25 96 39 30 98 71 14 63 57 29 2 81 81 14 23 24 60 85 76 57 25 24 35 20 92 94 67 36 55 20 98 15 24 22 89 50 41 53 10 24 79 61 85 26 67 1 29 58 52 36 13 32 16 77 37 41 15 62 41 26 20 57 31 53 36 37 57 79 82 80 87 81 53 88 74 1 55 28 5 39 46 34 33 50 5 96 63 69 59 2 42 44 19 28 0
