20

 0 39 7 50 3 14 15 8 16 62 93 89 28 84 31 60 31 71 10 38
 61 0 55 90 3 43 77 97 89 69 99 19 81 44 35 53 30 19 82 93
 93 45 0 78 83 54 17 77 69 70 92 25 14 96 19 78 55 35 89 87
 50 10 22 0 15 73 61 52 5 12 94 63 44 27 66 38 77 94 5 59
 97 97 17 85 0 91 4 48 63 9 89 71 42 1 23 69 63 12 65 29
 86 57 46 27 9 0 86 17 75 11 29 74 91 54 61 60 80 73 85 42
 85 23 83 39 96 14 0 45 48 3 81 74 2 85 72 91 49 33 83 6
 92 3 23 48 52 83 55 0 94 39 80 72 84 10 51 69 24 73 23 45
 84 11 31 95 37 25 52 6 0 34 51 23 92 17 94 92 19 84 30 96
 38 31 30 88 91 89 97 61 66 0 34 4 24 12 80 39 30 5 76 14
 7 1 8 6 11 71 19 20 49 66 0 26 19 22 21 66 72 90 72 93
 11 81 75 37 29 26 26 28 77 96 74 0 21 31 53 78 71 79 85 11
 72 19 86 56 58 9 98 16 8 76 81 79 0 37 82 51 80 44 38 61
 16 56 4 73 99 46 15 90 83 88 78 69 63 0 97 73 54 9 38 40
 69 65 81 34 77 39 28 49 6 20 79 47 18 3 0 56 42 40 89 70
 40 47 22 62 31 40 9 31 8 61 34 22 49 27 44 0 3 2 61 1
 69 70 45 23 37 20 51 76 81 70 28 29 20 46 58 97 0 23 47 34
 29 81 65 6 88 27 67 27 16 95 10 21 56 91 60 98 77 0 41 56
 90 18 11 95 35 15 17 77 70 24 28 15 62 62 11 39 53 59 0 91
 62 7 13 41 71 58 94 55 4 86 7 89 39 60 30 99 66 44 9 0
