20

 0 7 45 60 3 60 78 76 33 83 91 27 20 61 37 13 51 20 22 23
 93 0 99 75 43 71 81 77 75 77 46 76 54 85 92 72 84 68 23 71
 55 1 0 74 91 77 10 4 36 69 80 69 94 98 46 89 75 26 33 58
 40 25 26 0 33 68 19 12 77 6 86 57 18 30 53 14 98 17 53 16
 97 57 9 67 0 60 76 75 26 42 30 61 19 23 93 56 38 11 7 86
 40 29 23 32 40 0 17 58 55 36 5 77 42 90 20 79 6 96 79 38
 22 19 90 81 24 83 0 56 22 4 66 66 87 85 41 35 46 89 64 54
 24 23 96 88 25 42 44 0 76 32 89 67 45 95 95 10 68 6 40 25
 67 25 64 23 74 45 78 24 0 12 12 49 7 60 8 56 15 66 4 52
 17 23 31 94 58 64 96 68 88 0 14 48 81 64 31 91 46 61 63 87
 9 54 20 14 70 95 34 11 88 86 0 47 42 45 93 4 67 66 10 93
 73 24 31 43 39 23 34 33 51 52 53 0 89 9 99 97 18 80 67 10
 80 46 6 82 81 58 13 55 93 19 58 11 0 45 90 89 15 36 16 26
 39 15 2 70 77 10 15 5 40 36 55 91 55 0 53 42 12 30 61 20
 63 8 54 47 7 80 59 5 92 69 7 1 10 47 0 69 18 34 58 95
 87 28 11 86 44 21 65 90 44 9 96 3 11 58 31 0 22 78 94 84
 49 16 25 2 62 94 54 32 85 54 33 82 85 88 82 78 0 59 76 0
 80 32 74 83 89 4 11 94 34 39 34 20 64 70 66 22 41 0 53 45
 78 77 67 47 93 21 36 60 96 37 90 33 84 39 42 6 24 47 0 68
 77 29 42 84 14 62 46 75 48 13 7 90 74 80 5 16 100 55 32 0
