40

 0 70 95 53 82 17 97 20 90 10 68 48 85 65 47 8 27 1 61 9 29 53 61 27 44 21 7 0 20 59 82 5 18 23 21 60 17 84 75 68
 30 0 18 80 69 35 35 27 10 76 16 88 77 40 20 97 42 46 19 13 2 67 7 63 10 94 95 25 2 70 13 9 17 80 87 76 22 91 66 95
 5 82 0 45 56 55 52 50 3 5 57 13 78 12 21 59 64 75 65 57 50 55 43 24 25 43 47 94 59 57 30 29 70 90 58 17 62 77 21 12
 47 20 55 0 59 21 73 53 82 75 51 61 68 75 67 60 99 38 76 97 9 49 56 31 63 72 55 90 62 80 26 23 10 8 71 67 12 66 13 95
 18 31 44 41 0 80 61 99 54 30 8 9 52 44 32 89 49 51 85 96 46 22 99 90 51 61 24 18 61 23 35 9 61 22 20 53 83 9 88 96
 83 65 45 79 20 0 88 82 20 44 83 57 41 3 90 8 72 76 56 13 4 20 10 73 69 23 47 19 68 34 2 80 9 67 91 99 62 0 99 23
 3 65 48 27 39 12 0 18 8 43 62 15 10 42 32 9 10 4 74 48 47 16 71 58 62 78 33 8 0 17 64 33 93 73 29 54 82 99 41 88
 80 73 50 47 1 18 82 0 7 65 92 95 92 15 60 75 18 81 58 89 43 11 86 44 79 37 98 66 75 53 17 72 4 82 64 42 43 27 81 47
 10 90 97 18 46 80 92 93 0 99 93 58 69 54 54 21 6 1 17 17 84 80 46 22 88 55 80 48 42 21 91 16 1 49 8 73 56 71 70 80
 90 24 95 25 70 56 57 35 1 0 73 26 11 47 41 89 48 55 77 18 75 5 69 53 53 65 47 17 68 85 93 26 85 96 24 4 10 53 95 13
 32 84 43 49 92 17 38 8 7 27 0 23 33 47 55 69 69 64 54 58 47 65 41 83 45 5 32 46 59 51 17 24 46 93 24 37 91 23 9 3
 52 12 87 39 91 43 85 5 42 74 77 0 65 47 76 62 79 22 55 90 79 88 58 49 82 24 62 3 91 31 26 72 8 65 37 97 60 11 44 11
 15 23 22 32 48 59 90 8 31 89 67 35 0 5 37 12 64 48 97 95 17 60 90 92 51 55 76 98 28 97 91 96 25 34 31 66 28 65 46 56
 35 60 88 25 56 97 58 85 46 53 53 53 95 0 89 95 8 76 71 78 54 32 17 38 63 50 41 48 17 36 83 10 27 1 80 86 55 86 52 60
 53 80 79 33 68 10 68 40 46 59 45 24 63 11 0 9 64 93 43 50 37 9 82 78 91 94 70 52 32 96 8 58 61 22 73 23 82 69 85 66
 92 3 41 40 11 92 91 25 79 11 31 38 88 5 91 0 47 86 40 99 56 85 86 0 95 63 69 58 87 47 27 0 8 64 24 52 66 25 47 54
 73 58 36 1 51 28 90 82 94 52 31 21 36 92 36 53 0 84 97 69 44 25 46 52 86 48 99 15 99 7 32 60 73 85 32 86 62 36 90 79
 99 54 25 62 49 24 96 19 99 45 36 78 52 24 7 14 16 0 83 24 16 6 54 98 25 56 7 72 42 42 53 31 14 94 23 32 68 10 47 31
 39 81 35 24 15 44 26 42 83 23 46 45 3 29 57 60 3 17 0 8 44 31 74 89 45 53 35 65 37 82 39 51 59 38 97 84 47 14 17 82
 91 87 43 3 4 87 52 11 83 82 42 10 5 22 50 1 31 76 92 0 89 56 9 73 22 54 24 34 37 92 78 30 7 46 99 89 7 25 38 10
 71 98 50 91 54 96 53 57 16 25 53 21 83 46 63 44 56 84 56 11 0 10 28 21 56 22 57 18 35 5 25 78 6 99 97 80 16 41 83 94
 47 33 45 51 78 80 84 89 20 95 35 12 40 68 91 15 75 94 69 44 90 0 83 79 74 63 30 77 82 1 39 28 78 3 81 43 91 2 61 18
 39 93 57 44 1 90 29 14 54 31 59 42 10 83 18 14 54 46 26 91 72 17 0 72 78 71 32 95 21 7 42 57 22 19 43 22 18 19 60 15
 73 37 76 69 10 27 42 56 78 47 17 51 8 62 22 100 48 2 11 27 79 21 28 0 27 28 47 17 34 57 7 49 17 17 91 99 59 23 92 61
 56 90 75 37 49 31 38 21 12 47 55 18 49 37 9 5 14 75 55 78 44 26 22 73 0 26 54 59 61 19 27 19 88 10 74 51 24 74 19 16
 79 6 57 28 39 77 22 63 45 35 95 76 45 50 6 37 52 44 47 46 78 37 29 72 74 0 82 36 4 48 22 24 46 44 24 22 32 66 26 64
 93 5 53 45 76 53 67 2 20 53 68 38 24 59 30 31 1 93 65 76 43 70 68 53 46 18 0 27 71 92 60 28 58 67 63 65 60 77 96 61
 100 75 6 10 82 81 92 34 52 83 54 97 2 52 48 42 85 28 35 66 82 23 5 83 41 64 73 0 19 68 52 45 54 45 38 75 91 94 35 87
 80 98 41 38 39 32 100 25 58 32 41 9 72 83 68 13 1 58 63 63 65 18 79 66 39 96 29 81 0 11 20 35 98 12 97 17 34 54 67 51
 41 30 43 20 77 66 83 47 79 15 49 69 3 64 4 53 93 58 18 8 95 99 93 43 81 52 8 32 89 0 49 85 38 67 81 98 9 96 55 31
 18 87 70 74 65 98 36 83 9 7 83 74 9 17 92 73 68 47 61 22 75 61 58 93 73 78 40 48 80 51 0 62 73 72 49 85 10 20 41 40
 95 91 71 77 91 20 67 28 84 74 76 28 4 90 42 100 40 69 49 70 22 72 43 51 81 76 72 55 65 15 38 0 33 40 56 60 70 3 66 31
 82 83 30 90 39 91 7 96 99 15 54 92 75 73 39 92 27 86 41 93 94 22 78 83 12 54 42 46 2 62 27 67 0 11 77 84 23 46 88 34
 77 20 10 92 78 33 27 18 51 4 7 35 66 99 78 36 15 6 62 54 1 97 81 83 90 56 33 55 88 33 28 60 89 0 19 37 0 59 42 29
 79 13 42 29 80 9 71 36 92 76 76 63 69 20 27 76 68 77 3 1 3 19 57 9 26 76 37 62 3 19 51 44 23 81 0 8 43 1 79 56
 40 24 83 33 47 1 46 58 27 96 63 3 34 14 77 48 14 68 16 11 20 57 78 1 49 78 35 25 83 2 15 40 16 63 92 0 10 87 3 17
 83 78 38 88 17 38 18 57 44 90 9 40 72 45 18 34 38 32 53 93 84 9 82 41 76 68 40 9 66 91 90 30 77 100 57 90 0 18 25 46
 16 9 23 34 91 100 1 73 29 47 77 89 35 14 31 75 64 90 86 75 59 98 81 77 26 34 23 6 46 4 80 97 54 41 99 13 82 0 47 47
 25 34 79 87 12 1 59 19 30 5 91 56 54 48 15 53 10 53 83 62 17 39 40 8 81 74 4 65 33 45 59 34 12 58 21 97 75 53 0 57
 32 5 88 5 4 77 12 53 20 87 97 89 44 40 34 46 21 69 18 90 6 82 85 39 84 36 39 13 49 69 60 69 66 71 44 83 54 53 43 0
