50

 0 79 15 24 25 95 67 71 48 38 36 6 65 20 40 54 53 3 5 26 56 28 89 0 37 62 62 68 28 76 39 99 49 71 12 81 2 21 95 88 44 81 49 7 52 4 37 24 83 90
 21 0 18 88 8 91 30 42 90 89 45 93 72 92 80 48 22 15 77 87 52 75 36 90 95 58 18 72 55 59 94 87 54 52 55 33 10 88 11 35 74 59 88 40 68 48 60 64 62 97
 85 82 0 19 97 98 14 65 88 24 8 69 9 30 29 56 98 72 93 19 35 40 47 66 40 62 7 69 58 99 47 7 47 4 99 94 91 3 82 93 52 6 20 89 91 39 62 19 86 80
 76 12 81 0 28 5 94 47 55 71 19 30 14 64 90 45 89 85 16 20 93 89 75 34 27 46 19 57 37 53 5 25 25 27 67 65 48 68 80 63 70 25 99 84 73 53 30 85 90 93
 75 92 3 72 0 29 57 97 92 24 45 30 26 4 49 50 75 22 12 84 56 22 10 53 18 26 78 43 82 96 70 49 64 66 9 97 90 74 56 37 0 60 30 80 95 90 58 32 19 41
 5 9 2 95 71 0 88 3 44 4 66 65 74 11 44 0 97 5 53 15 41 89 46 56 69 79 95 13 43 71 23 21 10 19 51 48 85 35 86 43 82 0 13 24 52 44 38 48 10 13
 33 70 86 6 43 12 0 6 11 5 86 23 57 38 39 86 58 56 53 37 37 72 45 3 68 0 75 68 32 90 30 13 58 12 23 86 31 56 96 64 30 87 16 67 55 23 47 27 54 65
 29 58 35 53 3 97 94 0 65 29 64 38 27 0 57 1 37 96 56 68 7 46 53 81 69 17 97 86 54 85 60 20 14 47 13 88 93 0 67 21 99 15 36 68 38 79 82 64 62 69
 52 10 12 45 8 56 89 35 0 99 0 90 2 93 53 99 46 3 12 23 61 10 33 70 59 96 71 54 90 65 72 47 7 39 87 53 29 91 45 81 85 53 15 44 32 10 73 97 26 72
 62 11 76 29 76 96 95 71 1 0 32 18 40 91 77 39 58 54 82 64 81 28 6 24 29 7 35 57 36 78 78 89 60 72 9 11 7 12 58 92 60 79 12 38 54 9 8 84 32 50
 64 55 92 81 55 34 14 36 100 68 0 76 69 61 74 71 47 70 42 13 81 77 61 33 55 48 77 96 45 12 2 25 46 34 78 30 94 93 98 81 61 51 18 9 96 10 69 98 96 94
 94 7 31 70 70 35 77 62 10 82 24 0 48 76 40 32 21 24 68 81 19 51 75 23 99 47 14 83 44 84 43 82 57 18 33 12 78 87 84 81 40 1 0 42 83 0 63 83 36 88
 35 28 91 86 74 26 43 73 98 60 31 52 0 88 46 2 99 57 16 75 86 87 14 65 32 29 9 18 56 40 6 92 32 81 33 96 78 20 76 72 96 66 46 53 72 67 12 88 55 82
 80 8 70 36 96 89 62 100 7 9 39 24 12 0 21 79 82 36 17 98 8 48 93 39 14 67 6 42 10 87 27 55 98 64 56 77 6 21 32 27 70 95 6 66 10 53 31 25 74 95
 60 20 71 10 51 56 61 43 47 23 26 60 54 79 0 38 92 54 27 2 14 69 19 17 95 83 42 81 18 27 57 45 7 12 37 43 81 51 81 16 53 17 13 75 80 42 8 78 23 79
 46 52 44 55 50 100 14 99 1 61 29 68 98 21 62 0 19 19 21 22 33 65 79 80 88 21 77 85 22 81 14 66 18 57 1 70 24 39 70 48 62 40 22 75 41 72 16 70 6 80
 47 78 2 11 25 3 42 63 54 42 53 79 1 18 8 81 0 90 12 19 69 92 13 25 10 41 88 49 35 19 26 85 43 47 60 79 71 49 42 84 50 34 6 52 96 29 88 58 26 91
 97 85 28 15 78 95 44 4 97 46 30 76 43 64 46 81 10 0 96 1 0 95 54 74 30 35 40 5 99 37 7 86 83 78 76 70 52 25 13 47 73 53 15 14 39 95 18 18 53 68
 95 23 7 84 88 47 47 44 88 18 58 32 84 83 73 79 88 4 0 27 49 80 88 5 14 16 17 27 32 59 61 55 35 92 45 33 49 98 45 96 90 11 29 0 38 43 5 41 78 87
 74 13 81 80 16 85 63 32 77 36 87 19 25 2 98 78 81 99 73 0 72 74 83 99 83 86 12 90 96 73 77 56 47 85 55 14 42 99 53 60 16 17 93 84 75 57 2 2 54 89
 44 48 65 7 44 59 63 93 39 19 19 81 14 92 86 67 31 100 51 28 0 36 4 88 84 51 14 57 70 62 95 49 3 42 85 70 8 27 68 8 9 99 40 75 26 65 12 27 53 1
 72 25 60 11 78 11 28 54 90 72 23 49 13 52 31 35 8 5 20 26 64 0 78 66 75 95 45 88 12 11 19 76 54 34 40 81 83 18 56 22 60 40 78 59 16 32 37 66 46 12
 11 64 53 25 90 54 55 47 67 94 39 25 86 7 81 21 87 46 12 17 96 22 0 37 1 9 10 34 32 30 58 39 71 61 1 28 20 23 93 47 74 26 70 68 44 63 83 63 70 50
 100 10 34 66 47 44 97 19 30 76 67 77 35 61 83 20 75 26 95 1 12 34 63 0 8 35 58 29 78 61 28 60 80 81 52 99 69 35 71 45 92 81 31 6 78 97 50 42 1 53
 63 5 60 73 82 31 32 31 41 71 45 1 68 86 5 12 90 70 86 17 16 25 99 92 0 78 21 79 87 41 62 2 52 84 32 47 57 5 42 82 1 25 62 3 56 53 29 58 17 77
 38 42 38 54 74 21 100 83 4 93 52 53 71 33 17 79 59 65 84 14 49 5 91 65 22 0 30 71 47 12 56 82 37 76 90 13 53 77 84 48 36 61 10 0 85 8 59 45 77 32
 38 82 93 81 22 5 25 3 29 65 23 86 91 94 58 23 12 60 83 88 86 55 90 42 79 70 0 33 15 89 5 23 96 69 95 18 55 23 53 86 46 4 86 32 31 67 1 15 86 32
 32 28 31 43 57 87 32 14 46 43 4 17 82 58 19 15 51 95 73 10 43 12 66 71 21 29 67 0 28 41 48 88 72 26 93 34 27 82 59 53 86 41 52 85 86 97 88 56 67 20
 72 45 42 63 18 57 68 46 10 64 55 56 44 90 82 78 65 1 68 4 30 88 68 22 13 53 85 72 0 17 69 95 26 16 79 8 92 92 85 57 22 93 85 11 59 12 47 93 45 8
 24 41 1 47 4 29 10 15 35 22 88 16 60 13 73 19 81 63 41 27 38 89 70 39 59 88 11 59 83 0 31 10 36 95 3 94 71 91 92 73 60 1 48 80 67 32 40 11 12 51
 61 6 53 95 30 77 70 40 28 22 98 57 94 73 43 86 74 93 39 23 5 81 42 72 38 44 95 52 31 69 0 66 85 2 12 63 71 32 2 56 75 48 54 65 83 81 54 69 99 89
 1 13 93 75 51 79 87 80 53 11 75 18 8 45 55 34 15 14 45 44 51 24 61 40 98 18 77 12 5 90 34 0 41 16 88 99 52 69 98 15 70 92 91 8 80 52 35 35 40 36
 51 46 53 75 36 90 42 86 93 40 54 43 68 2 93 82 57 17 65 53 97 46 29 20 48 63 4 28 74 64 15 59 0 98 39 79 69 39 76 99 38 59 94 18 75 45 11 57 55 75
 29 48 96 73 34 81 88 53 61 28 66 82 19 36 88 43 53 22 8 15 58 66 39 19 16 24 31 74 84 5 98 84 2 0 89 91 98 16 27 75 66 74 25 91 9 38 92 43 19 8
 88 45 1 33 91 49 77 87 13 91 22 67 67 44 63 99 40 24 55 45 15 60 99 48 68 10 5 7 21 97 88 12 61 11 0 84 67 99 64 98 99 52 89 14 57 50 13 13 93 24
 19 67 6 35 3 52 14 12 47 89 70 88 4 23 57 30 21 30 67 86 30 19 72 1 53 87 82 66 92 6 37 1 21 9 16 0 2 79 80 31 90 96 72 20 38 44 46 14 40 47
 98 90 9 52 10 15 69 7 71 93 6 22 22 94 19 76 29 48 51 58 92 17 80 31 43 47 45 73 8 29 29 48 31 2 33 98 0 88 31 3 19 72 20 51 53 0 68 42 81 35
 79 12 97 32 26 65 44 100 9 88 7 13 80 79 49 61 51 75 2 1 73 82 77 65 95 23 77 18 8 9 68 31 61 84 1 21 12 0 32 40 57 79 2 4 1 31 44 32 44 99
 5 89 18 20 44 14 4 33 55 42 2 16 24 68 19 30 58 87 55 47 32 44 7 29 58 16 47 41 15 8 98 2 24 73 36 20 69 68 0 0 9 35 68 98 89 76 62 85 32 26
 12 65 7 37 63 57 36 79 19 8 19 19 28 73 84 52 16 53 4 40 92 78 53 55 18 52 14 47 43 27 44 85 1 25 2 69 97 60 100 0 31 44 2 87 58 83 29 93 69 56
 56 26 48 30 100 18 70 1 15 40 39 60 4 30 47 38 50 27 10 84 91 40 26 8 99 64 54 14 78 40 25 30 62 34 1 10 81 43 91 69 0 57 77 57 84 7 26 69 77 17
 19 41 94 75 40 100 13 85 47 21 49 99 34 5 83 60 66 47 89 83 1 60 74 19 75 39 96 59 7 99 52 8 41 26 48 4 28 21 65 56 43 0 15 83 83 34 0 44 17 21
 51 12 80 1 70 87 84 64 85 88 82 100 54 94 87 78 94 85 71 7 60 22 30 69 38 90 14 48 15 52 46 9 6 75 11 28 80 98 32 98 23 85 0 4 39 94 10 18 14 78
 93 60 11 16 20 76 33 32 56 62 91 58 47 34 25 25 48 86 100 16 25 41 32 94 97 100 68 15 89 20 35 92 82 9 86 80 49 96 2 13 43 17 96 0 56 69 3 88 28 56
 48 32 9 27 5 48 45 62 68 46 4 17 28 90 20 59 4 61 62 25 74 84 56 22 44 15 69 14 41 33 17 20 25 91 43 62 47 99 11 42 16 17 61 44 0 11 7 99 61 3
 96 52 61 47 10 56 77 21 90 91 90 100 33 47 58 28 71 5 57 43 35 68 37 3 47 92 33 3 88 68 19 48 55 62 50 56 100 69 24 17 93 66 6 31 89 0 90 39 69 0
 63 40 38 70 42 62 53 18 27 92 31 37 88 69 92 84 12 82 95 98 88 63 17 50 71 41 99 12 53 60 46 65 89 8 87 54 32 56 38 71 74 100 90 97 93 10 0 59 28 95
 76 36 81 15 68 52 73 36 3 16 2 17 12 75 22 30 42 82 59 98 73 34 37 58 42 55 85 44 7 89 31 65 43 57 87 86 58 68 15 7 31 56 82 12 1 61 41 0 93 55
 17 38 14 10 81 90 46 38 74 68 4 64 45 26 77 94 74 47 22 46 47 54 30 99 83 23 14 33 55 88 1 60 45 81 7 60 19 56 68 31 23 83 86 72 39 31 72 7 0 84
 10 3 20 7 59 87 35 31 28 50 6 12 18 5 21 20 9 32 13 11 99 88 50 47 23 68 68 80 92 49 11 64 25 92 76 53 65 1 74 44 83 79 22 44 97 100 5 45 16 0
