20

 0 40 53 91 6 8 43 71 83 88 92 67 19 25 49 92 0 51 15 82
 60 0 27 93 71 72 22 39 95 70 78 16 72 97 94 12 61 28 59 61
 47 73 0 65 38 18 90 95 61 40 84 67 97 52 96 24 86 35 19 17
 9 7 35 0 28 70 17 89 71 20 44 47 61 17 64 36 0 98 59 30
 94 29 62 72 0 43 49 94 6 50 21 82 8 10 92 82 70 71 64 15
 92 28 82 30 57 0 37 11 35 26 35 29 97 60 16 73 92 75 87 11
 57 78 10 83 51 63 0 62 40 20 58 59 85 6 50 32 17 82 85 63
 29 61 5 11 6 89 38 0 9 20 36 92 55 92 62 14 99 70 60 25
 17 5 39 29 94 65 60 91 0 81 82 79 21 39 78 40 99 48 60 59
 12 30 60 80 50 74 80 80 19 0 69 68 26 63 21 11 3 58 4 73
 8 22 16 56 79 65 42 64 18 31 0 51 0 93 3 25 51 91 4 91
 33 84 33 53 18 71 41 8 21 32 49 0 90 90 16 39 29 93 47 31
 81 28 3 39 92 3 15 45 79 74 100 10 0 19 58 8 17 86 85 81
 75 3 48 83 90 40 94 8 61 37 7 10 81 0 35 87 30 74 27 13
 51 6 4 36 8 84 50 38 22 79 97 84 42 65 0 74 58 38 22 46
 8 88 76 64 18 27 68 86 60 89 75 61 92 13 26 0 78 81 39 5
 100 39 14 100 30 8 83 1 1 97 49 71 83 70 42 22 0 36 63 90
 49 72 65 2 29 25 18 30 52 42 9 7 14 26 62 19 64 0 86 51
 85 41 81 41 36 13 15 40 40 96 96 53 15 73 78 61 37 14 0 11
 18 39 83 70 85 89 37 75 41 27 9 69 19 87 54 95 10 49 89 0
