30

 0 37 23 22 39 5 24 37 56 78 87 23 28 74 26 99 51 50 45 63 24 43 39 89 26 12 26 77 79 14
 39 0 43 49 40 40 52 63 39 1 72 90 49 35 15 76 85 54 42 85 42 42 70 57 0 58 38 31 65 28
 91 30 0 13 78 21 8 16 92 11 62 53 95 76 73 36 32 45 77 98 2 81 23 16 48 12 82 5 86 42
 38 51 45 0 72 46 76 52 92 89 16 3 33 70 89 32 98 34 9 69 61 86 32 19 1 14 46 90 86 30
 37 40 27 35 0 22 79 9 5 42 4 60 14 8 27 54 77 12 45 88 70 79 17 49 91 93 53 1 81 62
 90 34 80 96 17 0 51 85 43 58 8 96 90 94 19 12 35 92 71 95 21 63 1 21 9 19 83 49 44 48
 46 99 36 32 11 34 0 75 5 45 82 47 72 55 56 97 18 82 18 72 67 20 29 4 55 37 93 53 90 78
 45 44 86 4 97 64 23 0 13 59 70 83 5 1 75 90 45 25 60 62 62 64 81 2 28 72 64 44 98 30
 3 88 99 51 56 76 78 24 0 5 92 70 35 19 56 33 53 75 51 65 14 51 50 62 47 95 62 8 9 15
 82 33 18 22 20 60 66 60 1 0 12 79 84 70 15 89 79 62 39 13 95 63 83 21 48 6 66 21 80 17
 7 72 53 22 44 36 6 97 5 69 0 68 75 88 85 99 77 35 82 38 96 79 46 65 43 40 13 2 73 97
 22 93 25 89 12 7 75 13 76 32 25 0 13 90 85 5 64 43 68 4 65 69 70 16 53 11 75 84 90 33
 71 60 63 77 5 91 82 23 6 32 64 90 0 29 79 62 74 72 95 64 69 8 67 71 0 54 91 36 42 85
 24 17 99 27 23 77 97 25 12 49 32 15 33 0 27 85 52 21 47 80 86 72 73 36 95 34 17 89 7 97
 83 98 5 14 15 97 32 20 25 36 9 40 45 51 0 20 83 52 87 94 61 4 67 48 18 11 88 46 52 96
 3 12 65 13 95 33 15 69 83 43 80 74 5 63 51 0 29 78 70 84 37 75 69 94 92 14 83 29 18 28
 0 24 77 58 48 1 78 64 88 12 30 16 53 3 92 49 0 81 49 80 44 8 90 43 63 65 96 84 88 42
 17 85 81 88 73 3 38 32 78 62 84 70 49 49 45 24 65 0 32 39 49 75 17 95 66 20 69 56 92 36
 4 43 3 74 36 77 27 86 12 64 4 1 70 75 5 10 2 46 0 84 94 51 70 39 43 97 86 16 34 75
 62 0 54 0 11 83 99 87 81 71 32 49 9 70 48 57 53 40 65 0 73 65 29 2 36 16 26 46 1 70
 12 66 2 2 13 12 80 44 13 1 47 35 98 58 78 24 53 0 20 50 0 77 30 40 4 76 74 94 32 66
 34 7 39 27 92 42 58 53 49 79 8 40 66 42 87 35 58 85 30 33 2 0 20 14 38 77 32 40 91 17
 9 54 73 24 53 32 11 7 67 28 35 37 30 53 72 30 71 57 98 18 88 0 0 94 13 83 59 47 80 28
 64 72 8 70 14 37 82 4 26 76 29 65 52 81 52 1 63 24 97 25 44 61 35 0 76 15 35 4 71 67
 31 65 43 34 14 21 11 37 78 57 84 46 50 4 26 7 86 43 9 50 53 24 55 40 0 7 97 6 46 81
 77 8 83 83 27 61 88 64 83 38 94 36 13 42 70 40 12 91 38 67 2 56 71 45 41 0 38 14 29 64
 14 4 30 3 2 84 7 45 47 23 82 40 65 95 28 85 59 98 69 7 84 25 63 73 66 86 0 80 11 72
 58 36 35 28 92 72 38 2 97 78 5 10 38 88 23 2 10 36 47 55 25 48 59 35 50 40 87 0 14 21
 26 24 28 8 39 43 37 77 68 30 14 14 31 77 41 31 4 89 92 44 33 69 74 13 44 31 9 8 0 16
 72 10 89 5 67 76 76 5 13 27 66 59 70 45 8 21 27 76 13 60 87 84 57 85 26 43 85 83 61 0
