40

 0 35 64 41 31 43 16 96 56 0 56 56 33 62 84 78 15 26 27 69 59 5 51 37 55 78 80 18 85 22 70 20 21 23 79 28 56 64 10 23
 27 0 73 36 35 26 25 18 0 12 29 38 43 22 93 2 80 44 21 73 45 4 6 21 69 91 35 77 66 95 43 58 99 67 46 41 13 20 88 1
 52 89 0 33 73 62 2 25 90 38 19 53 97 94 65 93 15 75 79 3 98 70 8 2 1 1 52 79 36 53 36 24 6 87 56 38 34 49 24 70
 50 80 69 0 7 98 0 11 67 76 82 58 87 7 80 70 80 51 76 65 42 71 70 98 57 60 53 49 94 59 7 8 24 35 4 30 25 10 31 14
 35 49 87 30 0 28 63 50 98 31 80 51 89 85 58 25 35 89 86 92 41 8 0 73 36 69 15 23 94 19 29 93 82 69 11 58 13 86 95 52
 46 76 14 68 60 0 55 55 37 24 96 5 81 13 82 1 67 49 96 58 2 7 33 64 59 54 9 38 41 12 45 42 93 98 68 4 87 14 94 10
 46 21 59 74 93 96 0 63 84 34 20 88 87 53 38 87 44 96 61 33 87 19 25 84 51 57 87 32 30 61 47 84 60 46 3 4 21 66 82 48
 44 42 47 68 64 8 8 0 89 35 58 23 14 50 63 50 19 46 50 18 53 22 63 9 17 8 65 55 18 64 15 21 5 24 84 59 79 48 21 46
 35 93 19 61 29 17 89 40 0 9 96 77 90 9 45 37 48 98 89 96 56 15 40 80 51 38 70 99 32 0 25 19 88 46 87 97 54 86 32 73
 58 56 10 53 17 42 55 56 87 0 79 1 34 43 34 60 55 21 58 91 81 1 38 77 6 80 29 45 82 38 55 97 56 8 82 62 29 65 64 38
 34 11 4 7 90 64 20 81 57 20 0 55 96 9 56 25 46 57 17 60 98 56 38 53 45 41 7 99 0 62 27 9 68 52 40 79 94 49 35 22
 82 48 7 43 64 56 96 56 67 52 2 0 36 50 58 67 44 23 72 90 59 24 1 89 85 16 57 2 13 55 12 63 76 88 46 44 47 62 90 4
 86 44 69 98 76 52 92 26 60 48 98 3 0 74 44 62 61 22 25 96 63 55 66 93 5 97 57 87 55 78 94 0 18 1 32 5 99 94 55 12
 61 58 54 86 79 30 66 9 21 62 30 23 29 0 33 6 58 94 13 5 9 57 51 79 92 99 66 53 55 70 22 60 21 2 17 3 55 5 47 11
 98 42 35 83 91 7 13 96 11 54 42 96 38 27 0 73 79 79 89 95 38 18 70 55 52 57 41 47 97 61 31 47 62 54 55 17 63 67 37 83
 68 95 92 99 96 33 57 62 63 41 22 68 76 90 41 0 54 5 90 3 84 53 30 21 61 3 6 85 34 52 8 46 25 54 60 87 34 49 26 93
 44 57 56 54 77 48 94 65 94 17 62 64 17 10 43 48 0 65 69 38 8 80 6 16 22 63 6 82 6 39 11 43 43 63 15 72 72 28 72 46
 20 97 56 69 49 9 37 72 79 99 97 71 91 8 83 65 85 0 99 39 62 49 4 72 10 35 15 21 42 82 87 94 76 37 53 86 64 48 20 64
 52 98 19 96 7 76 54 8 1 49 86 16 65 10 92 88 11 58 0 63 60 76 60 60 97 18 53 31 75 92 42 14 37 14 12 81 17 59 26 7
 82 54 67 44 29 29 25 3 43 46 44 96 11 51 99 4 9 20 69 0 75 10 67 57 13 20 57 26 85 2 28 71 3 78 33 98 0 66 29 15
 9 34 88 80 26 86 58 40 66 69 21 88 55 65 81 0 46 48 65 78 0 54 22 38 74 5 42 53 35 4 59 38 65 22 30 68 39 8 42 55
 4 69 90 84 21 72 94 92 54 30 57 6 12 71 94 37 84 59 18 64 66 0 30 21 23 49 88 20 30 85 77 89 54 82 88 20 98 22 53 58
 6 43 54 11 18 44 54 70 82 2 95 12 33 30 92 21 41 41 47 56 29 98 0 48 28 27 74 84 3 42 70 72 51 30 28 12 5 56 42 43
 35 72 80 57 4 42 16 89 97 64 27 5 64 95 93 63 58 40 86 1 48 5 35 0 38 15 14 27 33 60 76 68 1 85 54 46 82 21 58 95
 43 65 93 16 53 26 61 43 80 44 98 27 63 8 24 68 5 38 20 93 83 2 43 34 0 25 99 20 87 45 68 15 74 15 20 62 30 34 19 75
 93 3 37 28 91 46 21 55 16 5 87 36 91 30 34 97 16 74 92 86 23 77 40 92 63 0 95 26 67 47 65 99 59 56 28 30 21 47 50 74
 44 27 98 40 74 29 64 13 0 89 50 11 73 60 57 52 60 73 6 43 39 96 62 22 25 15 0 98 73 82 10 54 81 97 16 10 38 55 7 59
 77 40 41 67 57 76 17 25 51 20 35 93 52 80 34 36 23 29 5 96 7 51 26 73 45 96 9 0 27 76 40 64 24 67 71 96 22 33 59 56
 89 37 64 88 16 58 23 58 69 13 21 77 38 16 4 12 15 88 58 73 36 63 95 96 48 99 8 40 0 51 13 82 94 8 47 57 64 6 32 91
 36 74 95 37 87 20 80 30 62 61 32 53 93 74 77 9 83 49 91 42 89 96 62 43 24 73 90 66 81 0 12 59 52 80 75 23 67 19 86 60
 52 41 0 3 38 59 40 86 32 15 88 34 28 96 67 41 65 38 10 36 77 9 92 20 8 93 49 38 17 7 0 16 85 10 71 88 81 80 75 1
 57 53 68 15 74 64 42 76 40 89 97 25 22 80 38 71 79 56 75 35 57 41 36 90 98 14 62 47 44 47 96 0 41 37 14 75 49 71 42 99
 42 18 33 67 31 61 2 80 0 49 83 46 30 53 60 1 87 5 46 33 48 79 89 80 51 43 7 25 55 5 5 34 0 89 65 48 69 14 4 84
 30 32 85 38 28 52 8 83 24 88 79 92 13 59 83 59 93 1 20 84 63 52 77 58 62 66 9 15 85 86 3 68 71 0 97 49 41 85 13 42
 48 87 6 66 45 51 79 75 77 69 92 24 20 87 75 37 88 75 96 17 2 11 31 57 63 3 81 8 72 10 54 73 37 61 0 22 62 41 68 51
 22 54 65 8 90 55 50 64 98 33 3 29 85 38 49 13 59 39 50 78 19 99 96 29 79 31 56 58 82 74 42 27 43 1 97 0 22 75 77 47
 76 28 88 92 6 93 89 36 0 58 91 32 76 53 76 3 27 66 67 92 31 65 48 12 4 17 38 5 24 88 97 44 27 93 68 22 0 83 1 49
 57 93 69 60 91 22 29 93 68 57 14 65 74 23 57 41 74 50 23 83 76 72 93 35 96 73 58 71 29 12 87 40 78 80 37 21 28 0 19 48
 19 89 6 53 94 81 79 97 49 38 49 73 16 11 90 93 23 6 88 26 91 2 34 35 80 15 61 58 44 41 48 73 43 35 43 29 28 31 0 50
 69 16 11 30 66 32 38 97 10 89 88 73 39 54 40 54 21 10 32 48 16 94 20 24 53 4 94 1 79 7 47 19 11 17 65 17 20 63 52 0
