20

 0 6 40 88 26 95 9 1 21 54 95 37 97 70 86 28 60 99 85 42
 94 0 57 37 39 20 57 20 23 30 93 72 41 20 32 88 88 15 26 93
 60 43 0 25 29 34 95 30 30 80 81 60 95 79 59 2 86 37 93 0
 12 63 75 0 32 96 90 0 7 77 13 97 42 4 86 50 88 45 21 76
 74 61 71 68 0 55 1 8 40 74 21 33 94 44 41 15 28 88 49 77
 5 80 66 4 45 0 37 3 43 84 44 50 54 82 1 58 46 66 87 91
 91 43 5 10 99 63 0 70 82 20 60 31 52 21 5 78 60 77 80 73
 99 80 70 100 92 97 30 0 41 78 82 18 15 69 4 11 19 52 29 33
 79 77 70 93 60 57 18 59 0 80 45 49 57 60 18 84 68 77 86 31
 46 70 20 23 26 16 80 22 20 0 1 10 2 1 2 82 57 55 16 36
 5 7 19 87 79 56 40 18 55 99 0 3 11 82 34 23 23 26 23 48
 63 28 40 3 67 50 69 82 51 90 97 0 62 45 66 10 71 61 79 30
 3 59 5 58 6 46 48 85 43 98 89 38 0 82 70 37 51 49 23 49
 30 80 21 96 56 18 79 31 40 99 18 55 18 0 61 47 79 88 6 28
 14 68 41 14 59 99 95 96 82 98 66 34 30 39 0 64 70 90 65 59
 72 12 98 50 85 42 22 89 16 18 77 90 63 53 36 0 52 54 0 88
 40 12 14 12 72 54 40 81 32 43 77 29 49 21 30 48 0 60 14 33
 1 85 63 55 12 34 23 48 23 45 74 39 51 12 10 46 40 0 47 48
 15 74 7 79 51 13 20 71 14 84 77 21 77 94 35 100 86 53 0 83
 58 7 100 24 23 9 27 67 69 64 52 70 51 72 41 12 67 52 17 0
