30

 0 68 39 3 70 59 95 64 35 36 3 75 43 33 45 21 47 6 59 86 10 81 53 12 34 81 67 37 78 93
 8 0 79 85 35 3 51 55 61 53 23 2 40 69 91 54 91 72 92 58 33 97 82 62 34 41 29 88 93 93
 80 44 0 53 32 52 65 35 57 52 38 69 59 87 95 74 70 22 37 0 59 90 12 20 16 87 50 54 51 65
 34 83 33 0 44 74 80 4 10 32 91 95 27 17 94 39 81 64 4 83 28 3 97 34 12 14 84 48 5 39
 81 73 33 33 0 82 6 74 37 72 30 60 69 28 97 28 24 70 16 90 6 58 87 25 85 6 44 63 96 83
 91 90 31 0 9 0 69 71 34 68 61 8 95 46 43 44 98 83 50 67 26 12 38 76 11 73 80 34 38 35
 64 4 93 36 15 93 0 34 3 92 58 48 36 39 58 39 59 8 9 92 55 38 23 91 68 26 76 97 61 43
 24 19 26 11 75 21 52 0 6 3 51 49 93 23 9 83 44 88 59 19 36 96 37 64 74 87 38 84 47 99
 53 80 22 17 34 59 73 43 0 46 14 48 85 4 99 84 63 4 8 80 60 51 82 32 27 59 17 37 81 78
 45 30 40 0 60 84 45 7 38 0 28 33 13 91 91 57 38 85 54 98 86 98 80 26 8 52 34 88 59 38
 66 59 84 15 48 20 47 92 31 12 0 23 81 87 67 94 28 55 97 0 85 40 34 88 36 76 90 24 52 75
 83 73 7 83 97 9 15 60 60 38 32 0 61 56 37 4 8 98 32 25 41 23 42 62 26 86 72 45 69 19
 69 84 57 77 16 68 22 78 78 60 66 55 0 11 48 22 14 86 40 54 38 84 98 46 32 83 46 38 54 45
 31 10 21 2 96 51 38 34 9 63 37 91 49 0 50 51 98 10 43 83 47 10 93 33 56 11 14 16 73 84
 30 68 2 31 32 31 58 35 4 1 61 23 95 12 0 39 35 30 3 9 92 80 23 26 57 71 84 55 16 43
 28 38 65 14 44 49 45 37 34 43 28 39 2 11 51 0 13 64 13 78 15 81 12 6 38 34 14 97 2 34
 27 61 44 79 48 25 66 48 83 65 42 52 99 10 49 58 0 43 63 78 82 72 35 67 4 13 61 15 73 81
 43 16 73 89 27 3 19 53 46 19 26 76 96 79 51 38 0 0 17 38 44 73 98 49 93 17 55 9 72 32
 31 56 32 66 2 26 9 56 63 40 6 39 25 66 51 44 33 7 0 27 99 49 22 44 30 57 4 24 46 53
 36 50 46 82 13 10 29 28 68 39 17 15 27 42 0 86 74 88 26 0 73 11 34 33 55 85 37 97 40 5
 77 81 57 78 91 55 61 95 91 42 8 98 28 67 45 46 10 76 75 98 0 71 0 57 6 70 40 32 61 60
 28 85 30 12 48 16 50 14 51 11 23 31 39 33 17 6 95 32 77 57 40 0 83 87 29 28 94 64 49 68
 38 99 79 55 27 4 79 13 92 30 20 52 45 16 25 87 58 3 50 16 22 45 0 91 49 0 37 22 11 63
 16 11 79 23 77 29 58 43 85 28 31 36 64 94 17 31 1 65 66 18 59 99 7 0 38 66 49 59 52 62
 22 85 3 64 46 28 28 66 44 49 23 62 34 47 74 16 75 5 73 4 95 69 17 62 0 70 62 73 16 14
 38 94 64 21 58 41 55 48 34 11 75 93 16 77 59 71 62 3 37 5 5 70 35 87 90 0 32 51 83 2
 84 83 43 35 84 64 78 9 51 37 21 67 21 0 81 2 24 32 9 38 17 29 15 56 41 71 0 13 98 50
 15 87 99 71 87 55 75 24 99 80 80 44 92 28 29 79 18 76 79 83 63 65 37 30 92 15 93 0 15 1
 88 12 79 20 8 48 50 67 9 51 85 89 78 96 47 35 73 61 89 32 21 93 70 21 54 20 90 74 0 4
 3 16 1 97 74 45 92 84 88 59 60 53 15 8 95 35 27 5 54 33 50 32 16 59 51 23 46 24 66 0
