30

 0 28 4 56 26 65 35 30 19 26 49 88 28 67 93 69 79 87 81 71 92 64 63 61 21 26 10 71 52 19
 84 0 37 78 82 5 61 82 56 18 26 44 70 96 67 91 16 18 82 81 12 61 70 52 44 40 36 5 18 55
 7 62 0 4 71 63 87 87 76 35 48 8 37 41 18 20 66 72 77 30 70 5 61 69 73 16 35 12 2 24
 87 34 21 0 28 57 96 8 63 6 12 80 93 23 54 70 56 4 82 32 55 47 47 24 69 26 98 30 45 59
 93 50 68 93 0 10 31 86 87 38 8 53 4 96 21 19 57 57 44 58 48 31 98 50 45 79 5 95 83 11
 44 81 85 77 94 0 85 19 2 69 2 52 52 56 59 53 98 31 1 28 22 8 69 98 89 87 51 55 57 52
 83 82 88 69 36 41 0 89 59 25 35 15 68 72 5 42 19 27 68 88 67 12 5 4 95 83 2 42 7 46
 90 25 48 67 4 54 28 0 99 11 60 47 25 83 72 9 27 73 15 22 89 74 67 72 53 69 4 4 20 67
 5 23 70 96 89 95 15 7 0 81 70 59 32 38 74 97 80 40 76 83 68 42 79 96 18 10 11 51 73 38
 72 34 62 4 56 68 49 42 4 0 83 48 60 56 20 53 62 27 27 16 26 61 53 23 13 56 34 84 50 87
 35 68 24 22 29 47 70 17 36 17 0 67 74 63 46 68 54 16 89 84 6 23 26 77 96 14 35 73 46 72
 33 74 65 93 54 76 14 28 11 3 10 0 43 99 66 26 54 7 92 91 41 57 20 24 81 59 89 6 9 30
 64 64 23 80 13 1 11 4 66 61 65 46 0 18 45 18 16 70 55 79 97 10 89 19 63 44 75 76 77 25
 30 77 29 4 54 50 6 98 88 20 94 89 32 0 8 16 93 84 97 34 76 76 51 60 6 99 17 64 73 84
 49 70 4 40 2 65 12 9 22 31 10 19 65 75 0 98 23 58 34 94 96 5 64 95 88 71 60 53 34 3
 69 90 49 29 34 48 71 94 46 1 16 83 16 26 53 0 63 34 62 57 53 12 4 2 18 56 92 61 44 53
 12 52 95 22 62 25 26 30 89 96 12 27 72 25 13 74 0 9 29 71 50 40 92 32 67 63 81 57 78 88
 44 93 45 65 70 36 87 65 91 91 97 32 48 89 58 49 54 0 73 88 96 74 88 21 62 22 26 14 14 77
 11 79 69 36 39 75 69 59 49 77 70 9 94 39 14 9 23 49 0 34 4 65 3 95 37 49 29 18 79 11
 46 58 56 67 23 4 69 37 81 79 67 78 30 32 74 2 34 64 18 0 45 66 7 81 53 12 72 27 42 4
 3 74 50 73 90 51 34 39 13 42 2 78 30 85 46 53 13 83 83 44 0 93 69 46 66 12 80 71 95 60
 83 69 21 23 80 6 4 43 63 39 28 89 56 28 3 45 75 47 31 31 53 0 48 8 99 29 46 79 85 41
 30 64 45 12 90 87 26 92 9 13 64 10 55 53 30 81 21 70 43 51 99 54 0 31 39 46 83 7 78 86
 59 68 52 73 4 13 87 8 28 4 1 58 4 40 96 10 41 43 98 48 3 18 23 0 4 80 50 45 47 13
 31 91 75 3 27 84 77 40 73 61 15 7 57 24 30 27 29 47 72 79 70 91 43 28 0 58 86 96 53 66
 27 18 40 11 2 57 51 6 78 45 17 90 91 55 4 57 45 84 50 36 54 56 6 9 3 0 36 14 58 23
 18 20 3 12 49 0 22 73 94 20 65 94 89 2 60 9 12 89 71 41 97 83 52 35 8 44 0 18 17 18
 9 59 76 56 10 59 27 60 12 28 18 23 28 41 98 69 54 0 69 4 14 18 1 31 32 60 7 0 20 10
 63 29 42 62 91 8 81 77 20 75 41 25 12 38 62 20 68 20 57 37 69 79 90 40 36 91 28 6 0 51
 89 36 44 33 26 16 65 85 77 40 19 80 58 34 49 6 60 53 79 10 67 67 25 89 88 51 90 80 26 0
