40

 0 11 51 75 52 31 95 19 90 19 15 44 92 77 65 22 56 62 60 44 75 50 59 12 77 25 36 98 15 79 99 25 12 7 32 72 35 11 19 47
 89 0 80 4 73 99 68 85 95 79 63 60 61 64 82 24 75 60 24 34 79 78 83 48 3 1 26 57 4 24 12 49 95 58 15 31 46 69 37 99
 49 20 0 36 6 79 66 81 53 23 95 55 69 44 47 42 70 64 69 83 75 23 49 61 9 65 56 35 1 59 4 17 84 77 51 15 2 24 65 86
 25 96 64 0 16 80 97 98 75 3 34 20 11 11 82 48 15 97 84 7 90 70 68 51 17 63 75 81 31 99 11 40 12 59 83 76 73 25 36 68
 48 27 94 84 0 62 82 11 27 6 64 91 34 54 66 3 15 47 80 77 10 4 12 54 59 19 35 20 94 40 45 69 52 15 90 70 4 18 95 12
 69 1 21 20 38 0 87 60 79 39 11 69 71 82 43 80 48 66 11 86 33 4 69 98 6 65 11 4 5 19 91 31 38 29 96 56 72 81 42 27
 5 32 34 3 18 13 0 0 13 72 58 64 68 83 61 80 21 41 2 89 83 27 51 89 13 77 9 78 78 52 40 42 93 6 24 70 42 18 37 95
 81 15 19 2 89 40 100 0 46 51 98 34 7 61 68 27 95 73 21 36 4 31 5 84 59 33 44 23 57 82 38 86 73 53 4 2 25 43 14 88
 10 5 47 25 73 21 87 54 0 80 26 96 70 14 11 98 16 37 75 73 25 84 32 86 18 66 73 52 97 19 67 50 76 86 35 16 67 80 33 25
 81 21 77 97 94 61 28 49 20 0 38 29 88 62 6 32 96 72 89 68 99 53 56 86 11 3 75 3 26 98 20 44 57 37 42 0 71 36 17 57
 85 37 5 66 36 89 42 2 74 62 0 71 39 55 15 5 90 29 17 21 55 94 17 13 44 72 34 51 41 71 80 71 65 42 68 25 35 27 64 25
 56 40 45 80 9 31 36 66 4 71 29 0 23 3 68 30 84 26 61 59 74 36 8 79 28 96 9 62 67 46 86 65 60 46 22 58 31 42 29 14
 8 39 31 89 66 29 32 93 30 12 61 77 0 17 16 42 90 24 59 36 10 36 92 8 73 2 31 62 70 43 48 14 33 82 63 18 7 25 45 10
 23 36 56 89 46 18 17 39 86 38 45 97 83 0 9 94 46 16 82 92 17 20 19 13 4 28 94 8 81 60 48 14 93 46 90 15 8 26 83 34
 35 18 53 18 34 57 39 32 89 94 85 32 84 91 0 93 67 89 32 18 82 91 16 13 95 66 46 74 97 95 62 32 90 24 58 92 24 73 81 46
 78 76 58 52 97 20 20 73 2 68 95 70 58 6 7 0 2 58 10 7 44 64 73 52 67 57 68 85 31 62 10 23 15 30 5 33 39 89 22 54
 44 25 30 85 85 52 79 5 84 4 10 16 10 54 33 98 0 62 6 54 78 87 48 97 34 70 24 36 12 13 32 86 81 31 47 76 8 51 25 35
 38 40 36 3 53 34 59 27 63 28 71 74 76 84 11 42 38 0 77 85 33 81 22 30 17 94 75 37 77 9 30 97 80 1 32 82 62 73 83 45
 40 76 31 16 20 89 98 79 25 11 83 39 41 18 68 90 94 23 0 86 25 81 40 59 59 73 48 62 8 27 94 8 93 61 69 58 85 65 84 84
 56 66 17 93 23 14 11 64 27 32 79 41 64 8 82 93 46 15 14 0 60 60 85 43 18 16 19 58 77 62 94 92 83 27 16 88 3 42 5 16
 25 21 25 10 90 67 17 96 75 1 45 26 90 83 18 56 22 67 75 40 0 95 86 38 57 24 85 25 77 76 83 81 30 7 5 83 25 26 56 89
 50 22 77 30 96 96 73 69 16 47 6 64 64 80 9 36 13 19 19 40 5 0 35 24 13 36 53 19 85 33 61 70 9 42 94 52 81 39 28 27
 41 17 51 32 88 31 49 95 68 44 83 92 8 81 84 27 52 78 60 15 14 65 0 66 80 40 74 99 77 60 0 24 77 45 30 21 92 62 55 52
 88 52 39 49 46 2 11 16 14 14 87 21 92 87 87 48 3 70 41 57 62 76 34 0 7 47 42 15 9 65 8 47 15 47 34 90 89 93 75 55
 23 97 91 83 41 94 87 41 82 89 56 72 27 96 5 33 66 83 41 82 43 87 20 93 0 41 26 5 91 17 14 41 0 84 66 53 97 29 28 43
 75 99 35 37 81 35 23 67 34 97 28 4 98 72 34 43 30 6 27 84 76 64 60 53 59 0 7 7 77 63 86 46 23 16 54 50 14 13 49 55
 64 74 44 25 65 89 91 56 27 25 66 91 69 6 54 32 76 25 52 81 15 47 26 58 74 93 0 35 19 68 89 38 8 19 23 16 39 87 30 49
 2 43 65 19 80 96 22 77 48 97 49 38 38 92 26 15 64 63 38 42 75 81 1 85 95 93 65 0 21 58 97 53 50 41 70 76 15 93 31 83
 85 96 99 69 6 95 22 43 3 74 59 33 30 19 3 69 88 23 92 23 23 15 23 91 9 23 81 79 0 30 4 55 1 47 67 5 18 20 2 87
 21 76 41 1 60 81 48 18 81 2 29 54 57 40 5 38 87 91 73 38 24 67 40 35 83 37 32 42 70 0 50 18 67 33 35 32 44 73 85 92
 1 88 96 89 55 9 60 62 33 80 20 14 52 52 38 90 68 70 6 6 17 39 100 92 86 14 11 3 96 50 0 18 75 23 46 21 57 28 88 72
 75 51 83 60 31 69 58 14 50 56 29 35 86 86 68 77 14 3 92 8 19 30 76 53 59 54 62 47 45 82 82 0 30 87 6 33 92 23 71 72
 88 5 16 88 48 62 7 27 24 43 35 40 67 7 10 85 19 20 7 17 70 91 23 85 100 77 92 50 99 33 25 70 0 20 3 37 12 46 28 28
 93 42 23 41 85 71 94 47 14 63 58 54 18 54 76 70 69 99 39 73 93 58 55 53 16 84 81 59 53 67 77 13 80 0 25 15 46 70 2 14
 68 85 49 17 10 4 76 96 65 58 32 78 37 10 42 95 53 68 31 84 95 6 70 66 34 46 77 30 33 65 54 94 97 75 0 18 74 89 69 26
 28 69 85 24 30 44 30 98 84 100 75 42 82 85 8 67 24 18 42 12 17 48 79 10 47 50 84 24 95 68 79 67 63 85 82 0 91 71 69 99
 65 54 98 27 96 28 58 75 33 29 65 69 93 92 76 61 92 38 15 97 75 19 8 11 3 86 61 85 82 56 43 8 88 54 26 9 0 57 66 30
 89 31 76 75 82 19 82 57 20 64 73 58 75 74 27 11 49 27 35 58 74 61 38 7 71 87 13 7 80 27 72 77 54 30 11 29 43 0 30 37
 81 63 35 64 5 58 63 86 67 83 36 71 55 17 19 78 75 17 16 95 44 72 45 25 72 51 70 69 98 15 12 29 72 98 31 31 34 70 0 97
 53 1 14 32 88 73 5 12 75 43 75 86 90 66 54 46 65 55 16 84 11 73 48 45 57 45 51 17 13 8 28 28 72 86 74 1 70 63 3 0
