100

 0 79 1 30 98 35 92 35 51 68 7 1 83 53 52 54 48 39 74 21 69 47 98 95 58 3 33 13 14 94 63 57 95 98 2 91 78 71 82 49 23 84 55 15 50 81 68 45 59 90 99 18 59 79 40 60 68 71 94 16 61 82 85 90 74 99 90 37 3 40 41 58 44 74 41 7 50 59 17 63 67 15 49 5 53 10 13 89 86 18 46 37 17 26 29 74 40 55 14 22
 21 0 56 57 46 19 76 85 31 83 15 9 18 58 12 25 20 96 30 39 8 3 24 27 97 73 81 9 9 66 90 6 94 19 35 3 56 92 18 15 7 70 78 39 85 52 8 83 3 50 34 62 88 56 64 90 89 54 63 32 29 73 45 79 41 19 13 35 16 33 50 3 74 59 6 98 37 80 33 60 81 50 63 30 41 21 88 68 98 59 92 69 1 15 93 55 64 50 55 60
 99 44 0 59 27 97 51 60 30 74 84 19 52 49 14 13 97 84 81 6 28 89 64 34 74 80 38 41 50 22 63 65 42 48 24 20 56 63 18 59 94 16 58 43 97 91 38 76 87 29 51 26 91 63 55 31 44 22 95 28 33 15 13 87 63 81 53 71 24 54 83 69 53 42 41 81 73 39 8 11 52 20 70 96 88 7 41 99 52 98 62 53 79 93 59 64 68 63 27 98
 70 43 41 0 70 75 56 64 56 65 38 50 18 30 76 58 91 65 57 73 86 52 20 83 78 39 74 59 94 65 44 91 86 94 21 91 90 7 15 14 26 1 89 88 89 39 63 66 7 28 72 6 45 73 91 93 61 98 82 0 33 44 19 58 82 31 46 75 64 79 27 58 79 50 88 99 2 38 38 72 99 38 61 78 33 16 15 15 55 39 78 67 67 57 75 48 95 64 8 54
 2 54 73 30 0 68 75 20 29 26 46 68 16 83 39 43 66 20 71 86 91 0 90 1 80 33 30 55 60 57 18 44 76 26 67 21 9 40 60 83 76 73 0 71 91 71 37 82 87 8 1 46 5 65 78 74 83 54 2 43 65 58 31 94 31 84 35 48 73 12 23 87 16 99 80 53 75 92 90 45 67 70 18 35 47 23 73 49 61 50 86 67 25 3 71 17 30 28 2 69
 65 81 3 25 32 0 57 53 23 38 67 22 42 4 41 3 67 62 64 99 41 81 80 52 64 78 85 29 96 98 90 42 28 56 42 23 72 19 41 67 41 78 84 77 61 42 5 77 51 86 69 19 70 3 58 94 81 45 22 13 67 44 55 18 2 53 81 56 53 90 71 37 89 31 56 8 32 55 48 36 92 22 25 87 34 17 60 86 96 20 64 92 86 14 35 86 90 22 76 99
 8 24 49 44 25 43 0 62 9 39 94 95 85 10 63 2 7 12 23 73 13 28 85 68 15 94 99 86 56 64 47 81 76 40 84 90 47 38 35 61 82 42 77 61 76 56 66 89 46 77 86 55 7 26 77 27 53 60 97 94 29 49 11 71 63 83 76 71 13 50 47 80 31 58 47 78 14 19 60 31 40 7 18 5 38 62 19 38 8 19 67 85 75 23 82 49 44 67 8 59
 65 15 40 36 80 47 38 0 9 25 3 63 67 32 74 13 9 6 49 22 79 91 88 4 33 3 75 45 23 37 48 99 27 41 60 80 63 31 88 31 42 82 30 49 50 69 69 23 3 59 41 37 31 22 65 94 37 51 32 76 66 52 0 40 73 85 50 13 39 4 65 62 58 29 36 64 93 96 49 94 38 41 91 18 71 47 8 24 34 17 99 90 9 73 14 27 51 76 23 19
 49 69 70 44 71 77 91 91 0 88 3 2 62 41 32 91 57 16 29 10 74 47 8 55 94 72 48 10 12 23 37 3 70 8 98 85 83 12 77 68 31 37 90 18 51 65 7 16 58 50 69 11 54 56 85 30 95 31 98 20 32 59 43 61 11 86 7 29 72 92 37 3 47 72 63 32 97 41 53 83 46 24 4 58 25 2 48 90 0 18 97 99 43 98 22 48 55 93 59 54
 32 17 26 35 74 62 61 75 12 0 74 21 69 5 54 72 96 51 5 88 51 77 50 84 79 25 84 13 92 90 96 85 51 13 93 16 13 69 34 49 66 60 34 78 95 50 18 32 92 18 9 64 87 75 29 43 63 63 21 28 74 77 42 94 72 32 28 0 5 89 41 2 12 63 98 11 53 94 79 8 3 99 8 53 98 14 71 32 89 26 42 46 1 15 82 83 59 83 92 60
 93 85 16 62 54 33 6 97 97 26 0 47 65 12 79 70 65 52 99 12 21 38 6 20 42 62 33 34 48 49 88 67 84 86 34 66 56 97 72 23 12 31 66 99 35 76 81 76 1 23 71 79 93 62 68 90 3 94 51 23 66 25 3 42 12 57 4 45 45 27 64 2 19 44 23 7 26 20 45 5 38 74 73 64 8 38 75 50 6 99 65 1 91 78 16 91 25 72 38 52
 99 91 81 50 32 78 5 37 98 79 53 0 18 60 47 45 39 87 90 60 10 14 97 57 41 51 55 0 2 89 36 8 89 57 80 44 23 91 20 97 32 88 97 56 53 23 35 76 65 54 15 90 84 33 39 21 66 69 99 47 77 57 35 8 88 35 44 92 15 94 61 79 12 3 75 51 95 24 28 85 98 46 56 58 75 42 84 59 3 55 52 32 29 64 70 52 62 42 89 42
 17 82 48 82 84 58 15 33 38 31 35 82 0 51 64 45 4 34 15 79 92 23 60 88 5 23 38 93 7 0 46 67 54 4 96 83 83 73 88 85 71 92 44 78 24 80 30 36 93 46 65 55 70 97 6 43 79 36 91 8 82 92 28 86 85 80 60 99 98 90 28 70 10 36 42 86 19 20 83 37 87 28 20 99 10 83 40 6 69 18 81 21 97 19 26 8 12 11 28 12
 47 42 51 70 17 96 90 68 59 95 88 40 49 0 14 76 68 76 24 82 5 23 54 48 49 50 65 3 74 73 50 35 26 45 75 33 49 53 68 31 25 14 11 29 45 87 41 0 41 4 0 48 66 87 62 56 64 70 25 20 49 75 23 92 74 25 14 27 5 61 65 34 47 63 72 31 10 37 51 12 72 56 97 15 26 65 60 75 77 9 7 77 31 53 36 69 13 96 64 28
 48 88 86 24 61 59 37 26 68 46 21 53 36 86 0 77 43 60 24 72 24 90 1 90 12 61 77 55 5 18 66 58 59 48 65 15 38 42 73 6 6 98 53 30 63 91 42 64 83 11 31 82 75 9 46 7 58 18 37 27 61 51 26 64 31 37 64 75 81 99 77 95 44 26 85 72 69 54 43 36 26 71 84 21 93 60 31 19 28 27 91 63 59 29 26 73 54 35 19 85
 46 75 87 42 57 97 98 87 9 28 30 55 55 24 23 0 68 34 43 26 2 78 33 88 98 97 22 98 68 22 12 43 37 91 48 2 1 2 99 90 49 73 34 34 38 99 51 2 62 83 87 62 17 59 87 95 62 21 8 24 89 83 45 28 52 24 34 57 69 13 47 93 54 25 0 40 40 89 76 78 29 14 72 42 93 62 67 68 65 91 68 75 47 63 28 51 43 93 23 28
 52 80 3 9 34 33 93 91 43 4 35 61 96 32 57 32 0 42 91 92 72 74 17 21 74 78 47 79 63 35 52 53 48 80 12 55 35 50 62 93 37 63 55 90 65 36 74 25 60 10 12 96 86 21 98 42 59 23 37 38 61 55 91 77 19 1 41 96 22 84 77 72 45 51 26 15 72 97 97 93 94 33 32 39 72 86 4 96 43 1 47 39 33 21 8 65 97 94 26 52
 61 4 16 35 80 38 88 94 84 49 48 13 66 24 40 66 58 0 51 81 15 66 1 71 27 4 31 82 86 30 91 83 7 26 1 17 37 9 17 51 48 70 66 12 87 24 6 70 77 42 75 37 25 74 27 75 15 73 5 41 3 92 93 90 42 60 16 53 80 38 92 23 48 62 7 94 28 56 42 58 78 0 42 51 74 77 45 87 65 45 60 25 78 82 56 34 31 36 53 14
 26 70 19 43 29 36 77 51 71 95 1 10 85 76 76 57 9 49 0 99 88 16 76 51 93 44 74 81 11 98 82 50 42 95 7 30 33 17 80 59 82 97 94 57 70 2 38 15 25 21 97 84 49 17 15 96 34 17 10 50 54 32 10 57 13 97 87 42 61 18 18 26 16 13 58 90 43 89 4 39 17 65 92 50 83 60 75 31 1 53 75 61 72 8 74 98 28 58 25 93
 79 61 94 27 14 1 27 78 90 12 88 40 21 18 28 74 8 19 1 0 6 72 8 40 64 77 15 47 50 1 34 28 5 71 49 94 89 34 32 44 86 62 27 16 72 86 93 68 48 85 56 15 83 1 69 3 54 82 21 86 20 92 36 5 70 94 8 63 23 69 2 8 7 84 36 56 79 95 57 90 71 87 84 13 87 8 91 83 25 12 42 79 12 20 73 77 50 47 24 42
 31 92 72 14 9 59 87 21 26 49 79 90 8 95 76 98 28 85 12 94 0 2 15 68 52 50 83 58 0 73 9 9 77 21 2 0 56 11 55 99 49 1 60 41 74 82 51 4 1 78 54 84 3 62 39 31 75 53 28 13 3 75 22 12 79 49 11 12 30 67 48 0 55 66 54 24 22 13 54 28 35 55 22 20 36 95 40 90 93 51 67 17 74 35 64 62 70 19 8 36
 53 97 11 48 100 19 72 9 53 23 62 86 77 77 10 22 26 34 84 28 98 0 81 75 13 63 94 93 73 17 11 44 41 3 42 37 76 20 79 45 79 78 24 17 45 51 38 78 24 98 44 57 64 34 8 54 7 47 95 65 34 12 65 8 41 26 50 41 76 45 96 91 82 71 58 93 4 49 85 11 49 99 57 9 91 21 87 43 69 22 4 19 20 25 37 52 79 17 72 19
 2 76 36 80 10 20 15 12 92 50 94 3 40 46 99 67 83 99 24 92 85 19 0 10 81 43 78 38 96 87 9 32 56 17 25 52 31 9 10 90 66 9 35 26 69 98 55 91 57 98 20 87 71 44 19 2 51 49 28 76 86 30 9 68 3 30 51 1 15 51 19 77 72 3 47 72 30 35 48 7 85 29 4 47 35 27 8 87 18 13 64 78 52 84 61 91 39 44 66 49
 5 73 66 17 99 48 32 96 45 16 80 43 12 52 10 12 79 29 49 60 32 25 90 0 94 56 87 42 12 60 3 73 43 21 22 1 85 75 48 60 95 53 40 21 69 8 81 15 27 29 73 97 64 23 49 41 95 66 5 19 60 13 87 72 15 95 68 10 11 9 5 28 29 78 15 54 1 55 33 71 43 24 0 49 60 10 68 67 35 66 97 10 3 39 34 88 8 95 51 27
 42 3 26 22 20 36 85 67 6 21 58 59 95 51 88 2 26 73 7 36 48 87 19 6 0 67 10 57 56 62 13 45 67 50 38 36 0 66 53 68 10 5 85 91 56 51 73 87 32 8 57 38 93 69 47 8 18 64 42 30 75 66 44 65 96 41 87 90 77 45 81 85 62 41 88 22 88 35 77 88 23 45 85 21 20 53 73 37 29 99 90 23 78 26 5 84 52 26 9 71
 97 27 20 61 67 22 6 97 28 75 38 49 77 50 39 3 22 96 56 23 50 37 57 44 33 0 96 26 8 86 77 90 28 76 56 92 23 60 97 12 28 65 9 60 25 67 73 35 57 48 68 35 53 66 72 47 13 53 46 24 38 6 22 69 95 18 27 10 70 26 91 60 52 4 96 33 65 27 47 35 23 56 88 5 51 87 29 52 83 88 34 99 50 49 50 80 46 48 19 80
 67 19 62 26 70 15 1 25 52 16 67 45 62 35 23 78 53 69 26 85 17 6 22 13 90 4 0 1 2 5 34 66 2 74 65 22 31 2 84 60 44 27 28 18 86 45 71 79 11 13 16 75 27 95 51 97 74 49 49 25 4 68 70 39 60 32 4 99 64 81 94 46 93 28 14 75 50 88 36 92 82 60 86 7 32 15 24 19 73 27 80 30 77 50 67 25 32 48 67 77
 87 91 59 41 45 71 14 55 90 87 66 100 7 97 45 2 21 18 19 53 42 7 62 58 43 74 99 0 25 92 72 78 99 12 3 28 72 41 18 89 10 83 11 54 25 24 10 89 99 32 54 45 94 8 44 16 35 77 70 97 93 56 58 26 63 21 78 71 22 77 57 65 57 91 99 17 45 94 80 8 30 42 96 76 29 11 12 17 60 60 65 38 36 9 3 75 79 77 82 73
 86 91 50 6 40 4 44 77 88 8 52 98 93 26 95 32 37 14 89 50 100 27 4 88 44 92 98 75 0 31 9 72 60 24 62 24 58 35 42 13 22 1 18 28 12 3 84 11 67 61 23 62 96 8 39 89 82 91 40 68 74 61 99 20 96 6 39 23 70 77 88 2 64 71 36 73 12 79 5 64 39 24 29 69 39 19 44 19 39 51 13 35 24 96 51 81 62 82 79 19
 6 34 78 35 43 2 36 63 77 10 51 11 100 27 82 78 65 70 2 99 27 83 13 40 38 14 95 8 69 0 10 31 71 40 18 43 79 17 36 19 13 27 93 24 12 17 49 25 6 21 83 34 1 89 65 22 88 18 57 22 73 19 78 91 57 52 85 80 41 54 59 40 88 83 17 32 45 59 77 78 18 38 99 9 16 17 39 95 55 42 31 81 69 64 66 77 51 23 91 87
 37 10 37 56 82 10 53 52 63 4 12 64 54 50 34 88 48 9 18 66 91 89 91 97 87 23 66 28 91 90 0 95 42 26 13 72 79 76 67 18 26 79 1 5 13 5 24 88 24 11 19 21 49 44 55 82 0 38 78 23 24 51 22 56 69 18 65 24 81 17 70 69 2 83 7 57 31 86 69 38 62 99 34 2 87 18 11 53 27 94 47 81 91 65 49 68 7 45 18 19
 43 94 35 9 56 58 19 1 97 15 33 92 33 65 42 57 47 17 50 72 91 56 68 27 55 10 34 22 28 69 5 0 9 44 51 5 79 95 72 87 67 6 17 85 97 84 78 52 97 28 2 12 77 95 37 49 50 4 45 73 44 91 25 16 98 33 67 59 43 4 8 75 65 35 55 91 93 0 28 82 52 63 49 98 52 97 38 20 60 38 35 3 60 40 35 51 59 42 10 90
 5 6 58 14 24 72 24 73 30 49 16 11 46 74 41 63 52 93 58 95 23 59 44 57 33 72 98 1 40 29 58 91 0 23 50 26 33 10 58 40 40 77 55 21 1 69 44 61 63 68 75 95 23 20 0 16 1 24 8 4 87 21 13 43 53 35 3 96 1 68 74 88 37 82 88 32 34 20 68 97 32 62 50 59 71 4 19 98 7 65 91 26 45 57 24 3 60 46 32 75
 2 81 52 6 74 44 60 59 92 87 14 43 96 55 52 9 20 74 5 29 79 97 83 79 50 24 26 88 76 60 74 56 77 0 51 31 33 31 26 44 81 93 10 90 64 26 98 69 29 90 13 91 52 67 73 9 83 95 77 5 20 44 55 43 48 15 59 43 92 38 2 34 34 71 27 47 10 61 93 5 15 41 19 69 28 38 28 0 97 4 79 44 45 34 56 58 41 4 72 31
 98 65 76 79 33 58 16 40 2 7 66 20 4 25 35 52 88 99 93 51 98 58 75 78 62 44 35 97 38 82 87 49 50 49 0 88 91 43 24 26 65 65 61 73 47 90 35 51 98 26 14 32 81 69 19 36 25 11 71 96 53 27 59 85 84 84 80 98 63 13 65 32 80 64 7 58 31 6 94 82 31 60 9 6 83 13 2 83 6 33 65 96 3 51 48 41 64 50 33 8
 9 97 80 9 79 77 10 20 15 84 34 56 17 67 85 98 45 83 70 6 100 63 48 99 64 8 78 72 76 57 28 95 74 69 12 0 69 23 3 93 57 33 90 14 33 9 22 8 88 59 69 80 95 95 45 77 83 63 3 38 98 71 68 42 42 91 3 99 45 34 69 67 73 72 95 69 3 69 81 32 49 6 65 56 82 92 71 50 56 47 88 66 65 71 37 38 10 61 95 82
 22 44 44 10 91 28 53 37 17 87 44 77 17 51 62 99 65 63 67 11 44 24 69 15 100 77 69 28 42 21 21 21 67 67 9 31 0 9 38 40 37 79 8 60 28 85 9 70 91 84 35 68 19 1 16 94 65 58 19 24 83 92 77 56 83 86 59 25 41 26 84 86 10 4 82 94 72 87 50 78 97 73 15 5 10 70 0 93 16 59 84 68 37 34 78 55 25 66 98 46
 29 8 37 93 60 81 62 69 88 31 3 9 27 47 58 98 50 91 83 66 89 80 91 25 34 40 98 59 65 83 24 5 90 69 57 77 91 0 47 50 47 58 63 70 46 73 22 47 51 48 50 7 28 21 41 50 97 86 56 76 78 55 86 79 86 62 8 10 95 75 76 29 91 25 31 24 19 56 96 99 59 31 62 32 40 68 15 59 59 32 72 85 25 95 7 45 65 36 25 66
 18 82 82 85 40 59 65 12 23 66 28 80 12 32 27 1 38 83 20 68 45 21 90 52 47 3 16 82 58 64 33 28 42 74 76 97 62 53 0 63 63 52 21 44 93 82 71 29 82 0 13 63 32 97 62 28 64 12 66 91 35 49 17 91 14 1 48 23 74 85 47 11 76 70 36 23 56 92 4 54 93 90 20 39 39 11 31 96 6 75 72 19 41 77 13 62 92 77 82 89
 51 85 41 86 17 33 39 69 32 51 77 3 15 69 94 10 7 49 41 56 1 55 10 40 32 88 40 11 87 81 82 13 60 56 74 7 60 50 37 0 40 67 33 77 30 90 87 76 57 59 24 44 10 39 14 95 98 63 49 75 49 97 36 17 20 16 53 60 10 45 28 47 61 12 37 22 48 13 88 56 17 46 25 98 58 6 6 10 88 24 14 46 35 49 58 33 91 11 21 13
 77 93 6 74 24 59 18 58 69 34 88 68 29 75 94 51 63 52 18 14 51 21 34 5 90 72 56 90 78 87 74 33 60 19 35 43 63 53 37 60 0 22 67 90 20 43 16 68 0 44 30 22 87 0 7 5 4 80 34 11 59 2 1 29 78 43 53 58 2 99 99 99 85 57 24 13 14 6 41 79 75 9 39 32 64 91 74 0 54 0 98 85 20 31 5 57 52 28 96 21
 16 30 84 99 27 22 58 18 63 40 69 12 8 86 2 27 37 30 3 38 99 22 91 47 95 35 73 17 99 73 21 94 23 7 35 67 21 42 48 33 78 0 76 30 47 86 20 63 19 39 80 77 21 46 42 92 46 65 36 73 38 25 99 14 99 97 51 56 22 55 87 64 60 32 1 29 85 63 96 59 29 33 73 73 82 15 33 64 94 95 8 71 6 19 64 50 5 62 56 72
 45 22 42 11 100 16 23 70 10 66 34 3 56 89 47 66 45 34 6 73 40 76 65 60 15 91 72 89 82 7 99 83 45 90 39 10 92 37 79 67 33 24 0 16 15 69 26 33 56 80 35 20 69 75 6 44 64 96 75 56 16 90 15 18 87 32 64 41 64 78 24 6 83 30 54 16 83 65 70 54 38 12 20 82 51 63 73 5 82 88 24 50 11 62 83 57 47 21 11 76
 85 61 57 12 29 23 39 51 82 22 1 44 22 71 70 66 10 88 43 84 59 83 74 79 9 40 82 46 72 76 95 15 79 10 27 86 40 30 56 23 10 70 84 0 57 77 97 24 19 16 27 59 2 5 76 45 68 14 23 1 40 10 70 10 45 22 80 1 76 41 40 93 21 42 98 70 92 89 71 39 79 89 51 94 97 69 87 28 31 77 52 58 52 67 0 87 91 17 76 42
 50 15 3 11 9 39 24 50 49 5 65 47 76 55 37 62 35 13 30 28 26 55 31 31 44 75 14 75 88 88 87 3 99 36 53 67 72 54 7 70 80 53 85 43 0 77 52 22 36 1 12 13 80 54 9 61 5 8 3 8 65 69 52 96 28 93 23 11 60 34 96 94 38 44 28 38 13 47 43 8 9 78 27 81 91 58 33 89 95 63 35 14 20 8 82 34 14 0 68 61
 19 48 9 61 29 58 44 31 35 50 24 77 20 13 9 1 64 76 98 14 18 49 2 92 49 33 55 76 97 83 95 16 31 74 10 91 15 27 18 10 57 14 31 23 23 0 79 97 94 66 79 91 60 22 29 4 32 65 45 97 7 3 58 8 6 6 4 92 97 6 61 30 82 30 51 94 28 68 24 3 93 20 11 27 20 3 91 51 19 60 57 98 93 82 34 29 28 54 82 64
 32 92 62 37 63 95 34 31 93 82 19 65 70 59 58 49 26 94 62 7 49 62 45 19 27 27 29 90 16 51 76 22 56 2 65 78 91 78 29 13 84 80 74 3 48 21 0 74 90 23 38 37 13 35 71 35 78 63 53 6 8 81 7 71 38 39 1 75 6 63 73 34 35 36 1 29 13 48 23 7 78 90 21 41 32 49 86 89 48 2 48 9 14 63 9 87 41 34 94 73
 55 17 24 34 18 23 11 77 84 68 24 24 64 100 36 98 75 30 85 32 96 22 9 85 13 65 21 11 89 75 12 48 39 31 49 92 30 53 71 24 32 37 67 76 78 3 26 0 20 80 49 73 69 47 81 81 15 40 30 75 22 82 97 99 10 96 1 78 23 6 60 59 74 32 87 50 82 81 79 78 86 3 98 65 18 55 12 47 83 38 57 44 79 0 22 48 78 60 23 48
 41 97 13 93 13 49 54 97 42 8 99 35 7 59 17 38 40 23 75 52 99 76 43 73 68 43 89 1 33 94 76 3 37 71 2 12 9 49 18 43 100 81 44 81 64 6 10 80 0 5 93 34 19 35 65 88 47 93 25 38 52 30 61 27 95 3 95 40 40 6 90 66 36 31 13 68 38 21 9 80 22 17 92 26 78 58 68 7 52 26 53 16 42 8 34 77 45 36 41 87
 10 50 71 72 92 14 23 41 50 82 77 46 54 96 89 17 90 58 79 15 22 2 2 71 92 52 87 68 39 79 89 72 32 10 74 41 16 52 100 41 56 61 20 84 99 34 77 20 95 0 48 77 80 65 39 83 73 31 5 30 1 21 48 24 77 97 3 30 50 56 61 57 96 33 7 42 52 60 40 56 66 22 51 30 30 38 15 82 69 94 35 3 74 93 53 82 14 97 59 66
 1 66 49 28 99 31 14 59 31 91 29 85 35 100 69 13 88 25 3 44 46 56 80 27 43 32 84 46 77 17 81 98 25 87 86 31 65 50 87 76 70 20 65 73 88 21 62 51 7 52 0 69 53 42 91 68 74 38 90 1 46 14 9 81 82 51 82 21 63 38 97 39 27 9 19 0 25 98 69 99 31 90 74 33 94 51 96 15 90 4 17 56 24 33 54 57 28 82 32 89
 82 38 74 94 54 81 45 63 89 36 21 10 45 52 18 38 4 63 16 85 16 43 13 3 62 65 25 55 38 66 79 88 5 9 68 20 32 93 37 56 78 23 80 41 87 9 63 27 66 23 31 0 51 60 13 90 24 87 39 6 18 41 61 30 57 45 89 27 18 91 30 78 13 72 47 38 35 9 80 10 73 86 96 38 96 31 45 12 58 98 62 14 48 32 10 61 23 10 7 57
 41 12 9 55 95 30 93 69 46 13 7 16 30 34 25 83 14 75 51 17 97 36 29 36 7 47 73 6 4 99 51 23 77 48 19 5 81 72 68 90 13 79 31 98 20 40 87 31 81 20 47 49 0 20 0 95 93 77 47 0 86 51 83 55 47 85 72 78 78 8 9 21 25 79 2 4 22 82 5 3 96 32 53 31 46 3 76 21 80 32 72 14 70 62 94 78 72 1 19 55
 21 44 37 27 35 97 74 78 44 25 38 67 3 13 91 41 79 26 83 99 38 66 56 77 31 34 5 92 92 11 56 5 80 33 31 5 99 79 3 61 100 54 25 95 46 78 65 53 65 35 58 40 80 0 91 81 92 31 34 22 19 44 41 95 22 32 60 9 28 55 7 51 24 20 61 18 78 37 93 25 93 18 7 32 22 41 48 93 23 24 85 71 20 27 67 24 25 75 83 0
 60 36 45 9 22 42 23 35 15 71 32 61 94 38 54 13 2 73 85 31 61 92 81 51 53 28 49 56 61 35 45 63 100 27 81 55 84 59 38 86 93 58 94 24 91 71 29 19 35 61 9 87 100 9 0 66 29 93 42 68 54 68 15 25 14 25 19 34 36 30 82 63 34 40 4 39 19 82 87 38 90 88 44 47 74 22 15 5 96 16 44 46 89 88 64 85 87 27 56 48
 40 10 69 7 26 6 73 6 70 57 10 79 57 44 93 5 58 25 4 97 69 46 98 59 92 53 3 84 11 78 18 51 84 91 64 23 6 50 72 5 95 8 56 55 39 96 65 19 12 17 32 10 5 19 34 0 60 73 17 24 9 60 76 41 24 99 86 25 98 0 25 96 68 58 53 99 99 12 50 67 47 66 45 39 5 22 98 95 84 3 37 37 12 77 54 10 87 39 51 87
 32 11 56 39 17 19 47 63 5 37 97 34 21 36 42 38 41 85 66 46 25 93 49 5 82 87 26 65 18 12 100 50 99 17 75 17 35 3 36 2 96 54 36 32 95 68 22 85 53 27 26 76 7 8 71 40 0 34 39 15 78 61 24 95 8 68 88 52 34 2 18 17 86 2 64 11 41 61 12 59 25 78 11 93 21 16 22 87 27 86 6 18 35 23 62 80 60 65 76 44
 29 46 78 2 46 55 40 49 69 37 6 31 64 30 82 79 77 27 83 18 47 53 51 34 36 47 51 23 9 82 62 96 76 5 89 37 42 14 88 37 20 35 4 86 92 35 37 60 7 69 62 13 23 69 7 27 66 0 29 23 14 9 29 34 13 79 48 10 18 7 15 92 6 31 33 67 90 86 56 5 96 82 68 92 90 76 67 86 70 42 19 72 50 89 41 17 72 36 71 98
 6 37 5 18 98 78 3 68 2 79 49 1 9 75 63 92 63 95 90 79 72 5 72 95 58 54 51 30 60 43 22 55 92 23 29 97 81 44 34 51 66 64 25 77 97 55 47 70 75 95 10 61 53 66 58 83 61 71 0 60 82 64 69 76 97 42 81 71 51 51 94 91 40 11 8 5 27 31 49 15 16 11 33 21 35 50 90 84 60 55 8 47 67 13 74 98 14 11 51 60
 84 68 72 100 57 87 6 24 80 72 77 53 92 80 73 76 62 59 50 14 87 35 24 81 70 76 75 3 32 78 77 27 96 95 4 62 76 24 9 25 89 27 44 99 92 3 94 25 62 70 99 94 100 78 32 76 85 77 40 0 66 46 56 59 43 28 44 7 5 89 23 74 48 49 75 52 97 46 27 72 44 27 54 47 99 96 20 67 79 89 17 49 57 88 68 47 85 26 31 59
 39 71 67 67 35 33 71 34 68 26 34 23 18 51 39 11 39 97 46 80 97 66 14 40 25 62 96 7 26 27 76 56 13 80 47 2 17 22 65 51 41 62 84 60 35 93 92 78 48 99 54 82 14 81 46 91 22 86 18 34 0 6 28 26 92 4 37 0 71 8 45 71 20 98 28 37 85 42 19 32 35 5 72 99 38 44 70 6 3 9 80 24 91 52 94 71 67 51 45 61
 18 27 85 56 42 56 51 48 41 23 75 43 8 25 49 17 45 8 68 8 25 88 70 87 34 94 32 44 39 81 49 9 79 56 73 29 8 45 51 3 98 75 10 90 31 97 19 18 70 79 86 59 49 56 32 40 39 91 36 54 94 0 7 60 90 75 23 3 15 18 30 27 51 70 15 88 98 99 55 86 78 18 73 5 15 68 14 81 43 91 78 49 37 14 23 94 2 40 27 86
 15 55 87 81 69 45 89 100 57 58 97 65 72 77 74 55 9 7 90 64 78 35 91 13 56 78 30 42 1 22 78 75 87 45 41 32 23 14 83 64 99 1 85 30 48 42 93 3 39 52 91 39 17 59 85 24 76 71 31 44 72 93 0 15 46 50 34 99 72 68 12 52 9 9 36 73 49 93 25 72 81 50 87 64 48 23 85 21 21 45 85 50 1 0 59 10 54 72 0 81
 10 21 13 42 6 82 29 60 39 6 58 92 14 8 36 72 23 10 43 95 88 92 32 28 35 31 61 74 80 9 44 84 57 57 15 58 44 21 9 83 71 86 82 90 4 92 29 1 73 76 19 70 45 5 75 59 5 66 24 41 74 40 85 0 37 31 42 52 76 23 17 27 61 99 45 24 9 8 41 85 53 37 50 6 4 68 74 33 23 20 37 18 40 39 93 2 96 32 2 45
 26 59 37 18 69 98 37 27 89 28 88 12 15 26 69 48 81 58 87 30 21 59 97 85 4 5 40 37 4 43 31 2 47 52 16 58 17 14 86 80 22 1 13 55 72 94 62 90 5 23 18 43 53 78 86 76 92 87 3 57 8 10 54 63 0 66 89 84 75 51 26 58 74 97 47 44 61 56 27 54 6 53 99 93 9 19 13 31 67 96 10 1 88 40 33 86 22 16 33 18
 1 81 19 69 16 47 17 15 14 68 43 65 20 75 63 76 99 40 3 6 51 74 70 5 59 82 68 79 94 48 82 67 65 85 16 9 14 38 99 84 57 3 68 78 7 94 61 4 97 3 49 55 15 68 75 1 32 21 58 72 96 25 50 69 34 0 84 65 70 97 73 53 79 46 2 94 20 70 19 57 71 22 41 69 91 6 88 7 23 14 48 8 83 1 97 47 50 12 76 5
 10 87 47 54 65 19 24 50 93 72 96 56 40 86 36 66 59 84 13 92 89 50 49 32 13 73 96 22 61 15 35 33 97 41 20 97 41 92 52 47 47 49 36 20 77 96 99 99 5 97 18 11 28 40 81 14 12 52 19 56 63 77 66 58 11 16 0 66 17 23 52 3 18 57 28 44 59 92 77 46 68 0 70 41 94 73 29 9 64 84 91 44 29 37 22 36 4 19 14 20
 63 65 29 25 52 44 29 87 71 100 55 8 1 73 25 43 4 47 58 37 88 59 99 90 10 90 1 29 77 20 76 41 4 57 2 1 75 90 77 40 42 44 59 99 89 8 25 22 60 70 79 73 22 91 66 75 48 90 29 93 100 97 1 48 16 35 34 0 8 36 0 88 47 46 40 56 47 59 99 89 58 86 33 3 82 49 87 51 76 46 22 61 31 36 3 14 70 11 22 82
 97 84 76 36 27 47 87 61 28 95 55 85 2 95 19 31 78 20 39 77 70 24 85 89 23 30 36 78 30 59 19 57 99 8 37 55 59 5 26 90 98 78 36 24 40 3 94 77 60 50 37 82 22 72 64 2 66 82 49 95 29 85 28 24 25 30 83 92 0 35 58 1 93 34 92 29 58 68 17 9 3 34 74 90 51 93 81 85 2 33 52 95 54 75 36 61 66 39 58 74
 60 67 46 21 88 10 50 96 8 11 73 6 10 39 1 87 16 62 82 31 33 55 49 91 55 74 19 23 23 46 83 96 32 62 87 66 74 25 15 55 1 45 22 59 66 94 37 94 94 44 62 9 92 45 70 100 98 93 49 11 92 82 32 77 49 3 77 64 65 0 98 92 53 21 37 27 59 23 17 58 14 73 94 63 76 23 75 70 57 3 90 94 58 80 14 76 61 7 61 49
 59 50 17 73 77 29 53 35 63 59 36 39 72 35 23 53 23 8 82 98 52 4 81 95 19 9 6 43 12 41 30 92 26 98 35 31 16 24 53 72 1 13 76 60 4 39 27 40 10 39 3 70 91 93 18 75 82 85 6 77 55 70 88 83 74 27 48 100 42 2 0 83 97 67 30 98 79 64 23 36 69 87 69 20 10 94 87 97 35 90 58 71 57 62 27 15 41 63 3 52
 42 97 31 42 13 63 20 38 97 98 98 21 30 66 5 7 28 77 74 92 100 9 23 72 15 40 54 35 98 60 31 25 12 66 68 33 14 71 89 53 1 36 94 7 6 70 66 41 34 43 61 22 79 49 37 4 83 8 9 26 29 73 48 73 42 47 97 12 99 8 17 0 61 78 91 33 76 94 45 84 77 3 77 46 94 2 77 75 31 49 36 29 9 27 99 47 11 87 24 93
 56 26 47 21 84 11 69 42 53 88 81 88 90 53 56 46 55 52 84 93 45 18 28 71 38 48 7 43 36 12 98 35 63 66 20 27 90 9 24 39 15 40 17 79 62 18 65 26 64 4 73 87 75 76 66 32 14 94 60 52 80 49 91 39 26 21 82 53 7 47 3 39 0 36 57 0 60 18 9 31 52 65 88 64 67 52 87 75 15 89 99 8 65 90 51 69 20 90 98 32
 26 41 58 50 1 69 42 71 28 37 56 97 64 37 74 75 49 38 87 16 34 29 97 22 59 96 72 9 29 17 17 65 18 29 36 28 96 75 30 88 43 68 70 58 56 70 64 68 69 67 91 28 21 80 60 42 98 69 89 51 2 30 91 1 3 54 43 54 66 79 33 22 64 0 46 43 69 97 98 82 50 47 98 50 62 40 84 42 20 98 73 25 90 85 33 77 42 52 70 98
 59 94 59 12 20 44 53 64 37 2 77 25 58 28 15 100 74 93 42 64 46 42 53 85 12 4 86 1 64 83 93 45 12 73 93 5 18 69 64 63 76 99 46 2 72 49 99 13 87 93 81 53 98 39 96 47 36 67 92 25 72 85 64 55 53 98 72 60 8 63 70 9 43 54 0 45 76 86 73 19 76 7 88 9 32 17 95 92 34 48 38 79 30 70 3 69 76 24 32 68
 93 2 19 1 47 92 22 36 68 89 93 49 14 69 28 60 85 6 10 44 76 7 28 46 78 67 25 83 27 68 43 9 68 53 42 31 6 76 77 78 87 71 84 30 62 6 71 50 32 58 100 62 96 82 61 1 89 33 95 48 63 12 27 76 56 6 56 44 71 73 2 67 100 57 55 0 93 15 51 46 81 40 90 98 76 64 18 39 57 40 38 11 19 74 94 76 58 48 67 9
 50 63 27 98 25 68 86 7 3 47 74 5 81 90 31 60 28 72 57 21 78 96 70 99 12 35 50 55 88 55 69 7 66 90 69 97 28 81 44 52 86 15 17 8 87 72 87 18 62 48 75 65 78 22 81 1 59 10 73 3 15 2 51 91 39 80 41 53 42 41 21 24 40 31 24 7 0 74 96 81 2 3 32 85 8 38 29 28 5 11 5 93 18 29 72 5 30 98 14 31
 41 20 61 62 8 45 81 4 59 6 80 76 80 63 46 11 3 44 11 5 87 51 65 45 65 73 12 6 21 41 14 100 80 39 94 31 13 44 8 87 94 37 35 11 53 32 52 19 79 40 2 91 18 63 18 88 39 14 69 54 58 1 7 92 44 30 8 41 32 77 36 6 82 3 14 85 26 0 25 0 4 64 59 12 21 13 78 0 41 53 65 14 3 0 14 61 44 72 80 53
 83 67 92 62 10 52 40 51 47 21 55 72 17 49 57 24 3 58 96 43 46 15 52 67 23 53 64 20 95 23 31 72 32 7 6 19 50 4 96 12 59 4 30 29 57 76 77 21 91 60 31 20 95 7 13 50 88 44 51 73 81 45 75 59 73 81 23 1 83 83 77 55 91 2 27 49 4 75 0 36 36 4 76 27 41 50 64 88 61 32 16 22 12 30 61 21 79 67 7 77
 37 40 89 28 55 64 69 6 17 92 95 15 63 88 64 22 7 42 61 10 72 89 93 29 12 65 8 92 36 22 62 18 3 95 18 68 22 1 46 44 21 41 46 61 92 97 93 22 20 44 1 90 97 75 62 33 41 95 85 28 68 14 28 15 46 43 54 11 91 42 64 16 69 18 81 54 19 100 64 0 13 71 12 39 59 16 39 89 12 64 90 22 93 53 63 87 0 9 26 26
 33 19 48 1 33 8 60 62 54 97 62 2 13 28 74 71 6 22 83 29 65 51 15 57 77 77 18 70 61 82 38 48 68 85 69 51 3 41 7 83 25 71 62 21 91 7 22 14 78 34 69 27 4 7 10 53 75 4 84 56 65 22 19 47 94 29 32 42 97 86 31 23 48 50 24 19 98 96 64 87 0 68 64 21 77 10 81 12 70 13 81 39 73 90 54 65 83 27 20 28
 85 50 80 62 30 78 93 59 76 1 26 54 72 44 29 86 67 100 35 13 45 1 71 76 55 44 40 58 76 62 1 37 38 59 40 94 27 69 10 54 91 67 88 11 22 80 10 97 83 78 10 14 68 82 12 34 22 18 89 73 95 82 50 63 47 78 100 14 66 27 13 97 35 53 93 60 97 36 96 29 32 0 20 45 19 31 56 68 68 12 8 87 49 97 68 48 71 89 22 72
 51 37 30 39 82 75 82 9 96 92 27 44 80 3 16 28 68 58 8 16 78 43 96 100 15 12 14 4 71 1 66 51 50 81 91 35 85 38 80 75 61 27 80 49 73 89 79 2 8 49 26 4 47 93 56 55 89 32 67 46 28 27 13 50 1 59 30 67 26 6 31 23 12 2 12 10 68 41 24 88 36 80 0 35 34 13 32 71 89 95 41 41 51 13 37 7 69 81 17 90
 95 70 4 22 65 13 95 82 42 47 36 42 1 85 79 58 61 49 50 87 80 91 53 51 79 95 93 24 31 91 98 2 41 31 94 44 95 68 61 2 68 27 18 6 19 73 59 35 74 70 67 62 69 68 53 61 7 8 79 53 1 95 36 94 7 31 59 97 10 37 80 54 36 50 91 2 15 88 73 61 79 55 65 0 36 36 15 25 22 18 50 66 64 94 4 45 27 70 88 64
 47 59 12 67 53 66 62 29 75 2 92 25 90 74 7 7 28 26 17 13 64 9 65 40 80 49 68 71 61 84 13 48 29 72 17 18 90 60 61 42 36 18 49 3 9 80 68 82 22 70 6 4 54 78 26 95 79 10 65 1 62 85 52 96 91 9 6 18 49 24 90 6 33 38 68 24 92 79 59 41 23 81 66 64 0 85 3 99 73 96 51 25 38 92 9 83 82 33 76 81
 90 79 93 84 77 83 38 53 98 86 62 58 17 35 40 38 14 23 40 92 5 79 73 90 47 13 85 89 81 83 82 3 96 62 87 8 30 32 89 94 9 85 37 31 42 97 51 45 42 62 49 69 97 59 78 78 84 24 50 4 56 32 77 32 81 94 27 51 7 77 6 98 48 60 83 36 62 87 50 84 90 69 87 64 15 0 92 59 18 61 51 25 9 71 72 43 39 62 3 12
 87 12 59 85 27 40 81 92 52 29 25 16 60 40 69 33 96 55 25 9 60 13 92 32 27 71 76 88 56 61 89 62 81 72 98 29 100 85 69 94 26 67 27 13 67 9 14 88 32 85 4 55 24 52 85 2 78 33 10 80 30 86 15 26 87 12 71 13 19 25 13 23 13 16 5 82 71 22 36 61 19 44 68 85 97 8 0 4 41 56 29 39 10 61 68 21 71 5 51 34
 11 32 1 85 51 14 62 76 10 68 50 41 94 25 81 32 4 13 69 17 10 57 13 33 63 48 81 83 81 5 47 80 2 100 17 50 7 41 4 90 100 36 95 72 11 49 11 53 93 18 85 88 79 7 95 5 13 14 16 33 94 19 79 67 69 93 91 49 15 30 3 25 25 58 8 61 72 100 12 11 88 32 29 75 1 41 96 0 96 42 37 24 47 9 45 21 57 96 40 32
 14 2 48 45 39 4 92 66 100 11 94 97 31 23 72 35 57 35 99 75 7 31 82 65 71 17 27 40 61 45 73 40 93 3 94 44 84 41 94 12 46 6 18 69 5 81 52 17 48 31 10 42 20 77 4 16 73 30 40 21 97 57 79 77 33 77 36 24 98 43 65 69 85 80 66 43 95 59 39 88 30 32 11 78 27 82 59 4 0 97 92 47 39 64 82 6 87 70 39 82
 82 41 2 61 50 80 81 83 82 74 1 45 82 91 73 9 99 55 47 88 49 78 87 34 1 12 73 40 49 58 6 62 35 96 67 53 41 68 25 76 100 5 12 23 37 40 98 62 74 6 96 2 68 76 84 97 14 58 45 11 91 9 55 80 4 86 16 54 67 97 10 51 11 2 52 60 89 47 68 36 87 88 5 82 4 39 44 58 3 0 50 3 44 19 31 50 71 50 45 94
 54 8 38 22 14 36 33 1 3 58 35 48 19 93 9 32 53 40 25 58 33 96 36 3 10 66 20 35 87 69 53 65 9 21 35 12 16 28 28 86 2 92 76 48 65 43 52 43 47 65 83 38 28 15 56 63 94 81 92 83 20 22 15 63 90 52 9 78 48 10 42 64 1 27 62 62 95 35 84 10 19 92 59 50 49 49 71 63 8 50 0 49 66 78 36 64 30 74 63 32
 63 31 47 33 33 8 15 10 1 54 99 68 79 23 37 25 61 75 39 21 83 81 22 90 77 1 70 62 65 19 19 97 74 56 4 34 32 15 81 54 15 29 50 42 86 2 91 56 84 97 44 86 86 29 54 63 82 28 53 51 76 51 50 82 99 92 56 39 5 6 29 71 92 75 21 89 7 86 78 78 61 13 59 34 75 75 61 76 53 97 51 0 70 73 2 84 10 38 27 90
 83 99 21 33 75 14 25 91 57 99 9 71 3 69 41 53 67 22 28 88 26 80 48 97 22 50 23 64 76 31 9 40 55 55 97 35 63 75 59 65 80 94 89 48 80 7 86 21 58 26 76 52 30 80 11 88 65 50 33 43 9 63 99 60 12 17 71 69 46 42 43 91 35 10 70 81 82 97 88 7 27 51 49 36 62 91 90 53 61 56 34 30 0 4 10 3 53 57 80 46
 74 85 7 43 97 86 77 27 2 85 22 36 81 47 71 37 79 18 92 80 65 75 16 61 74 51 50 91 4 36 35 60 43 66 49 29 66 5 23 51 69 81 38 33 92 18 37 100 92 7 67 68 38 73 12 23 77 11 87 12 48 86 100 61 60 99 63 64 25 20 38 73 10 15 30 26 71 100 70 47 10 3 87 6 8 29 39 91 36 81 22 27 96 0 9 27 25 39 48 58
 71 7 41 25 29 65 18 86 78 18 84 30 74 64 74 72 92 44 26 27 36 63 39 66 95 50 33 97 49 34 51 65 76 44 52 63 22 93 87 42 95 36 17 100 18 66 91 78 66 47 46 90 6 33 36 46 38 59 26 32 6 77 41 7 67 3 78 97 64 86 73 1 49 67 97 6 28 86 39 37 46 32 63 96 91 28 32 55 18 69 64 98 90 91 0 0 27 1 8 49
 26 45 36 52 83 14 51 73 52 17 9 48 92 31 27 49 35 66 2 23 38 48 9 12 16 20 75 25 19 23 32 49 97 42 59 62 45 55 38 67 43 50 43 13 66 71 13 52 23 18 43 39 22 76 15 90 20 83 2 53 29 6 90 98 14 53 64 86 39 24 85 53 31 23 31 24 95 39 79 13 35 52 93 55 17 57 79 79 94 50 36 16 97 73 100 0 72 99 60 54
 60 36 32 5 70 10 56 49 45 41 75 38 88 87 46 57 3 69 72 50 30 21 61 92 48 54 68 21 38 49 93 41 40 59 36 90 75 35 8 9 48 95 53 9 86 72 59 22 55 86 72 77 28 75 13 13 40 28 86 15 33 98 46 4 78 50 96 30 34 39 59 89 80 58 24 42 70 56 21 100 17 29 31 73 18 61 29 43 13 29 70 90 47 75 73 28 0 42 24 40
 45 50 37 36 72 78 33 24 7 17 28 58 89 4 65 7 6 64 42 53 81 83 56 5 74 52 52 23 18 77 55 58 54 96 50 39 34 64 23 89 72 38 79 83 100 46 66 40 64 3 18 90 99 25 73 61 35 64 89 74 49 60 28 68 84 88 81 89 61 93 37 13 10 48 76 52 2 28 33 91 73 11 19 30 67 38 95 4 30 50 26 62 43 61 99 1 58 0 64 84
 86 45 73 92 98 24 92 77 41 8 62 11 72 36 81 77 74 47 75 76 92 28 34 49 91 81 33 18 21 9 82 90 68 28 67 5 2 75 18 79 4 44 89 24 32 18 6 77 59 41 68 93 81 17 44 49 24 29 49 69 55 73 100 98 67 24 86 78 42 39 97 76 2 30 68 33 86 20 93 74 80 78 83 12 24 97 49 60 61 55 37 73 20 52 92 40 76 36 0 72
 78 40 2 46 31 1 41 81 46 40 48 58 88 72 15 72 48 86 7 58 64 81 51 73 29 20 23 27 81 13 81 10 25 69 92 18 54 34 11 87 79 28 24 58 39 36 27 52 13 34 11 43 45 100 52 13 56 2 40 41 39 14 19 55 82 95 80 18 26 51 48 7 68 2 32 91 69 47 23 74 72 28 10 36 19 88 66 68 18 6 68 10 54 42 51 46 60 16 28 0
