30

 0 54 92 26 81 98 80 36 35 2 11 58 19 36 75 72 27 29 3 45 64 46 0 83 6 96 82 44 58 39
 46 0 59 50 28 88 98 25 20 60 8 26 72 69 76 82 53 71 99 88 19 83 88 22 65 36 16 21 29 89
 8 41 0 87 81 98 9 54 58 71 9 24 34 57 28 99 2 20 24 60 35 63 87 69 44 61 16 42 28 0
 74 50 13 0 36 68 96 26 62 25 60 9 46 36 64 11 23 18 65 91 59 62 64 49 16 84 43 73 53 78
 19 72 19 64 0 54 30 29 18 82 6 1 13 75 33 48 33 25 42 32 88 90 3 34 35 10 26 34 64 97
 2 12 2 32 46 0 77 57 15 42 51 46 38 43 51 78 72 58 7 18 17 61 58 24 16 13 53 21 91 75
 20 2 91 4 70 23 0 65 5 21 78 5 20 58 4 34 95 57 99 40 63 25 62 85 47 48 30 85 42 59
 64 75 46 74 71 43 35 0 60 53 1 36 91 78 77 15 17 43 13 33 84 51 31 13 29 79 35 16 68 36
 65 80 42 38 82 85 95 40 0 1 73 12 40 21 39 86 86 68 93 7 76 56 46 70 4 48 57 80 71 2
 98 40 29 75 18 58 79 47 99 0 14 80 75 58 35 33 25 82 68 68 39 56 85 27 94 94 65 38 34 43
 89 92 91 40 94 49 22 99 27 86 0 51 80 87 23 17 88 14 24 7 81 9 61 92 38 98 21 33 84 61
 42 74 76 91 99 54 95 64 88 20 49 0 73 82 53 67 21 96 3 43 20 95 48 72 4 27 60 9 77 19
 81 28 66 54 87 62 80 9 60 25 20 27 0 20 72 3 67 25 82 30 46 28 13 51 32 95 23 4 6 41
 64 31 43 64 25 57 42 22 79 42 13 18 80 0 8 47 61 8 52 14 48 57 68 79 51 12 87 89 83 35
 25 24 72 36 67 49 96 23 61 65 77 47 28 92 0 60 78 51 57 37 44 2 41 74 82 98 27 3 24 99
 28 18 1 89 52 22 66 85 14 67 83 33 97 53 40 0 81 52 79 48 70 33 51 98 24 25 61 2 22 60
 73 47 98 77 67 28 5 83 14 75 12 79 33 39 22 19 0 84 12 3 79 89 62 92 65 49 72 15 38 62
 71 29 80 82 75 42 43 57 32 18 86 4 75 92 49 48 16 0 35 47 76 17 83 17 53 74 60 38 6 88
 97 1 76 35 58 93 1 87 7 32 76 97 18 48 43 21 88 65 0 2 87 69 47 90 97 21 55 44 17 25
 55 12 40 9 68 82 60 67 93 32 93 57 70 86 63 52 97 53 98 0 29 2 94 41 89 93 58 68 32 26
 36 81 65 41 12 83 37 16 24 61 19 80 54 52 56 30 21 24 13 71 0 5 44 10 51 74 59 19 3 10
 54 17 37 38 10 39 75 49 44 44 91 5 72 43 98 67 11 83 31 98 95 0 5 82 43 50 60 30 22 47
 100 12 13 36 97 42 38 69 54 15 39 52 87 32 59 49 38 17 53 6 56 95 0 68 59 63 65 0 20 37
 17 78 31 51 66 76 15 87 30 73 8 28 49 21 26 2 8 83 10 59 90 18 32 0 6 68 1 4 62 74
 94 35 56 84 65 84 53 71 96 6 62 96 68 49 18 76 35 47 3 11 49 57 41 94 0 0 10 89 14 5
 4 64 39 16 90 87 52 21 52 6 2 73 5 88 2 75 51 26 79 7 26 50 37 32 100 0 61 38 77 4
 18 84 84 57 74 47 70 65 43 35 79 40 77 13 73 39 28 40 45 42 41 40 35 99 90 39 0 2 52 61
 56 79 58 27 66 79 15 84 20 62 67 91 96 11 97 98 85 62 56 32 81 70 100 96 11 62 98 0 87 41
 42 71 72 47 36 9 58 32 29 66 16 23 94 17 76 78 62 94 83 68 97 78 80 38 86 23 48 13 0 39
 61 11 100 22 3 25 41 64 98 57 39 81 59 65 1 40 38 12 75 74 90 53 63 26 95 96 39 59 61 0
