40

 0 65 71 46 73 89 39 30 44 87 51 58 16 5 37 49 90 70 67 52 56 6 30 40 31 44 31 96 40 65 94 75 77 70 22 42 41 86 29 76
 51 0 86 72 94 50 87 17 45 66 48 50 33 7 33 46 62 92 2 34 52 8 21 97 8 86 22 90 16 12 57 1 46 8 0 70 16 92 26 81
 63 28 0 58 25 16 87 62 46 73 78 82 58 11 68 21 88 2 99 94 26 95 24 88 71 12 78 99 79 43 36 8 95 82 47 36 15 54 75 61
 98 46 65 0 98 50 11 70 91 1 26 91 87 46 16 74 36 12 5 40 15 88 87 55 32 29 94 33 9 34 88 91 0 84 54 39 58 67 43 16
 9 80 97 56 0 38 56 80 94 56 88 84 47 19 40 47 87 10 57 94 14 91 55 26 75 42 18 17 76 87 2 39 86 15 37 4 87 29 61 9
 41 53 16 81 29 0 79 20 49 56 54 65 54 95 51 33 99 22 11 50 96 45 21 89 90 66 14 2 63 93 47 47 45 87 85 66 78 50 66 95
 55 10 36 31 6 2 0 28 43 32 80 42 23 33 23 10 44 85 17 74 0 32 60 1 31 90 28 41 94 57 85 32 85 21 44 70 36 73 13 73
 76 9 6 1 42 62 34 0 23 78 15 58 5 95 93 61 39 30 10 7 94 13 71 59 56 53 17 50 36 24 45 24 65 51 45 9 52 72 15 21
 54 32 69 45 79 17 82 1 0 11 42 66 5 67 46 21 58 3 11 28 35 75 40 2 74 15 55 58 72 6 10 39 66 35 42 77 38 82 66 56
 17 15 13 85 62 67 38 84 89 0 72 2 49 68 89 61 0 75 57 75 21 87 26 94 48 62 84 61 17 48 52 5 77 12 44 86 42 24 33 40
 12 7 39 38 90 46 94 54 83 85 0 20 17 76 38 4 45 76 32 55 1 71 31 33 94 65 14 72 72 7 69 25 34 64 21 43 15 98 41 67
 34 2 7 63 3 96 49 43 69 77 55 0 68 25 24 7 65 27 17 80 49 58 21 23 62 78 43 21 94 63 59 19 7 46 36 90 56 49 76 18
 50 96 18 62 92 91 16 51 67 7 62 83 0 23 74 97 93 49 75 44 49 51 87 67 14 26 54 0 33 86 10 7 85 87 37 31 32 76 10 23
 87 73 4 4 2 7 29 8 45 77 11 88 68 0 62 46 8 35 1 4 14 92 25 23 51 29 44 94 98 28 31 7 25 72 64 68 54 72 91 64
 37 28 73 28 85 41 24 14 64 7 64 92 43 85 0 9 28 72 64 55 50 5 83 12 38 44 87 0 61 11 29 29 6 62 67 88 7 83 63 98
 55 54 56 60 38 38 69 73 33 1 41 75 30 91 34 0 22 5 46 45 19 57 28 87 70 69 61 60 19 24 44 34 21 52 73 43 44 39 66 34
 81 29 81 50 56 77 53 76 87 97 82 90 42 77 6 12 0 65 82 19 83 47 38 86 6 78 25 30 34 4 18 56 16 20 1 59 82 28 54 45
 85 95 46 95 36 32 48 48 68 52 7 45 82 41 49 34 40 0 63 82 9 27 96 46 46 79 50 80 74 38 1 64 22 77 38 34 10 64 84 22
 1 26 71 60 15 9 77 83 62 58 88 97 24 72 97 19 75 32 0 35 44 34 96 19 59 85 55 96 99 4 21 82 74 94 32 36 98 46 40 56
 11 33 45 50 58 52 91 55 98 37 67 31 97 95 13 40 6 34 96 0 10 55 92 74 21 91 70 1 87 18 86 43 17 31 21 68 7 44 11 10
 30 68 26 36 54 39 90 34 35 21 33 16 59 44 98 62 56 68 78 15 0 63 9 77 91 31 42 11 84 77 12 63 46 99 87 74 77 72 94 68
 28 86 30 66 98 65 62 91 79 70 70 98 0 11 87 95 80 50 75 43 80 0 58 82 51 2 44 35 38 79 23 42 15 50 43 68 19 55 62 32
 90 85 69 87 96 54 69 9 25 86 58 7 58 62 85 53 75 67 89 30 60 54 0 59 88 59 92 42 41 90 78 61 93 39 68 0 44 22 99 17
 76 21 80 27 67 50 52 33 20 68 64 28 89 15 60 87 51 58 86 42 72 53 21 0 12 94 11 49 43 2 99 58 6 21 87 34 84 81 62 86
 73 64 17 0 73 39 78 60 38 89 73 62 88 61 94 24 21 16 15 64 63 62 26 48 0 49 40 38 16 76 85 91 94 44 41 45 93 78 27 11
 6 52 3 20 49 37 14 10 86 13 70 39 61 88 46 21 98 46 58 21 68 99 52 19 93 0 88 31 64 75 64 84 43 49 44 99 6 92 88 19
 58 49 8 26 18 74 78 50 80 4 17 46 43 24 78 6 75 46 90 44 4 93 56 34 51 12 0 17 5 69 30 42 81 70 88 22 1 62 27 33
 83 8 61 98 69 45 89 6 70 91 26 23 23 69 26 23 91 77 66 0 45 88 50 37 23 99 69 0 60 50 45 63 56 94 93 92 21 1 50 80
 43 32 23 56 2 16 78 3 64 13 29 23 23 44 42 38 74 48 9 15 33 45 33 83 79 70 12 20 0 62 66 25 99 66 34 64 65 17 86 88
 71 64 52 87 69 81 29 20 53 90 16 52 33 72 14 94 35 95 11 7 24 41 84 56 74 55 36 10 85 0 56 58 41 27 63 32 40 64 11 16
 40 73 44 40 59 50 85 21 46 35 34 37 27 9 98 86 93 19 62 90 91 53 2 45 97 6 16 64 79 22 0 31 47 1 5 23 93 57 33 18
 55 87 97 77 63 26 28 39 72 14 34 97 52 34 8 5 58 20 52 97 0 45 4 28 46 27 81 31 37 2 1 0 18 8 52 35 74 51 65 28
 61 90 47 63 40 60 2 44 90 65 99 80 73 13 91 6 41 30 35 71 69 65 78 6 35 53 39 39 15 46 67 40 0 59 59 79 10 79 78 70
 68 45 98 43 27 54 49 55 39 8 64 44 30 71 52 31 97 29 92 87 29 79 9 40 9 57 72 50 19 49 27 92 72 0 76 55 35 59 94 8
 98 71 10 23 26 26 71 69 46 64 11 34 18 87 84 66 55 24 51 55 70 12 12 47 30 0 40 21 52 39 6 50 54 37 0 53 54 81 21 76
 64 72 38 44 93 66 88 65 16 57 94 24 76 57 81 65 6 27 31 90 24 66 30 63 76 25 3 63 45 35 41 55 32 7 96 0 9 95 57 9
 20 32 36 55 81 59 29 94 3 93 18 35 3 58 10 22 61 4 26 45 96 89 84 76 95 66 9 79 76 3 11 31 25 41 45 4 0 86 46 2
 95 95 90 31 8 5 98 65 41 12 2 97 90 5 55 50 70 56 41 72 85 63 4 57 47 29 98 54 92 22 48 87 3 89 32 58 85 0 62 46
 47 4 21 92 70 78 52 96 4 77 76 46 46 25 61 38 94 18 93 53 83 43 61 41 11 63 70 48 73 8 24 81 0 78 36 52 20 84 0 70
 79 45 78 55 48 47 34 72 86 35 29 24 39 39 86 24 44 60 55 29 25 76 26 73 24 51 58 82 33 36 62 24 94 16 87 37 84 7 26 0
