30

 0 8 56 77 59 7 72 27 40 56 53 35 51 82 69 76 34 81 8 91 58 88 98 77 0 83 16 48 18 5
 92 0 12 89 28 41 32 42 87 21 78 29 81 37 24 52 35 96 88 59 69 49 43 12 53 26 33 8 35 82
 44 88 0 10 92 21 96 51 18 27 62 66 93 35 46 18 59 98 61 24 86 14 34 13 47 54 25 44 62 43
 23 11 90 0 69 55 31 60 32 31 91 81 80 75 71 36 58 29 92 23 42 37 64 91 60 67 46 15 86 84
 41 72 8 31 0 27 71 28 8 98 36 96 56 21 66 35 37 44 88 68 37 7 95 0 79 25 0 54 7 42
 93 59 79 45 73 0 78 97 19 56 17 18 20 71 21 13 69 86 91 58 35 43 33 16 13 24 7 20 98 46
 28 68 4 69 29 22 0 31 57 44 79 46 11 82 54 66 91 37 60 72 84 59 81 56 7 64 48 35 40 96
 73 58 49 40 72 3 69 0 73 13 13 62 47 26 60 95 17 16 80 78 13 35 36 83 27 9 96 76 85 40
 60 13 82 68 92 81 43 27 0 69 12 30 74 17 57 83 55 58 42 42 21 8 89 16 8 59 59 5 79 56
 44 79 73 69 2 44 56 87 31 0 73 81 56 90 26 80 26 1 16 34 83 97 80 12 91 56 93 9 56 15
 47 22 38 9 64 83 21 87 88 27 0 85 75 2 97 92 95 47 12 17 85 38 98 74 3 83 45 73 4 84
 65 71 34 19 4 82 54 38 70 19 15 0 82 58 45 17 17 39 74 98 93 12 60 72 15 40 25 68 55 47
 49 19 7 20 44 80 89 53 26 44 25 18 0 96 18 20 5 12 76 68 80 48 25 51 3 13 51 4 87 95
 18 63 65 25 79 29 18 74 83 10 98 42 4 0 5 43 28 12 89 57 9 72 7 56 63 80 94 83 87 50
 31 76 54 29 34 79 46 40 43 74 3 55 82 95 0 3 33 11 31 10 60 94 68 8 23 70 12 4 38 22
 24 48 82 64 65 87 34 5 17 20 8 83 80 57 97 0 92 17 0 52 98 78 79 6 23 86 35 66 1 88
 66 65 41 42 63 31 9 83 45 74 5 83 95 72 67 8 0 34 97 35 80 60 80 20 23 23 71 33 56 38
 19 4 2 71 56 14 63 84 42 99 53 61 88 88 89 83 66 0 75 64 54 6 94 41 53 37 37 24 67 10
 92 12 39 8 12 9 40 20 58 84 88 26 24 11 69 100 3 25 0 40 13 4 77 41 89 46 56 92 93 72
 9 41 76 77 32 42 28 22 58 66 83 2 32 43 90 48 65 36 60 0 7 26 42 49 85 60 29 97 91 65
 42 31 14 58 63 65 16 87 79 17 15 7 20 91 40 2 20 46 87 93 0 41 94 70 75 91 7 86 2 44
 12 51 86 63 93 57 41 65 92 3 62 88 52 28 6 22 40 94 96 74 59 0 17 7 32 21 33 88 44 3
 2 57 66 36 5 67 19 64 11 20 2 40 75 93 32 21 20 6 23 58 6 83 0 7 7 57 62 94 61 51
 23 88 87 9 100 84 44 17 84 88 26 28 49 44 92 94 80 59 59 51 30 93 93 0 94 15 74 64 14 57
 100 47 53 40 21 87 93 73 92 9 97 85 97 37 77 77 77 47 11 15 25 68 93 6 0 82 17 97 45 89
 17 74 46 33 75 76 36 91 41 44 17 60 87 20 30 14 77 63 54 40 9 79 43 85 18 0 68 13 70 89
 84 67 75 54 100 93 52 4 41 7 55 75 49 6 88 65 29 63 44 71 93 67 38 26 83 32 0 23 77 86
 52 92 56 85 46 80 65 24 95 91 27 32 96 17 96 34 67 76 8 3 14 12 6 36 3 87 77 0 74 50
 82 65 38 14 93 2 60 15 21 44 96 45 13 13 62 99 44 33 7 9 98 56 39 86 55 30 23 26 0 0
 95 18 57 16 58 54 4 60 44 85 16 53 5 50 78 12 62 90 28 35 56 97 49 43 11 11 14 50 100 0
