30

 0 94 19 75 45 59 60 57 23 57 98 37 81 47 70 22 50 60 82 25 45 79 66 32 94 76 31 51 96 94
 6 0 15 16 15 89 49 76 65 58 12 54 22 96 19 29 46 30 2 56 96 77 65 0 92 16 26 18 8 51
 81 85 0 40 44 71 79 60 36 63 43 4 26 63 93 73 22 8 58 24 50 24 46 76 48 82 13 64 41 46
 25 84 60 0 60 94 10 92 71 1 41 88 30 16 48 73 98 5 5 22 75 21 48 53 4 25 44 65 73 62
 55 85 56 40 0 31 91 66 78 76 24 10 82 31 83 1 67 35 75 1 30 22 97 99 8 97 80 46 46 42
 41 11 29 6 69 0 21 40 88 53 41 53 55 84 98 77 69 2 23 54 85 7 73 55 45 64 23 0 13 84
 40 51 21 90 9 79 0 95 60 22 42 27 49 11 20 8 23 19 21 43 55 84 53 24 51 76 76 36 35 21
 43 24 40 8 34 60 5 0 4 49 66 36 77 4 21 5 6 9 80 91 89 39 67 8 33 87 98 14 5 50
 77 35 64 29 22 12 40 96 0 49 88 55 31 92 78 17 39 16 98 34 31 65 52 95 70 46 75 72 31 74
 43 42 37 99 24 47 78 51 51 0 89 40 87 9 37 72 66 69 89 15 36 67 52 72 95 94 83 99 28 5
 2 88 57 59 76 59 58 34 12 11 0 47 11 83 64 0 66 43 30 8 99 28 24 68 75 63 86 63 20 11
 63 46 96 12 90 47 73 64 45 60 53 0 24 78 18 56 20 57 18 90 53 92 55 37 23 87 32 0 1 87
 19 78 74 70 18 45 51 23 69 13 89 76 0 95 37 75 94 17 92 98 35 30 48 18 63 82 86 72 11 36
 53 4 37 84 69 16 89 96 8 91 17 22 5 0 41 6 33 89 7 88 14 48 75 23 38 46 0 41 98 92
 30 81 7 52 17 2 80 79 22 63 36 82 63 59 0 72 85 8 50 19 13 1 99 93 5 64 19 54 13 36
 78 71 27 27 99 23 92 95 83 28 100 44 25 94 28 0 21 96 69 61 71 11 1 3 7 85 77 39 37 24
 50 54 78 2 33 31 77 94 61 34 34 80 6 67 15 79 0 18 83 90 45 93 57 98 99 7 69 80 21 18
 40 70 92 95 65 98 81 91 84 31 57 43 83 11 92 4 82 0 98 36 18 93 40 70 97 39 2 14 55 0
 18 98 42 95 25 77 79 20 2 11 70 82 8 93 50 31 17 2 0 75 94 57 92 81 98 28 94 48 85 93
 75 44 76 78 99 46 57 9 66 85 92 10 2 12 81 39 10 64 25 0 64 4 24 31 64 99 6 11 86 17
 55 4 50 25 70 15 45 11 69 64 1 47 65 86 87 29 55 82 6 36 0 28 22 55 82 60 93 39 73 12
 21 23 76 79 78 93 16 61 35 33 72 8 70 52 99 89 7 7 43 96 72 0 71 86 33 72 20 51 20 18
 34 35 54 52 3 27 47 33 48 48 76 45 52 25 1 99 43 60 8 76 78 29 0 36 7 32 99 83 18 56
 68 100 24 47 1 45 76 92 5 28 32 63 82 77 7 97 2 30 19 69 45 14 64 0 53 90 15 78 13 95
 6 8 52 96 92 55 49 67 30 5 25 77 37 62 95 93 1 3 2 36 18 67 93 47 0 51 47 77 13 95
 24 84 18 75 3 36 24 13 54 6 37 13 18 54 36 15 93 61 72 1 40 28 68 10 49 0 89 15 14 0
 69 74 87 56 20 77 24 2 25 17 14 68 14 100 81 23 31 98 6 94 7 80 1 85 53 11 0 23 94 95
 49 82 36 35 54 100 64 86 28 1 37 100 28 59 46 61 20 86 52 89 61 49 17 22 23 85 77 0 7 12
 4 92 59 27 54 87 65 95 69 72 80 99 89 2 87 63 79 45 15 14 27 80 82 87 87 86 6 93 0 54
 6 49 54 38 58 16 79 50 26 95 89 13 64 8 64 76 82 100 7 83 88 82 44 5 5 100 5 88 46 0
