20

 0 1 22 39 0 59 92 87 2 74 15 23 56 21 17 19 98 60 56 95
 21 0 68 47 15 19 70 54 33 34 27 95 30 27 32 52 90 9 59 3
 55 8 0 50 65 92 79 21 88 65 78 13 73 89 32 23 85 97 93 34
 93 72 42 0 87 83 51 6 11 45 79 40 77 46 39 18 97 53 96 85
 54 43 9 44 0 41 7 52 96 2 51 37 45 48 48 54 9 22 6 51
 3 9 68 2 84 0 14 41 68 58 63 70 0 60 81 27 18 22 89 98
 76 2 90 99 1 53 0 53 84 50 43 68 89 90 33 52 52 86 34 13
 14 23 55 34 14 8 96 0 82 65 28 46 18 8 68 42 62 0 82 53
 97 67 96 96 96 4 40 0 0 57 16 67 39 20 20 40 86 18 42 50
 70 97 5 7 89 80 47 8 75 0 80 22 89 36 73 96 8 50 70 87
 96 28 79 88 62 96 2 30 63 88 0 23 68 43 2 8 35 94 45 14
 55 22 0 35 98 21 44 19 98 31 15 0 62 48 90 25 58 28 29 18
 48 69 52 11 76 70 74 9 18 89 32 50 0 69 43 61 98 99 64 36
 80 61 76 0 59 49 98 44 45 14 85 86 37 0 55 10 42 71 74 55
 59 8 6 42 10 92 68 34 1 56 56 21 9 65 0 44 26 75 14 18
 36 80 81 53 2 29 33 12 3 88 60 68 80 40 13 0 29 94 69 86
 24 28 94 44 62 71 73 56 44 8 49 69 35 16 53 26 0 95 25 30
 68 22 39 98 36 73 73 65 62 57 34 22 98 30 16 1 68 0 28 80
 54 90 94 95 75 64 93 28 90 78 16 50 22 66 10 63 49 31 0 14
 29 43 6 13 20 57 69 92 21 34 76 53 79 59 66 36 97 4 43 0
