20

 0 31 27 3 42 90 39 36 35 7 49 38 22 3 30 25 85 65 73 67
 69 0 48 22 47 20 44 68 34 16 91 87 36 2 44 15 75 92 8 53
 73 52 0 61 89 84 5 62 96 85 39 49 19 86 68 81 12 98 3 58
 97 78 39 0 21 87 80 16 11 64 79 98 70 21 99 18 60 3 43 57
 58 53 11 79 0 39 76 46 11 2 65 30 47 6 56 59 45 41 77 92
 10 80 16 13 61 0 89 32 64 99 79 58 75 15 77 22 54 47 60 51
 61 56 95 20 24 11 0 45 42 30 1 41 0 96 99 19 49 24 14 32
 64 32 38 84 54 68 55 0 58 35 3 74 23 39 98 85 64 82 61 73
 65 66 4 89 89 36 58 42 0 59 33 65 52 95 6 49 30 56 50 23
 93 84 15 36 98 1 70 65 41 0 23 98 79 11 45 28 68 97 10 7
 51 9 61 21 35 21 99 97 67 77 0 72 6 25 10 9 51 57 46 78
 62 13 51 2 70 42 59 26 35 2 28 0 94 4 26 16 93 9 5 22
 78 64 81 30 53 25 100 77 48 21 94 6 0 26 64 25 72 80 7 77
 97 98 14 79 94 85 4 61 5 89 75 96 74 0 40 95 39 25 81 18
 70 56 32 1 44 23 1 2 94 55 90 74 36 60 0 76 14 84 18 39
 75 85 19 82 41 78 81 15 51 72 91 84 75 5 24 0 93 28 93 78
 15 25 88 40 55 46 51 36 70 32 49 7 28 61 86 7 0 63 64 52
 35 8 2 97 59 53 76 18 44 3 43 91 20 75 16 72 37 0 82 91
 27 92 97 57 23 40 86 39 50 90 54 95 93 19 82 7 36 18 0 24
 33 47 42 43 8 49 68 27 77 93 22 78 23 82 61 22 48 9 76 0
