30

 0 75 95 37 44 55 63 58 23 32 16 45 1 31 91 92 13 11 97 49 97 16 55 22 0 38 40 5 73 64
 25 0 71 71 62 77 75 37 0 49 84 19 22 35 36 19 77 20 3 9 72 14 39 87 99 0 33 54 72 98
 5 29 0 58 63 31 84 93 60 70 11 12 98 32 86 6 15 17 62 75 63 68 5 22 17 2 36 62 61 8
 63 29 42 0 88 19 88 0 48 14 65 27 66 57 71 68 9 54 61 4 83 45 61 34 3 38 8 81 4 4
 56 38 37 12 0 48 86 55 42 0 83 75 89 30 12 57 43 12 24 27 16 6 56 32 1 82 39 14 78 72
 45 23 69 81 52 0 5 52 69 17 16 4 66 26 67 2 62 10 7 52 3 81 58 81 82 71 2 9 65 34
 37 25 16 12 14 95 0 61 47 54 77 39 89 62 70 81 86 87 11 90 5 28 60 46 95 26 20 73 53 87
 42 63 7 100 45 48 39 0 64 17 12 25 14 97 32 56 16 57 22 21 77 63 48 82 85 79 7 99 5 71
 77 100 40 52 58 31 53 36 0 25 23 30 76 99 30 90 68 53 35 6 40 10 47 60 71 60 66 52 21 91
 68 51 30 86 100 83 46 83 75 0 44 76 78 20 90 29 66 26 63 29 2 30 98 88 79 58 6 70 55 26
 84 16 89 35 17 84 23 88 77 56 0 14 57 64 68 0 91 89 0 6 70 22 4 48 31 64 14 85 31 84
 55 81 88 73 25 96 61 75 70 24 86 0 68 22 96 39 82 25 27 86 27 81 91 20 83 23 59 42 98 39
 99 78 2 34 11 34 11 86 24 22 43 32 0 74 82 37 69 77 25 94 35 46 37 44 84 10 31 22 44 25
 69 65 68 43 70 74 38 3 1 80 36 78 26 0 87 67 33 35 60 81 70 27 82 53 22 19 90 51 91 69
 9 64 14 29 88 33 30 68 70 10 32 4 18 13 0 50 51 24 15 91 15 27 3 81 67 57 74 30 20 93
 8 81 94 32 43 98 19 44 10 71 100 61 63 33 50 0 83 68 77 7 64 62 90 72 52 33 74 3 30 92
 87 23 85 91 57 38 14 84 32 34 9 18 31 67 49 17 0 12 49 70 39 17 14 19 32 20 58 31 55 20
 89 80 83 46 88 90 13 43 47 74 11 75 23 65 76 32 88 0 52 42 41 97 56 91 89 97 46 22 40 29
 3 97 38 39 76 93 89 78 65 37 100 73 75 40 85 23 51 48 0 49 2 37 8 83 18 52 49 57 45 18
 51 91 25 96 73 48 10 79 94 71 94 14 6 19 9 93 30 58 51 0 11 58 41 40 80 35 44 22 11 15
 3 28 37 17 84 97 95 23 60 98 30 73 65 30 85 36 61 59 98 89 0 98 2 30 43 50 19 78 67 74
 84 86 32 55 94 19 72 37 90 70 78 19 54 73 73 38 83 3 63 42 2 0 90 35 35 8 34 44 84 66
 45 61 95 39 44 42 40 52 53 2 96 9 63 18 97 10 86 44 92 59 98 10 0 31 20 84 3 81 7 25
 78 13 78 66 68 19 54 18 40 12 52 80 56 47 19 28 81 9 17 60 70 65 69 0 34 38 51 78 47 93
 100 1 83 97 99 18 5 15 29 21 69 17 16 78 33 48 68 11 82 20 57 65 80 66 0 9 4 50 98 78
 62 100 98 62 18 29 74 21 40 42 36 77 90 81 43 67 80 3 48 65 50 92 16 62 91 0 43 54 61 20
 60 67 64 92 61 98 80 93 34 94 86 41 69 10 26 26 42 54 51 56 81 66 97 49 96 57 0 20 98 58
 95 46 38 19 86 91 27 1 48 30 15 58 78 49 70 97 69 78 43 78 22 56 19 22 50 46 80 0 1 0
 27 28 39 96 22 35 47 95 79 45 69 2 56 9 80 70 45 60 55 89 33 16 93 53 2 39 2 99 0 92
 36 2 92 96 28 66 13 29 9 74 16 61 75 31 7 8 80 71 82 85 26 34 75 7 22 80 42 100 8 0
