20

 0 56 41 67 91 4 42 94 94 93 30 31 59 9 34 70 61 11 42 52
 87 0 28 56 63 37 43 50 17 68 89 15 14 88 91 89 41 89 26 57
 45 4 0 16 4 36 35 18 26 83 24 34 97 56 33 67 74 77 68 12
 55 5 48 0 86 5 84 13 62 19 11 14 64 95 67 41 38 69 80 20
 50 54 70 99 0 9 52 27 3 77 85 4 25 39 78 0 98 40 79 37
 22 73 82 26 1 0 45 70 86 82 21 65 58 75 19 93 47 58 3 76
 85 97 29 0 32 19 0 94 71 33 57 97 46 64 1 83 4 28 56 35
 51 81 13 84 30 4 77 0 30 91 94 11 60 56 47 65 75 5 39 30
 69 70 33 60 42 74 44 49 0 22 90 64 42 2 13 71 77 53 41 15
 91 17 54 83 5 60 99 67 13 0 58 25 13 94 23 52 36 85 74 89
 53 30 14 27 48 48 69 68 2 53 0 78 55 16 41 10 80 43 91 36
 95 87 97 58 87 21 47 74 39 27 78 0 61 69 50 78 99 15 58 50
 71 43 54 80 62 31 60 81 64 20 26 86 0 1 82 88 5 13 53 52
 18 41 99 97 26 19 57 25 92 38 33 65 78 0 54 55 87 15 97 51
 51 43 34 14 61 5 94 17 78 95 6 37 49 82 0 74 92 79 93 9
 47 93 63 99 18 92 77 0 95 53 32 93 32 98 22 0 46 94 98 12
 4 57 60 70 61 42 0 80 31 12 9 14 79 57 72 74 0 21 22 54
 28 95 80 7 21 8 23 86 11 33 26 76 30 24 72 69 2 0 32 12
 52 33 91 23 53 82 34 51 52 4 51 5 45 89 26 38 22 73 0 73
 23 74 77 79 19 9 89 64 73 52 50 61 85 81 39 42 47 30 58 0
