100

 0 88 56 24 16 23 99 65 41 33 59 86 58 41 38 76 23 94 63 17 84 31 56 78 26 53 7 60 96 31 34 72 10 50 60 31 83 0 13 21 37 37 67 64 87 91 61 33 2 36 53 47 10 83 26 20 48 96 89 87 34 33 75 74 63 60 25 88 38 10 89 49 15 96 90 92 16 94 64 17 56 49 12 60 6 65 65 84 19 50 86 99 61 69 8 30 70 57 71 49
 12 0 1 18 70 74 74 89 71 31 95 18 47 28 42 37 33 30 58 99 52 28 84 18 24 14 91 43 52 14 66 6 17 28 83 33 24 92 68 22 79 52 34 28 34 26 0 13 76 8 64 98 18 36 92 35 29 76 12 4 69 30 99 93 36 93 98 33 78 29 5 47 49 29 52 0 72 39 38 13 8 13 33 58 64 75 53 43 85 50 60 89 46 37 96 79 60 46 52 50
 44 99 0 15 76 20 31 6 82 75 37 1 34 39 15 20 38 62 74 83 72 88 96 23 69 21 68 38 78 76 44 46 84 81 4 78 38 61 31 96 79 89 58 79 52 30 97 99 55 1 86 68 3 29 73 47 66 38 55 7 54 49 74 88 9 26 59 15 37 40 19 60 2 44 22 5 73 97 76 18 7 40 12 94 63 98 8 63 49 76 13 25 81 70 79 88 7 84 22 43
 76 82 85 0 23 28 47 73 52 40 42 34 70 3 53 2 94 4 79 92 39 8 73 72 7 17 52 29 91 23 30 90 70 10 53 56 67 81 5 0 68 12 31 1 26 92 62 62 92 72 42 97 48 10 16 12 48 4 8 31 21 72 0 30 32 53 64 38 8 75 28 36 7 28 54 23 44 4 91 57 82 25 43 84 73 55 69 99 81 91 34 44 12 9 37 46 11 51 77 36
 84 30 24 77 0 93 82 64 92 34 75 6 71 25 43 74 48 15 95 98 15 0 24 84 70 42 74 35 98 5 29 54 90 20 6 50 96 65 30 19 39 57 30 25 56 58 68 96 13 16 89 46 98 5 49 12 69 81 95 57 46 87 6 93 7 72 17 20 85 42 83 61 72 43 72 37 42 28 38 0 41 13 0 95 16 8 54 19 44 50 13 69 38 6 11 1 94 72 68 88
 77 26 80 72 7 0 65 30 0 31 81 29 30 47 26 51 74 9 2 84 58 47 71 41 56 40 98 77 81 41 56 13 60 30 53 32 65 60 75 87 2 57 83 89 5 49 88 70 29 53 68 61 62 8 97 26 61 56 33 30 73 34 73 73 6 27 48 60 5 51 82 98 59 75 58 65 93 88 72 33 47 59 2 96 13 86 91 49 40 94 6 77 91 44 13 78 92 44 28 43
 1 26 69 53 18 35 0 91 50 23 80 20 32 72 71 6 55 39 10 50 59 58 76 71 66 50 45 7 48 44 99 74 56 40 92 91 6 47 23 95 59 60 93 83 70 12 37 16 32 0 77 75 31 52 6 31 15 86 47 31 28 29 56 34 10 89 35 96 19 37 59 40 16 61 85 5 21 46 48 59 45 2 44 14 21 48 70 3 30 11 63 39 60 70 11 3 46 26 83 32
 35 11 94 27 36 70 9 0 81 42 40 68 4 14 57 48 57 28 59 6 78 21 0 41 17 56 62 35 74 60 0 45 73 24 26 31 41 18 89 0 96 64 92 22 80 85 61 21 33 5 83 37 69 69 97 97 45 59 93 40 38 76 15 80 2 49 26 84 63 74 57 31 44 57 40 85 53 20 11 87 15 49 62 53 12 57 62 61 90 2 20 19 93 75 25 12 55 65 12 35
 59 29 18 48 8 100 50 19 0 73 60 48 21 89 79 11 23 61 91 87 54 29 83 61 70 52 48 60 56 37 25 52 7 88 13 92 52 35 54 0 31 96 60 25 25 74 37 40 77 10 50 31 88 77 11 11 89 81 38 72 97 92 65 73 16 2 15 3 56 92 27 73 53 16 50 11 0 88 92 21 75 93 59 32 75 54 21 58 28 37 52 62 11 28 0 33 4 99 51 86
 67 69 25 60 66 69 77 58 27 0 3 87 93 2 66 96 76 66 32 65 55 89 27 77 63 82 23 37 18 59 65 36 37 48 31 79 58 80 31 74 62 2 15 41 37 41 7 96 9 87 85 47 96 8 14 46 2 96 0 75 14 70 91 24 10 20 41 74 50 21 88 8 80 42 22 65 20 79 21 45 88 22 84 32 35 46 1 37 17 26 54 81 36 20 7 51 94 63 14 27
 41 5 63 58 25 19 20 60 40 97 0 90 93 79 48 48 51 61 73 13 61 29 92 46 53 40 74 46 73 37 59 42 0 76 83 35 90 88 34 40 96 59 5 20 2 89 2 7 54 82 11 18 75 64 80 34 41 2 37 44 27 78 59 20 23 30 39 62 71 50 96 58 22 73 27 46 9 97 7 13 14 95 37 21 55 56 39 75 8 85 32 90 32 65 95 79 78 98 54 75
 14 82 99 66 94 71 80 32 52 13 10 0 7 56 9 34 69 42 36 97 41 30 8 93 10 75 18 37 46 18 0 93 43 60 1 60 99 86 32 2 84 39 72 58 80 32 76 4 13 81 68 18 92 93 5 7 4 49 37 43 84 40 75 5 30 93 51 28 73 55 84 33 53 1 47 72 54 33 83 65 26 47 83 73 2 32 75 97 5 47 26 10 56 34 25 9 9 79 98 60
 42 53 66 30 29 70 68 96 79 7 7 93 0 28 53 25 54 30 86 89 87 81 7 97 72 15 34 78 4 31 97 54 65 24 4 42 53 95 44 25 37 35 82 22 14 65 34 38 78 62 18 23 29 89 74 59 89 58 23 10 25 72 83 71 54 6 4 45 98 20 29 49 97 72 75 6 34 62 54 59 9 9 61 10 33 68 81 17 43 56 31 24 41 38 2 24 66 68 25 57
 59 72 61 97 75 53 28 86 11 98 21 44 72 0 29 62 87 87 10 88 47 28 32 92 66 24 72 15 78 38 45 56 91 1 39 55 93 92 76 30 38 20 38 89 62 76 5 8 30 0 69 36 14 75 47 1 43 92 73 43 26 94 62 85 56 69 36 5 58 96 53 12 15 25 54 95 10 87 79 89 72 95 30 85 85 19 32 71 76 84 76 99 58 6 88 59 51 30 53 89
 62 58 85 47 57 74 29 43 21 34 52 91 47 71 0 52 6 51 19 98 13 29 72 67 11 24 26 60 47 60 87 14 89 68 59 56 71 69 84 38 22 89 45 83 38 45 32 97 20 56 7 69 5 17 82 99 14 78 1 88 23 31 40 1 26 0 60 16 53 58 52 68 32 73 23 27 96 40 76 75 39 8 2 32 83 33 89 55 95 0 80 12 65 93 60 49 15 34 91 75
 24 63 80 98 26 49 94 52 89 4 52 66 75 38 48 0 29 22 17 79 41 58 2 74 26 85 78 65 60 17 5 86 25 76 9 54 22 51 76 3 78 1 49 73 97 99 79 47 61 39 5 48 80 94 1 12 87 96 92 33 8 65 31 23 96 27 20 38 98 40 24 11 15 61 35 42 94 41 1 55 95 60 31 12 71 14 81 31 22 60 37 28 48 90 43 77 84 26 49 41
 77 67 62 6 52 26 45 43 77 24 49 31 46 13 94 71 0 16 62 73 6 25 38 52 56 97 40 95 64 79 23 13 72 47 33 42 23 82 10 19 7 18 39 91 22 61 31 90 31 84 9 32 72 5 34 62 28 86 39 32 53 35 25 42 20 84 66 34 23 66 73 2 74 45 8 72 24 62 55 66 82 53 3 12 2 75 27 75 95 1 87 35 88 7 74 16 31 20 66 35
 6 70 38 96 85 91 61 72 39 34 39 58 70 13 49 78 84 0 61 34 2 26 4 75 35 49 58 8 66 12 99 84 61 25 70 49 50 9 74 67 98 97 82 42 46 61 70 36 96 58 57 25 57 53 23 73 9 54 73 31 89 57 32 17 91 51 78 55 3 87 85 92 22 47 26 4 22 95 79 80 1 73 60 40 73 93 7 22 17 44 90 60 9 90 73 56 80 3 67 54
 37 42 26 21 5 98 90 41 9 68 27 64 14 90 81 83 38 39 0 59 8 25 28 10 48 47 54 52 95 15 82 50 49 86 7 63 36 93 65 76 74 35 97 52 15 39 80 48 18 43 4 96 92 92 68 88 77 55 13 69 19 40 63 66 36 36 67 49 96 71 18 20 25 12 15 33 39 40 11 18 90 8 7 41 73 80 23 28 97 3 96 45 69 19 25 74 75 94 48 2
 83 1 17 8 2 16 50 94 13 35 87 3 11 12 2 21 27 66 41 0 58 75 24 69 95 96 89 86 45 60 76 38 42 25 34 71 28 56 41 50 90 58 30 5 60 90 42 34 24 91 21 25 96 22 73 44 17 97 75 12 8 45 97 79 2 29 5 38 73 78 78 84 37 32 10 17 35 71 57 0 94 59 39 99 73 49 89 71 20 79 71 55 47 68 95 78 35 18 22 89
 16 48 28 61 85 42 41 22 46 45 39 59 13 53 87 59 94 98 92 42 0 45 21 71 35 12 85 55 96 70 2 16 94 69 12 84 45 21 44 68 13 47 50 35 29 31 54 18 5 41 8 51 16 28 56 93 48 71 36 46 89 48 2 90 98 97 33 23 58 97 44 69 49 22 62 95 5 92 39 97 45 18 84 19 90 28 76 61 21 97 75 68 82 46 41 98 73 37 42 52
 69 72 12 92 100 53 42 79 71 11 71 70 19 72 71 42 75 74 75 25 55 0 47 45 0 80 93 61 68 14 59 58 11 70 47 13 77 16 93 34 54 22 55 18 58 8 26 75 74 53 68 30 91 99 13 29 7 52 35 43 41 32 54 55 93 36 86 67 57 51 85 35 27 59 9 39 57 82 14 50 20 97 20 14 60 31 79 33 32 4 48 37 35 56 86 34 81 21 73 65
 44 16 4 27 76 29 24 100 17 73 8 92 93 68 28 98 62 96 72 76 79 53 0 32 64 11 25 14 78 32 7 45 35 47 89 48 8 85 44 36 37 5 95 64 97 98 25 70 9 18 49 18 86 88 12 98 99 27 45 74 71 74 34 13 12 96 88 97 60 10 11 63 64 32 52 42 12 99 5 43 77 90 41 93 37 88 99 68 67 57 19 97 91 39 84 8 10 46 28 27
 22 82 77 28 16 59 29 59 39 23 54 7 3 8 33 26 48 25 90 31 29 55 68 0 69 78 58 56 74 28 37 0 71 18 46 31 34 7 20 37 74 27 69 23 47 42 2 44 8 30 2 51 67 23 50 20 36 68 63 89 95 46 36 49 22 32 65 43 68 98 37 32 83 56 39 10 59 48 7 74 34 54 34 53 5 52 99 92 67 85 61 59 40 6 99 89 54 3 7 63
 74 76 31 93 30 44 34 83 30 37 47 90 28 34 89 74 44 65 52 5 65 100 36 31 0 12 56 69 64 69 47 36 20 6 55 74 60 94 53 60 69 28 29 72 23 58 36 0 60 92 85 46 61 84 40 13 53 90 8 81 15 21 54 10 0 22 38 74 33 46 2 35 62 84 87 53 87 63 55 40 99 57 66 42 60 68 95 60 13 64 90 92 35 35 96 22 77 56 11 50
 47 86 79 83 58 60 50 44 48 18 60 25 85 76 76 15 3 51 53 4 88 20 89 22 88 0 60 49 6 63 82 62 7 3 63 0 99 26 32 74 42 3 21 5 6 24 46 2 75 61 9 57 85 65 13 11 22 82 25 13 32 38 25 9 87 43 87 24 34 76 0 92 27 43 58 99 9 63 19 92 47 79 40 43 72 53 15 24 25 3 46 3 22 59 58 39 95 54 51 15
 93 9 32 48 26 2 55 38 52 77 26 82 66 28 74 22 60 42 46 11 15 7 75 42 44 40 0 33 39 87 22 50 64 55 71 56 88 46 41 45 49 83 69 84 73 69 16 29 96 40 65 16 7 66 30 64 59 70 9 71 89 8 14 0 94 17 38 79 80 88 22 9 78 24 36 82 37 22 84 7 43 82 36 4 68 93 62 85 90 59 98 61 60 59 16 42 87 13 67 48
 40 57 62 71 65 23 93 65 40 63 54 63 22 85 40 35 5 92 48 14 45 39 86 44 31 51 67 0 82 52 77 76 40 8 4 46 4 86 4 31 28 42 68 60 98 24 17 38 4 16 18 75 90 86 45 41 50 79 24 21 25 55 44 14 37 69 9 86 42 28 58 54 2 96 77 97 24 42 46 84 51 35 23 63 30 1 81 6 67 93 34 28 62 94 20 98 92 12 7 0
 4 48 22 9 2 19 52 26 44 82 27 54 96 22 53 40 36 34 5 55 4 32 22 26 36 94 61 18 0 34 44 97 63 23 88 14 29 67 11 69 46 75 19 54 75 54 26 50 23 35 38 66 45 41 26 77 12 0 66 74 37 49 24 63 14 26 15 1 30 96 42 79 37 18 15 25 61 74 22 69 4 99 69 95 94 54 93 18 96 5 42 86 29 22 52 56 41 52 98 36
 69 86 24 77 95 59 56 40 63 41 63 82 69 62 40 83 21 88 85 40 30 86 68 72 31 37 13 48 66 0 53 97 18 49 42 37 26 28 58 61 94 27 53 85 25 31 23 15 57 63 40 44 89 35 68 25 36 72 42 4 63 12 52 49 21 24 70 13 62 15 88 40 62 72 60 86 96 20 6 37 47 57 31 67 56 76 6 58 74 0 42 35 80 55 82 23 42 35 20 94
 66 34 56 70 71 44 1 100 75 35 41 100 3 55 13 95 77 1 18 24 98 41 93 63 53 18 78 23 56 47 0 8 77 81 31 55 74 81 68 61 4 97 91 16 87 23 90 27 90 50 27 12 30 57 89 66 7 7 12 70 56 11 15 89 91 68 14 99 99 3 88 12 38 0 8 21 96 88 6 24 0 29 73 60 53 84 82 67 63 16 72 96 39 18 51 78 88 27 76 19
 28 94 54 10 46 87 26 55 48 64 58 7 46 44 86 14 87 16 50 62 84 42 55 100 64 38 50 24 3 3 92 0 95 58 41 4 73 23 67 32 36 56 88 16 93 99 47 46 28 6 32 1 72 20 32 17 47 81 55 95 28 70 81 65 5 0 74 39 55 75 96 58 92 22 94 92 61 0 51 29 51 85 17 60 7 28 37 70 86 55 70 60 33 35 42 97 49 52 69 22
 90 83 16 30 10 40 44 27 93 63 100 57 35 9 11 75 28 39 51 58 6 89 65 29 80 93 36 60 37 82 23 5 0 0 54 40 0 51 77 42 6 80 76 0 56 74 22 80 20 24 59 91 52 26 40 38 39 39 9 83 25 22 43 62 84 67 83 76 81 71 10 84 98 30 49 96 26 54 20 61 11 61 89 28 82 6 60 61 11 54 14 33 66 82 47 51 39 96 45 22
 50 72 19 90 80 70 60 76 12 52 24 40 76 99 32 24 53 75 14 75 31 30 53 82 94 97 45 92 77 51 19 42 100 0 43 33 60 9 74 44 7 59 91 0 97 21 93 13 93 60 81 77 33 79 61 56 38 38 34 70 6 61 87 79 30 26 27 54 68 7 93 67 36 47 83 78 77 76 93 12 4 30 68 10 63 45 19 52 42 6 30 79 19 78 7 40 74 84 26 23
 40 17 96 47 94 47 8 74 87 69 17 99 96 61 41 91 67 30 93 66 88 53 11 54 45 37 29 96 12 58 69 59 46 57 0 42 62 18 55 57 42 89 32 53 95 36 44 52 83 8 17 0 4 30 46 33 52 93 2 57 81 81 45 27 63 48 19 69 93 66 35 31 73 80 97 41 39 13 0 7 24 65 71 89 3 51 41 18 18 21 25 7 5 9 86 1 58 69 80 66
 69 67 22 44 50 68 9 69 8 21 65 40 58 45 44 46 58 51 37 29 16 87 52 69 26 100 44 54 86 63 45 96 60 67 58 0 36 81 51 30 85 63 68 14 70 90 27 80 25 96 10 62 9 33 84 67 97 40 15 36 85 97 19 59 5 32 43 61 6 69 52 95 97 94 99 53 76 36 40 60 44 69 44 92 36 27 91 44 59 82 21 92 53 72 25 46 62 58 52 64
 17 76 62 33 4 35 94 59 48 42 10 1 47 7 29 78 77 50 64 72 55 23 92 66 40 1 12 96 71 74 26 27 100 40 38 64 0 61 71 83 82 0 58 67 64 17 95 80 13 5 8 66 55 44 36 38 6 36 58 82 20 75 13 99 88 59 45 77 41 59 48 57 2 7 40 99 38 77 58 24 18 51 91 44 11 52 51 81 71 3 57 74 10 42 25 5 8 13 53 27
 100 8 39 19 35 40 53 82 65 20 12 14 5 8 31 49 18 91 7 44 79 84 15 93 6 74 54 14 33 72 19 77 49 91 82 19 39 0 4 3 45 36 75 76 68 69 55 71 9 45 93 34 98 14 97 87 40 9 48 59 55 63 80 43 75 13 5 93 16 63 52 23 92 10 58 8 12 28 59 76 53 91 23 18 36 39 95 21 76 63 50 48 11 50 49 35 71 94 8 43
 87 32 69 95 70 25 77 11 46 69 66 68 56 24 16 24 90 26 35 59 56 7 56 80 47 68 59 96 89 42 32 33 23 26 45 49 29 96 0 77 61 53 61 8 60 43 99 83 84 19 5 90 36 27 31 43 41 70 81 0 63 64 47 21 78 47 83 79 69 67 45 38 29 88 8 84 39 72 60 36 55 82 99 50 63 6 73 42 94 34 1 15 5 68 18 33 39 66 90 52
 79 78 4 100 81 13 5 100 100 26 60 98 75 70 62 97 81 33 24 50 32 66 64 63 40 26 55 69 31 39 39 68 58 56 43 70 17 97 23 0 15 59 67 65 34 54 26 25 2 89 27 87 73 89 14 39 45 29 5 46 5 87 47 61 7 79 25 80 77 34 54 77 66 70 57 91 12 9 75 0 77 8 65 83 57 85 88 77 20 91 33 0 78 36 54 77 6 79 78 51
 63 21 21 32 61 98 41 4 69 38 4 16 63 62 78 22 93 2 26 10 87 46 63 26 31 58 51 72 54 6 96 64 94 93 58 15 18 55 39 85 0 73 68 10 65 0 98 58 98 55 48 39 68 88 65 65 5 51 78 47 48 8 52 17 80 19 47 76 26 74 31 14 65 73 0 42 49 17 52 87 32 74 97 16 87 20 30 69 79 49 57 78 78 88 53 89 76 84 3 99
 63 48 11 88 43 43 40 36 4 98 41 61 65 80 11 99 82 3 65 42 53 78 95 73 72 97 17 58 25 73 3 44 20 41 11 37 100 64 47 41 27 0 75 15 62 67 64 2 87 34 80 42 19 52 96 61 65 13 12 34 96 26 59 73 67 3 78 11 65 94 75 77 16 37 19 36 82 95 55 94 61 4 75 64 6 73 51 84 9 88 48 61 64 25 81 39 56 62 28 19
 33 66 42 69 70 17 7 8 40 85 95 28 18 62 55 51 61 18 3 70 50 45 5 31 71 79 31 32 81 47 9 12 24 9 68 32 42 25 39 33 32 25 0 75 44 80 49 69 34 52 14 60 14 63 27 12 10 63 57 17 41 22 43 67 73 71 41 31 48 35 5 44 69 82 47 78 66 94 11 0 91 98 43 15 43 96 11 14 8 74 10 0 92 9 94 45 68 88 33 1
 36 72 21 99 75 11 17 78 75 59 80 42 78 11 17 27 9 58 48 95 65 82 36 77 28 95 16 40 46 15 84 84 100 100 47 86 33 24 92 35 90 85 25 0 0 65 79 69 29 93 91 78 61 77 98 28 10 26 42 2 20 59 44 91 96 84 34 30 74 42 22 10 70 47 69 43 0 42 46 97 53 13 24 88 12 7 74 85 11 79 58 78 27 76 80 96 29 86 58 32
 13 66 48 74 44 95 30 20 75 63 98 20 86 38 62 3 78 54 85 40 71 42 3 53 77 94 27 2 25 75 13 7 44 3 5 30 36 32 40 66 35 38 56 100 0 77 94 13 77 47 53 40 68 45 26 66 66 62 51 42 69 97 46 78 81 75 58 65 20 68 77 31 3 98 45 26 14 37 66 65 59 79 48 28 1 86 5 87 88 86 45 30 36 86 18 34 53 32 83 36
 9 74 70 8 42 51 88 15 26 59 11 68 35 24 55 1 39 39 61 10 69 92 2 58 42 76 31 76 46 69 77 1 26 79 64 10 83 31 57 46 100 33 20 35 23 0 93 57 87 61 43 12 71 37 82 68 95 40 75 40 64 12 15 84 74 71 31 16 85 77 47 3 93 61 63 74 43 75 36 10 82 74 93 89 30 15 42 28 37 47 39 23 10 10 2 13 64 42 25 8
 39 100 3 38 32 12 63 39 63 93 98 24 66 95 68 21 69 30 20 58 46 74 75 98 64 54 84 83 74 77 10 53 78 7 56 73 5 45 1 74 2 36 51 21 6 7 0 89 77 55 43 60 32 27 72 3 79 57 24 48 62 80 93 27 97 38 62 57 54 75 71 21 72 33 66 62 82 60 96 35 45 18 72 95 11 77 24 90 16 56 17 1 37 40 63 27 18 39 30 80
 67 87 1 38 4 30 84 79 60 4 93 96 62 92 3 53 10 64 52 66 82 25 30 56 100 98 71 62 50 85 73 54 20 87 48 20 20 29 17 75 42 98 31 31 87 43 11 0 65 12 67 89 17 75 69 10 13 14 0 31 68 47 80 5 47 46 43 67 75 9 19 17 65 48 38 12 38 41 12 41 15 0 87 97 3 32 63 43 80 49 91 25 75 9 71 10 53 5 67 96
 98 24 45 8 87 71 68 67 23 91 46 87 22 70 80 39 69 4 82 76 95 26 91 92 40 25 4 96 77 43 10 72 80 7 17 75 87 91 16 98 2 13 66 71 23 13 23 35 0 14 21 77 24 72 36 99 21 19 15 67 29 29 9 72 74 87 12 13 57 53 69 52 51 80 34 74 90 91 97 65 2 65 88 61 34 91 37 14 55 95 1 94 56 94 30 72 44 65 39 39
 64 92 99 28 84 47 100 95 90 13 18 19 38 100 44 61 16 42 57 9 59 47 82 70 8 39 60 84 65 37 50 94 76 40 92 4 95 55 81 11 45 66 48 7 53 39 45 88 86 0 39 69 34 82 56 77 67 68 25 62 78 4 89 70 3 9 6 66 81 25 16 16 1 47 53 61 13 29 95 61 60 88 82 1 83 36 59 5 35 24 33 78 58 77 40 88 12 61 52 89
 47 36 14 58 11 32 23 17 50 15 89 32 82 31 93 95 91 43 96 79 92 32 51 98 15 91 35 82 62 60 73 68 41 19 83 90 92 7 95 73 52 20 86 9 47 57 57 33 79 61 0 35 86 56 89 43 31 74 67 24 12 5 73 29 91 6 71 2 96 52 14 30 73 38 66 66 56 53 45 76 63 20 24 88 98 39 35 43 42 3 97 85 13 92 41 24 67 80 60 69
 53 2 32 3 54 39 25 63 69 53 82 82 77 64 31 52 68 75 4 75 49 70 82 49 54 43 84 25 34 56 88 99 9 23 100 38 34 66 10 13 61 58 40 22 60 88 40 11 23 31 65 0 72 63 65 49 12 68 18 46 78 63 98 60 27 95 39 6 16 97 42 76 46 67 64 88 95 1 27 99 69 63 25 10 57 97 26 19 21 51 78 33 9 55 17 50 63 45 66 63
 90 82 97 52 2 38 69 31 12 4 25 8 71 86 95 20 28 43 8 4 84 9 14 33 39 15 93 10 55 11 70 28 48 67 96 91 45 2 64 27 32 81 86 39 32 29 68 83 76 66 14 28 0 42 84 2 36 80 70 93 33 86 18 87 21 3 54 27 82 69 58 61 56 19 71 60 47 8 29 42 15 30 65 57 63 5 58 55 11 1 52 31 21 16 94 54 11 50 81 97
 17 64 71 90 95 92 48 31 23 92 36 7 11 25 83 6 95 47 8 78 72 1 12 77 16 35 34 14 59 65 43 80 74 21 70 67 56 86 73 11 12 48 37 23 55 63 73 25 28 18 44 37 58 0 59 26 52 65 85 21 86 58 99 20 59 9 95 66 28 90 71 92 86 77 63 5 21 58 83 54 99 44 15 48 59 74 81 66 76 66 73 85 2 33 75 46 12 47 0 33
 74 8 27 84 51 3 94 3 89 86 20 95 26 53 18 99 66 77 32 27 44 87 88 50 60 87 70 55 74 32 11 68 60 39 54 16 64 3 69 86 35 4 73 2 74 18 28 31 64 44 11 35 16 41 0 56 26 18 56 96 74 54 98 71 12 77 96 92 91 71 11 60 59 95 31 68 95 44 79 15 82 45 52 82 29 16 6 18 60 78 14 63 83 46 49 37 90 20 60 70
 80 65 53 88 88 74 69 3 89 54 66 93 41 99 1 88 38 27 12 56 7 71 2 80 87 89 36 59 23 75 34 83 62 44 67 33 62 13 57 61 35 39 88 72 34 32 97 90 1 23 57 51 98 74 44 0 6 95 96 1 93 82 96 39 53 17 96 1 32 87 93 12 16 61 16 76 41 83 8 44 77 34 14 91 86 86 58 29 95 76 31 71 84 90 21 46 98 88 61 29
 52 71 34 52 31 39 85 55 11 98 59 96 11 57 86 13 72 91 23 83 52 93 1 64 47 78 41 50 88 64 93 53 61 62 48 3 94 60 59 55 95 35 90 90 34 5 21 87 79 33 69 88 64 48 74 94 0 40 28 52 20 8 82 41 63 88 71 55 35 37 63 89 99 86 65 61 63 58 68 37 96 56 39 73 26 56 20 53 41 30 70 51 37 71 88 55 85 5 69 90
 4 24 62 96 19 44 14 41 19 4 98 51 42 8 22 4 14 46 45 3 29 48 73 32 10 18 30 21 100 28 93 19 61 62 7 60 64 91 30 71 49 87 37 74 38 60 43 86 81 32 26 32 20 35 82 5 60 0 95 59 92 32 5 87 80 97 87 98 15 99 2 99 48 59 96 32 5 39 24 49 78 83 93 65 52 28 6 86 94 1 13 12 22 54 2 35 87 5 3 49
 11 88 45 92 5 67 53 7 62 100 63 63 77 27 99 8 61 27 87 25 64 65 55 37 92 75 91 76 34 58 88 45 91 66 98 85 42 52 19 95 22 88 43 58 49 25 76 100 85 75 33 82 30 15 44 4 72 5 0 24 45 46 85 0 50 38 19 77 9 12 84 21 15 4 85 54 26 69 90 31 75 51 4 61 49 65 4 10 42 99 42 32 55 57 36 97 32 35 17 94
 13 96 93 69 43 70 69 60 28 25 56 57 90 57 12 67 68 69 31 88 54 57 26 11 19 87 29 79 26 96 30 5 17 30 43 64 18 41 100 54 53 66 83 98 58 60 52 69 33 38 76 54 7 79 4 99 48 41 76 0 11 83 47 28 38 17 57 91 24 60 85 70 78 73 21 59 45 92 12 73 88 85 17 83 18 89 85 42 64 84 52 26 69 15 8 78 8 33 5 82
 66 31 46 79 54 27 72 62 3 86 73 16 75 74 77 92 47 11 81 92 11 59 29 5 85 68 11 75 63 37 44 72 75 94 19 15 80 45 37 95 52 4 59 80 31 36 38 32 71 22 88 22 67 14 26 7 80 8 55 89 0 14 82 77 11 99 33 74 63 41 61 73 97 70 93 11 2 68 97 51 4 61 69 32 9 17 41 98 67 77 26 11 64 63 36 63 25 99 34 32
 67 70 51 28 13 66 71 24 8 30 22 60 28 6 69 35 65 43 60 55 52 68 26 54 79 62 92 45 51 88 89 30 78 39 19 3 25 37 36 13 92 74 78 41 3 88 20 53 71 96 95 37 14 42 46 18 92 68 54 17 86 0 44 59 42 59 42 61 92 3 25 89 55 86 40 80 96 0 89 63 70 26 68 89 38 35 31 19 99 84 12 39 67 37 70 7 30 17 76 49
 25 1 26 100 94 27 44 85 35 9 41 25 17 38 60 69 75 68 37 3 98 46 66 64 46 75 86 56 76 48 85 19 57 13 55 81 87 20 53 53 48 41 57 56 54 85 7 20 91 11 27 2 82 1 2 4 18 95 15 53 18 56 0 54 64 50 58 28 62 88 76 35 3 73 87 66 30 14 83 29 69 87 99 49 51 8 68 36 98 76 69 9 78 83 7 90 84 8 14 72
 26 7 12 70 7 27 66 20 27 76 80 95 29 15 99 77 58 83 34 21 10 45 87 51 90 91 100 86 37 51 11 35 38 21 73 41 1 57 79 39 83 27 33 9 22 16 73 95 28 30 71 40 13 80 29 61 59 13 100 72 23 41 46 0 24 11 28 1 17 37 1 68 99 92 45 94 6 9 23 73 21 71 94 80 63 52 7 8 22 71 5 26 81 14 74 14 37 44 25 22
 37 64 91 68 93 94 90 98 84 90 77 70 46 44 74 4 80 9 64 98 2 7 88 78 100 13 6 63 86 79 9 95 16 70 37 95 12 25 22 93 20 33 27 4 19 26 3 53 26 97 9 73 79 41 88 47 37 20 50 62 89 58 36 76 0 80 99 53 6 81 18 64 15 89 74 51 51 27 37 7 63 44 13 51 44 73 94 56 8 67 13 98 24 60 15 30 3 92 59 66
 40 7 74 47 28 73 11 51 98 80 70 7 94 31 100 73 16 49 64 71 3 64 4 68 78 57 83 31 74 76 32 100 33 74 52 68 41 87 53 21 81 97 29 16 25 29 62 54 13 91 94 5 97 91 23 83 12 3 62 83 1 41 50 89 20 0 16 34 64 88 40 90 11 11 95 92 70 82 45 4 7 33 99 62 29 60 25 85 32 26 10 81 77 24 13 99 86 33 0 64
 75 2 41 36 83 52 65 74 85 59 61 49 96 64 40 80 34 22 33 95 67 14 12 35 62 13 62 91 85 30 86 26 17 73 81 57 55 95 17 75 53 22 59 66 42 69 38 57 88 94 29 61 46 5 4 4 29 13 81 43 67 58 42 72 1 84 0 94 91 11 5 25 34 43 73 75 10 66 36 21 34 8 71 10 77 28 1 47 35 6 39 73 18 7 83 76 69 33 25 11
 12 67 85 62 80 40 4 16 97 26 38 72 55 95 84 62 66 45 51 62 77 33 3 57 26 76 21 14 99 87 1 61 24 46 31 39 23 7 21 20 24 89 69 70 35 84 43 33 87 34 98 94 73 34 8 99 45 2 23 9 26 39 72 99 47 66 6 0 97 82 36 52 7 21 18 91 48 78 48 93 39 23 68 76 28 93 79 50 66 56 69 43 62 74 80 9 8 85 6 10
 62 22 63 92 15 95 81 37 44 50 29 27 2 42 47 2 77 97 4 27 42 43 40 32 67 66 20 58 70 38 1 45 19 32 7 94 59 84 31 23 74 35 52 26 80 15 46 25 43 19 4 84 18 72 9 68 65 85 91 76 37 8 38 83 94 36 9 3 0 96 5 15 48 14 15 38 61 80 88 56 51 39 46 66 96 77 36 34 34 30 57 5 51 28 19 41 49 32 25 1
 90 71 60 25 58 49 63 26 8 79 50 45 80 4 42 60 34 13 29 22 3 49 90 2 54 24 12 72 4 85 97 25 29 93 34 31 41 37 33 66 26 6 65 58 32 23 25 91 47 75 48 3 31 10 29 13 63 1 88 40 59 97 12 63 19 12 89 18 4 0 71 18 69 41 15 88 40 43 35 45 33 78 72 42 37 99 63 62 92 54 73 12 18 69 20 24 34 93 97 50
 11 95 81 72 17 18 41 43 73 12 4 16 71 47 48 76 27 15 82 22 56 15 89 63 98 100 78 42 58 12 12 4 90 7 65 48 52 48 55 46 69 25 95 78 23 53 29 81 31 84 86 58 42 29 89 7 37 98 16 15 39 75 24 99 82 60 95 64 95 29 0 57 96 9 53 33 49 57 8 22 1 83 74 96 21 32 60 51 64 49 51 84 32 5 60 86 29 54 57 20
 51 53 40 64 39 2 60 69 27 92 42 67 51 88 32 89 98 8 80 16 31 65 37 68 65 8 91 46 21 60 88 42 16 33 69 5 43 77 62 23 86 23 56 90 69 97 79 83 48 84 70 24 39 8 40 88 11 1 79 30 27 11 65 32 36 10 75 48 85 82 43 0 41 92 68 44 38 90 55 47 76 94 37 49 52 15 61 77 25 53 33 53 58 99 51 80 36 26 85 44
 85 51 98 93 28 41 84 56 47 20 78 47 3 85 68 85 26 78 75 63 51 73 36 17 38 73 22 98 63 38 62 8 2 64 27 3 98 8 71 34 35 84 31 30 97 7 28 35 49 99 27 54 44 14 41 84 1 52 85 22 3 45 97 1 85 89 66 93 52 31 4 59 0 55 48 81 11 82 18 92 34 3 41 95 6 16 85 84 5 95 23 46 95 67 27 45 50 64 30 91
 4 71 56 72 57 25 39 43 84 58 27 99 28 75 27 39 55 53 88 68 78 41 68 44 16 57 76 4 82 28 100 78 70 53 20 6 93 90 12 30 27 63 18 53 2 39 67 52 20 53 62 33 81 23 5 39 14 41 96 27 30 14 27 8 11 89 57 79 86 59 91 8 45 0 99 89 0 95 99 49 42 13 36 49 69 73 19 88 76 56 69 4 68 50 74 16 31 13 70 94
 10 48 78 46 28 42 15 60 50 78 73 53 25 46 77 65 92 74 85 90 38 91 48 61 13 42 64 23 85 40 92 6 51 17 3 1 60 42 92 43 100 81 53 31 55 37 34 62 66 47 34 36 29 37 69 84 35 4 15 79 7 60 13 55 26 5 27 82 85 85 47 32 52 1 0 18 14 45 33 27 29 2 6 48 42 26 49 32 83 80 74 49 54 37 39 94 35 37 6 39
 8 100 95 77 63 35 95 15 89 35 54 28 94 5 73 58 28 96 67 83 5 61 58 90 47 1 18 3 75 14 79 8 4 22 59 47 1 92 16 9 58 64 22 57 74 26 38 88 26 39 34 12 40 95 32 24 39 68 46 41 89 20 34 6 49 8 25 9 62 12 67 56 19 11 82 0 23 40 21 76 62 37 9 37 59 81 50 6 2 99 81 76 63 82 18 69 88 27 53 91
 84 28 27 56 58 7 79 47 100 80 91 46 66 90 4 6 76 78 61 65 95 43 88 41 13 91 63 76 39 4 4 39 74 23 61 24 62 88 61 88 51 18 34 100 86 57 18 62 10 87 44 5 53 79 5 59 37 95 74 55 98 4 70 94 49 30 90 52 39 60 51 62 89 100 86 77 0 14 20 64 37 13 29 0 34 63 72 0 5 78 94 46 98 26 20 2 84 83 90 47
 6 61 3 96 72 12 54 80 12 21 3 67 38 13 60 59 38 5 60 29 8 18 1 52 37 37 78 58 26 80 12 100 46 24 87 64 23 72 28 91 83 5 6 58 63 25 40 59 9 71 47 99 92 42 56 17 42 61 31 8 32 100 86 91 73 18 34 22 20 57 43 10 18 5 55 60 86 0 4 89 56 53 95 83 97 99 96 88 34 36 52 16 20 90 5 18 37 69 6 25
 36 62 24 9 62 28 52 89 8 79 93 17 46 21 24 99 45 21 89 43 61 86 95 93 45 81 16 54 78 94 94 49 80 7 100 60 42 41 40 25 48 45 89 54 34 64 4 88 3 5 55 73 71 17 21 92 32 76 10 88 3 11 17 77 63 55 64 52 12 65 92 45 82 1 67 79 80 96 0 80 5 10 5 42 61 94 78 83 46 80 53 46 83 64 74 7 14 37 41 36
 83 87 82 43 100 67 41 13 79 55 87 35 41 11 25 45 34 20 82 100 3 50 57 26 60 8 93 16 31 63 76 71 39 88 93 40 76 24 64 100 13 6 100 3 35 90 65 59 35 39 24 1 58 46 85 56 63 51 69 27 49 37 71 27 93 96 79 7 44 55 78 53 8 51 73 24 36 11 20 0 72 65 49 30 3 91 18 18 14 92 24 21 61 95 89 41 9 63 75 68
 44 92 93 18 59 53 55 85 25 12 86 74 91 28 61 5 18 99 10 6 55 80 23 66 1 53 57 49 96 53 100 49 89 96 76 56 82 47 45 23 68 39 9 47 41 18 55 85 98 40 37 31 85 1 18 23 4 22 25 12 96 30 31 79 37 93 66 61 49 67 99 24 66 58 71 38 63 44 95 28 0 84 68 75 8 65 9 85 59 32 77 32 32 65 3 6 56 39 55 93
 51 87 60 75 87 41 98 51 7 78 5 53 91 5 92 40 47 27 92 41 82 3 10 46 43 21 18 65 1 43 71 15 39 70 35 31 49 9 18 92 26 96 2 87 21 26 82 100 35 12 80 37 70 56 55 66 44 17 49 15 39 74 13 29 56 67 92 77 61 22 17 6 97 87 98 63 87 47 90 35 16 0 93 97 91 22 63 32 48 58 2 95 18 67 24 60 26 99 46 36
 88 67 88 57 100 98 56 38 41 16 63 17 39 70 98 69 97 40 93 61 16 80 59 66 34 60 64 77 31 69 27 83 11 32 29 56 9 77 1 35 3 25 57 76 52 7 28 13 12 18 76 75 35 85 48 86 61 7 96 83 31 32 1 6 87 1 29 32 54 28 26 63 59 64 94 91 71 5 95 51 32 7 0 38 34 99 19 5 54 9 53 89 18 80 53 57 85 54 60 75
 40 42 6 16 5 4 86 47 68 68 79 27 90 15 68 88 88 60 59 1 81 86 7 47 58 57 96 37 5 33 40 40 72 90 11 8 56 82 50 17 84 36 85 12 72 11 5 3 39 99 12 90 43 52 18 9 27 35 39 17 68 11 51 20 49 38 90 24 34 58 4 51 5 51 52 63 100 17 58 70 25 3 62 0 51 24 71 47 1 14 2 9 98 26 62 98 42 86 10 5
 94 36 37 27 84 87 79 88 25 65 45 98 67 15 17 29 98 27 27 27 10 40 63 95 40 28 32 70 6 44 47 93 18 37 97 64 89 64 37 43 13 94 57 88 99 70 89 97 66 17 2 43 37 41 71 14 74 48 51 82 91 62 49 37 56 71 23 72 4 63 79 48 94 31 58 41 66 3 39 97 92 9 66 49 0 37 6 4 12 37 52 96 49 6 49 81 95 10 54 4
 35 25 2 45 92 14 52 43 46 54 44 68 32 81 67 86 25 7 20 51 72 69 12 48 32 47 7 99 46 24 16 72 94 55 49 73 48 61 94 15 80 27 4 93 14 85 23 68 9 64 61 3 95 26 84 14 44 72 35 11 83 65 92 48 27 40 72 7 23 1 68 85 84 27 74 19 37 1 6 9 35 78 1 76 63 0 78 7 3 61 21 4 23 84 0 21 15 89 81 71
 35 47 92 31 46 9 30 38 79 99 61 25 19 68 11 19 73 93 77 11 24 21 1 1 5 85 38 19 7 94 18 63 40 81 59 9 49 5 27 12 70 49 89 26 95 58 76 37 63 41 65 74 42 19 94 42 80 94 96 15 59 69 32 93 6 75 99 21 64 37 40 39 15 81 51 50 28 4 22 82 91 37 81 29 94 22 0 68 15 43 22 69 82 85 6 36 0 37 13 71
 16 57 37 1 81 51 97 39 42 63 25 3 83 29 45 69 25 78 72 29 39 67 32 8 40 76 15 94 82 42 33 30 39 48 82 56 19 79 58 23 31 16 86 15 13 72 10 57 86 95 57 81 45 34 82 71 47 14 90 58 2 81 64 92 44 15 53 50 66 38 49 23 16 12 68 94 100 12 17 82 15 68 95 53 96 93 32 0 50 78 58 90 3 1 48 54 23 77 29 66
 81 15 51 19 56 60 70 10 72 83 92 95 57 24 5 78 5 83 3 80 79 68 33 33 87 75 10 33 4 26 37 14 89 58 82 41 29 24 6 80 21 91 92 89 12 63 84 20 45 65 58 79 89 24 40 5 59 6 58 36 33 1 2 78 92 68 65 34 66 8 36 75 95 24 17 98 95 66 54 86 41 52 46 99 88 97 85 50 0 86 92 11 51 29 48 42 50 95 65 62
 50 50 24 9 50 6 89 98 63 74 15 53 44 16 100 40 99 56 97 21 3 96 43 15 36 97 41 7 95 100 84 45 46 94 79 18 97 37 66 9 51 12 26 21 14 53 44 51 5 76 97 49 99 34 22 24 70 99 1 16 23 16 24 29 33 74 94 44 70 46 51 47 5 44 20 1 22 64 20 8 68 42 91 86 63 39 57 22 14 0 59 44 83 19 85 71 51 83 6 63
 14 40 87 66 87 94 37 80 48 46 68 74 69 24 20 63 13 10 4 29 25 52 81 39 10 54 2 66 58 58 28 30 86 70 75 79 43 50 99 67 43 52 90 42 55 61 83 9 99 67 3 22 48 27 86 69 30 87 58 48 74 88 31 95 87 90 61 31 43 27 49 67 77 31 26 19 6 48 47 76 23 98 47 98 48 79 78 42 8 41 0 89 6 73 17 27 51 34 27 0
 1 11 75 56 31 23 61 81 38 19 10 90 76 1 88 72 65 40 55 45 32 63 3 41 8 97 39 72 14 65 4 40 67 21 93 8 26 52 85 100 22 39 100 22 70 77 99 75 6 22 15 67 69 15 37 29 49 88 68 74 89 61 91 74 2 19 27 57 95 88 16 47 54 96 51 24 54 84 54 79 68 5 11 91 4 96 31 10 89 56 11 0 64 51 98 62 33 5 9 83
 39 54 19 88 62 9 40 7 89 64 68 44 59 42 35 52 12 91 31 53 18 65 9 60 65 78 40 38 71 20 61 67 34 81 95 47 90 89 95 22 22 36 8 73 64 90 63 25 44 42 87 91 79 98 17 16 63 78 45 31 36 33 22 19 76 23 82 38 49 82 68 42 5 32 46 37 2 80 17 39 68 82 82 2 51 77 18 97 49 17 94 36 0 66 99 30 80 71 80 40
 31 63 30 91 94 56 30 25 72 80 35 66 62 94 7 10 93 10 81 32 54 44 61 94 65 41 41 6 78 45 82 65 18 22 91 28 58 50 32 64 12 75 91 24 14 90 60 91 6 23 8 45 84 67 54 10 29 46 43 85 37 63 17 86 40 76 93 26 72 31 95 1 33 50 63 18 74 10 36 5 35 33 20 74 94 16 15 99 71 81 27 49 34 0 90 39 74 77 19 50
 92 4 21 63 89 87 89 75 100 93 5 75 98 12 40 57 26 27 75 5 59 14 16 1 4 42 84 80 48 18 49 58 53 93 14 75 75 51 82 46 47 19 6 20 82 98 37 29 70 60 59 83 6 25 51 79 12 98 64 92 64 30 93 26 85 87 17 20 81 80 40 49 73 26 61 82 80 95 26 11 97 76 47 38 51 100 94 52 52 15 83 2 1 10 0 54 55 36 28 35
 70 21 12 54 99 22 97 88 67 49 21 91 76 41 51 23 84 44 26 22 2 66 92 11 78 61 58 2 44 77 22 3 49 60 99 54 95 65 67 23 11 61 55 4 66 87 73 90 28 12 76 50 46 54 63 54 45 65 3 22 37 93 10 86 70 1 24 91 59 76 14 20 55 84 6 31 98 82 93 59 94 40 43 2 19 79 64 46 58 29 73 38 70 61 46 0 22 98 65 10
 30 40 93 89 6 8 54 45 96 6 22 91 34 49 85 16 69 20 25 65 27 19 90 46 23 5 13 8 59 58 12 51 61 26 42 38 92 29 61 94 24 44 32 71 47 36 82 47 56 88 33 37 89 88 10 2 15 13 68 92 75 70 16 63 97 14 31 92 51 66 71 64 50 69 65 12 16 63 86 91 44 74 15 58 5 85 100 77 50 49 49 67 20 26 45 78 0 9 8 98
 43 54 16 49 28 56 74 35 1 37 2 21 32 70 66 74 80 97 6 82 63 79 54 97 44 46 87 88 48 65 73 48 4 16 31 42 87 6 34 21 16 38 12 14 68 58 61 95 35 39 20 55 50 53 80 12 95 95 65 67 1 83 92 56 8 67 67 15 68 7 46 74 36 87 63 73 17 31 63 37 61 1 46 14 90 11 63 23 5 17 66 95 29 23 64 2 91 0 65 30
 29 48 78 23 32 72 17 88 49 86 46 2 75 47 9 51 34 33 52 78 58 27 72 93 89 49 33 93 2 80 24 31 55 74 20 48 47 92 10 22 97 72 67 42 17 75 70 33 61 48 40 34 19 100 40 39 31 97 83 95 66 24 86 75 41 100 75 94 75 3 43 15 70 30 94 47 10 94 59 25 45 54 40 90 46 19 87 71 35 94 73 91 20 81 72 35 92 35 0 10
 51 50 57 64 12 57 68 65 14 73 25 40 43 11 25 59 65 46 98 11 48 35 73 37 50 85 52 100 64 6 81 78 78 77 34 36 73 57 48 49 1 81 99 68 64 92 20 4 61 11 31 37 3 67 30 71 10 51 6 18 68 51 28 78 34 36 89 90 99 50 80 56 9 6 61 9 53 75 64 32 7 64 25 95 96 29 29 34 38 37 100 17 60 50 65 90 2 70 90 0
