40

 0 71 36 33 35 75 60 25 82 0 47 22 89 98 14 90 26 53 32 23 83 73 42 24 18 75 8 54 12 73 80 91 57 38 55 52 98 52 1 39
 99 0 3 36 59 66 9 3 20 19 3 3 21 56 69 58 82 12 11 32 56 22 94 97 51 99 26 79 17 34 30 58 94 4 22 57 23 81 39 24
 92 79 0 47 57 87 72 87 24 12 82 28 24 21 92 93 90 73 42 79 77 43 95 0 49 4 44 43 91 84 5 94 81 90 33 24 98 10 77 92
 15 16 37 0 50 66 66 73 62 69 55 45 95 77 82 61 69 35 64 64 34 85 46 13 66 26 78 87 62 49 78 4 58 35 39 48 77 40 36 43
 33 63 35 89 0 82 7 36 17 51 71 30 95 46 34 18 6 36 23 29 42 54 1 20 99 83 57 82 67 66 1 23 34 98 47 22 67 22 94 94
 36 24 15 26 29 0 77 76 90 12 10 25 64 15 50 7 81 32 37 16 82 17 59 8 26 53 48 2 25 80 43 21 51 1 27 12 42 95 77 40
 30 38 89 10 41 14 0 91 84 30 10 91 62 63 60 20 61 26 13 53 50 49 50 97 88 90 66 61 27 94 6 50 43 44 2 64 87 71 85 11
 38 34 92 20 37 82 2 0 97 38 8 91 37 1 2 20 80 3 93 7 77 69 79 78 65 16 13 65 35 50 1 27 90 16 26 59 69 82 14 7
 43 22 51 6 27 6 52 70 0 14 61 31 37 87 18 30 57 86 82 45 43 63 77 43 63 73 49 54 4 67 36 10 23 21 78 16 36 39 66 29
 59 40 27 20 89 20 47 38 1 0 82 96 13 45 8 8 73 88 48 43 47 46 1 9 55 45 87 23 13 95 16 11 50 0 42 1 58 81 85 65
 71 12 4 12 91 78 58 94 20 89 0 35 73 70 23 84 70 76 59 66 83 3 7 61 35 63 83 84 16 98 12 24 37 86 54 41 11 96 37 24
 31 83 80 74 79 56 85 80 45 44 95 0 86 86 89 71 62 18 28 54 50 64 97 88 74 39 20 53 87 91 13 79 13 18 39 50 38 49 53 79
 39 83 46 67 10 97 94 66 3 56 18 29 0 84 28 74 31 53 26 18 7 98 53 21 68 80 22 72 26 59 95 1 54 35 51 19 43 41 84 74
 44 80 12 48 83 79 58 23 35 98 1 77 1 0 85 41 89 76 58 8 70 94 84 88 14 1 1 69 42 69 16 82 60 13 50 81 96 6 36 10
 97 37 7 29 0 70 38 24 13 15 0 75 24 54 0 70 11 74 14 35 6 35 43 9 11 85 60 14 31 90 48 53 81 95 46 45 43 48 53 18
 23 74 83 60 49 43 14 25 48 88 77 48 29 89 6 0 44 86 93 11 92 60 48 14 15 20 25 32 92 50 62 41 40 89 76 90 90 77 89 84
 73 95 53 96 93 28 58 75 45 61 11 17 30 0 92 65 0 29 81 35 74 50 8 21 3 39 36 34 18 87 23 64 99 35 73 51 41 94 3 68
 14 4 23 98 2 91 36 82 59 11 61 12 31 10 36 53 83 0 80 66 27 25 90 83 43 33 30 85 7 99 45 14 83 29 24 82 38 84 50 25
 10 43 96 77 1 90 81 1 71 28 48 90 18 5 78 65 53 45 0 20 81 64 60 0 46 13 10 7 53 61 28 19 99 34 58 86 58 97 64 10
 69 66 46 68 55 31 66 48 57 93 53 50 29 41 26 89 0 66 17 0 30 52 80 19 36 77 64 54 39 2 0 67 17 91 94 97 75 55 81 29
 3 89 34 83 84 1 45 51 40 73 47 45 91 90 11 83 64 54 42 31 0 82 23 90 86 77 10 21 12 39 49 96 32 45 94 60 42 8 30 93
 80 3 86 48 16 2 84 0 4 70 71 27 67 75 19 83 67 19 92 55 2 0 57 28 11 96 88 3 46 97 57 65 33 31 10 2 65 15 71 48
 64 98 27 10 57 35 43 53 96 20 12 84 87 75 60 38 29 37 39 93 87 21 0 90 44 8 61 35 68 49 7 13 60 52 99 71 10 26 93 96
 41 83 53 29 4 34 81 17 63 22 36 49 8 20 11 14 73 79 60 82 85 27 84 0 35 97 42 42 84 26 64 45 21 26 89 16 27 36 99 50
 92 90 85 32 11 65 67 42 75 33 98 44 68 38 24 35 7 37 74 92 39 91 89 28 0 69 54 71 62 71 50 52 24 55 14 3 65 1 73 29
 18 18 2 17 53 75 1 2 48 46 1 21 77 71 94 65 18 85 88 48 39 6 29 14 0 0 17 57 48 27 46 78 12 62 28 17 58 78 10 12
 64 20 38 17 71 56 76 33 80 54 19 55 76 6 53 61 90 39 7 70 33 24 4 3 89 48 0 65 48 78 9 74 31 48 39 34 8 4 76 24
 40 17 97 50 43 39 16 32 22 44 75 63 89 14 83 80 44 91 25 42 61 62 7 81 63 55 92 0 19 8 47 9 80 22 22 7 97 71 38 49
 94 55 74 64 28 72 81 22 62 60 93 69 64 85 49 78 78 12 13 33 9 31 42 78 60 76 99 21 0 46 17 36 42 10 99 61 8 92 73 64
 87 38 40 90 72 71 42 61 92 29 79 39 62 3 41 27 69 64 98 50 0 38 39 51 65 95 80 33 34 0 35 19 38 33 57 24 62 6 62 49
 44 34 64 7 38 34 13 93 99 76 97 45 81 95 96 51 5 3 22 49 99 62 49 67 97 28 41 90 83 77 0 36 25 47 94 15 16 10 16 36
 34 6 7 78 94 85 13 64 64 26 50 81 78 31 93 24 84 81 62 29 33 8 1 88 29 44 48 26 25 22 0 0 12 92 66 56 79 88 1 79
 64 96 69 10 36 97 15 10 50 38 95 30 64 68 99 71 19 65 61 5 10 79 92 59 11 3 2 57 31 13 54 69 0 32 30 39 91 13 58 60
 71 31 25 77 87 43 76 14 3 67 57 35 60 16 33 91 14 55 4 98 83 34 6 48 45 5 36 4 24 2 97 67 29 0 36 26 35 34 4 98
 27 53 50 95 1 92 89 36 95 61 15 2 9 67 19 74 89 5 72 54 26 91 33 15 65 49 7 23 90 94 27 22 43 68 0 13 54 36 9 93
 28 24 14 26 85 44 0 38 37 23 5 96 88 70 14 54 1 80 87 55 47 87 69 83 81 72 38 37 79 94 52 89 58 34 29 0 34 99 43 29
 96 73 56 61 6 23 89 97 81 22 87 18 46 99 49 33 98 85 41 8 3 27 97 2 89 24 85 32 20 84 10 91 51 61 43 7 0 57 74 86
 92 39 90 94 60 6 0 85 19 77 74 89 4 6 44 10 20 48 36 64 32 17 61 58 42 14 99 80 42 39 57 98 48 64 5 20 0 0 47 28
 98 18 65 0 73 38 37 89 87 21 86 79 2 54 3 31 55 8 17 84 23 11 51 21 97 89 14 7 66 32 28 38 21 84 49 48 56 56 0 60
 28 37 41 94 30 73 10 3 42 41 94 97 65 4 82 13 64 57 64 66 81 1 90 73 77 46 6 42 19 54 77 61 51 75 79 26 8 17 78 0
