50

 0 70 3 21 96 24 34 59 4 53 92 24 99 79 47 57 92 19 44 97 5 81 19 59 82 8 16 40 74 17 9 93 47 46 28 41 73 43 98 78 21 97 43 84 18 23 40 6 95 89
 47 0 88 4 14 95 29 40 22 58 23 81 50 95 60 5 30 98 33 76 40 25 67 48 35 7 70 53 12 67 28 95 1 24 32 26 62 7 45 21 13 86 89 77 18 85 13 79 31 17
 25 14 0 15 67 79 80 94 5 14 56 54 54 49 40 97 60 85 5 14 45 71 35 37 54 43 48 37 21 47 80 59 85 43 95 76 68 31 97 80 22 24 91 60 73 1 92 98 78 24
 84 35 29 0 7 25 33 35 16 4 65 32 80 80 93 16 22 25 1 81 26 37 62 14 18 49 68 18 17 57 56 44 42 33 97 36 48 86 61 55 80 31 17 63 40 72 36 51 73 0
 97 86 83 57 0 56 44 72 66 34 53 57 3 77 76 15 88 94 55 19 6 26 56 53 25 74 58 82 47 0 73 91 77 8 33 75 55 46 15 16 13 15 20 0 48 73 3 79 24 91
 82 97 37 89 3 0 54 61 42 61 34 10 54 71 0 86 98 6 6 18 65 9 15 8 67 9 53 32 26 69 77 13 26 82 75 29 7 33 19 83 22 24 92 19 53 86 30 20 97 51
 63 97 5 22 82 69 0 50 10 60 67 92 59 4 58 27 57 61 25 4 28 69 16 48 20 33 19 39 85 92 8 12 86 59 63 68 40 29 97 27 30 91 3 27 69 68 92 79 51 98
 58 46 79 92 12 83 42 0 62 24 65 10 80 56 36 43 25 2 49 57 73 68 86 97 43 24 28 83 13 87 54 90 25 71 86 72 0 54 72 16 88 20 89 98 57 41 24 27 8 47
 94 81 87 54 89 1 81 51 0 2 13 68 32 15 57 95 70 52 76 20 10 57 83 13 10 14 67 14 24 42 67 98 22 25 45 36 45 36 46 78 12 60 33 13 23 27 90 43 75 17
 8 42 93 58 32 83 11 65 99 0 76 26 0 94 13 55 18 47 85 60 91 80 76 20 76 14 51 19 33 56 62 93 44 84 87 72 79 55 84 87 24 36 39 87 85 18 61 23 2 11
 14 82 73 72 64 29 86 34 1 90 0 44 33 44 19 61 52 69 32 9 19 20 3 5 80 51 82 87 11 99 39 65 99 37 47 24 15 48 27 76 6 32 7 62 4 6 36 98 69 84
 24 76 57 1 77 18 8 31 3 8 79 0 41 58 80 63 9 96 30 28 41 73 86 87 30 63 89 32 21 21 98 93 35 99 43 49 37 55 5 48 15 20 12 48 38 43 17 61 75 46
 22 5 89 87 24 5 22 13 92 17 5 26 0 39 58 60 88 49 20 94 79 74 67 9 5 25 35 18 34 70 12 53 84 66 61 42 58 48 34 75 52 6 80 92 10 60 7 9 93 30
 39 41 11 58 39 57 11 57 94 66 63 29 58 0 52 0 55 75 19 14 57 99 24 36 36 6 80 19 19 85 63 31 27 52 49 75 28 2 49 46 90 82 1 22 82 3 3 5 93 25
 23 19 58 42 64 2 1 13 11 1 65 42 94 30 0 79 71 16 0 50 98 84 68 34 59 22 28 36 77 1 29 86 52 59 23 38 51 97 10 39 56 49 83 79 38 59 17 6 56 88
 54 1 64 40 3 15 58 73 59 47 73 34 41 1 89 0 62 17 55 4 16 75 58 78 37 28 15 11 55 38 49 76 45 51 4 78 77 4 92 67 28 16 97 23 36 18 36 68 78 25
 34 49 52 88 93 84 83 39 67 40 32 21 52 18 73 7 0 38 4 71 7 81 20 68 70 56 95 98 26 39 53 95 79 35 60 29 68 8 6 82 49 78 17 20 24 60 17 10 73 8
 74 35 71 31 60 13 94 2 96 90 25 66 20 13 83 78 77 0 21 17 92 6 99 86 9 25 78 10 54 60 41 39 20 17 18 47 57 99 56 92 31 73 58 32 20 43 60 38 28 54
 23 59 41 19 60 42 21 19 7 83 57 31 76 63 43 56 55 25 0 16 34 14 42 90 76 35 43 90 58 69 92 98 53 30 80 67 33 43 73 4 97 79 51 97 17 21 76 63 23 60
 41 12 8 36 53 76 20 50 24 18 51 14 60 49 1 8 54 27 36 0 39 52 69 55 91 25 50 22 20 46 47 59 1 46 32 92 53 29 49 60 71 2 38 13 44 97 0 39 92 23
 64 77 9 87 27 82 91 24 60 42 97 60 64 37 85 92 84 27 50 88 0 93 0 18 77 43 17 31 1 50 63 15 44 60 28 97 22 77 40 84 83 1 9 49 83 29 80 45 21 41
 70 42 63 89 97 40 53 82 1 98 91 80 10 82 30 59 74 99 81 15 4 0 61 54 38 91 59 59 73 68 62 48 94 93 10 47 86 31 34 29 96 72 72 96 79 77 21 84 30 36
 88 0 12 90 77 22 34 67 34 10 17 74 66 90 5 98 19 81 73 9 17 7 0 58 72 61 30 55 64 91 17 61 58 93 86 82 96 81 29 38 7 56 54 9 50 98 71 76 49 0
 77 69 92 33 54 58 11 90 93 23 24 39 26 62 39 6 90 70 29 89 61 19 84 0 33 39 60 2 19 8 39 67 76 55 2 1 50 52 7 88 47 35 93 95 23 9 3 72 78 60
 45 91 39 46 17 6 91 34 5 95 34 69 55 95 52 4 9 18 24 96 76 60 52 50 0 61 29 76 82 68 86 27 68 27 19 23 75 13 90 40 27 48 63 74 34 35 11 63 56 70
 31 60 86 33 99 13 15 12 29 52 57 70 76 16 80 50 86 75 31 15 76 5 38 98 75 0 39 96 16 55 38 8 26 69 71 51 55 55 72 48 55 62 53 44 41 59 73 31 10 13
 16 71 31 1 10 40 26 16 12 0 3 68 38 68 69 1 89 90 83 50 99 31 40 58 15 46 0 13 80 88 27 80 82 46 99 72 27 92 88 92 16 60 87 43 55 90 44 53 16 1
 31 65 31 86 18 35 67 42 38 71 54 46 87 20 20 12 70 79 90 53 29 85 96 50 59 53 75 0 33 73 35 38 74 1 70 95 80 61 80 49 49 66 59 30 17 17 10 44 22 36
 63 7 43 17 80 89 78 70 71 90 85 92 89 40 95 43 48 68 47 4 97 59 97 62 3 55 93 72 0 99 81 59 49 28 77 71 2 1 28 86 6 88 55 66 46 63 93 82 8 35
 45 81 97 38 7 75 58 66 19 94 22 82 74 2 28 69 50 25 83 14 75 78 70 92 86 50 45 15 69 0 44 23 55 0 95 50 39 47 70 0 46 89 18 59 55 15 3 4 29 41
 2 67 23 20 14 87 11 14 15 9 28 73 84 17 90 85 56 92 38 53 47 88 66 7 39 83 1 71 23 15 0 93 82 60 61 79 87 23 30 85 25 83 33 71 98 44 91 96 66 38
 45 1 94 22 29 13 49 90 64 35 15 9 54 99 68 92 16 96 96 24 50 22 81 23 12 94 37 55 58 95 70 0 7 8 94 42 54 15 41 2 35 11 42 66 85 65 69 99 67 76
 59 67 69 26 96 43 0 94 29 96 5 4 79 98 94 48 96 41 90 34 76 7 53 59 88 78 60 14 48 86 80 78 0 73 26 89 3 15 29 73 79 92 15 84 96 86 3 65 88 4
 24 18 92 22 8 70 95 4 93 88 18 95 41 9 77 67 39 65 6 5 46 53 83 0 73 59 32 16 18 24 30 73 34 0 83 23 41 22 64 23 88 1 5 12 73 22 87 31 33 71
 87 91 49 10 83 58 12 95 96 48 65 65 58 61 14 65 24 59 92 84 35 47 35 92 59 80 13 31 37 8 92 19 69 81 0 4 72 89 30 21 89 69 77 13 82 26 58 24 70 5
 4 85 85 75 2 9 64 0 10 98 10 65 73 66 85 64 0 82 41 96 38 92 98 6 60 91 18 69 25 85 27 61 51 41 82 0 15 37 88 72 72 65 4 98 24 41 92 93 11 19
 85 5 62 8 16 5 89 59 38 33 12 48 66 55 74 17 18 79 79 43 83 40 7 51 28 64 11 31 95 64 12 19 39 4 65 57 0 82 92 10 71 10 56 54 48 17 66 25 52 8
 11 53 98 4 35 98 81 8 76 12 38 49 60 98 2 44 81 28 78 75 6 82 47 18 84 9 95 15 77 74 60 65 4 54 16 13 32 0 93 68 65 85 1 31 26 10 75 65 8 75
 64 44 72 3 15 34 13 41 34 13 33 10 4 72 38 87 54 43 52 96 34 63 98 44 78 64 85 47 80 53 15 5 63 3 68 34 65 87 0 59 33 48 1 93 25 19 85 86 78 40
 93 64 99 34 13 4 1 69 68 55 39 22 53 10 33 58 24 6 77 30 98 35 17 88 92 83 18 33 30 84 93 66 81 29 39 11 20 38 70 0 60 47 94 11 59 28 59 57 61 64
 17 6 23 30 54 45 4 61 59 2 64 34 41 73 60 36 5 47 5 38 23 87 4 8 65 41 29 51 68 75 96 25 20 67 2 33 46 93 67 39 0 7 40 99 8 10 53 78 95 94
 14 18 13 0 30 81 66 13 59 21 95 47 72 38 91 29 77 95 83 86 31 89 72 38 68 24 93 98 56 33 94 55 75 27 88 24 57 44 81 76 69 0 46 83 49 42 35 40 51 60
 43 38 87 52 85 36 35 39 60 33 84 96 30 89 99 9 65 94 46 69 22 40 41 53 85 71 16 20 93 9 84 57 73 64 43 81 58 41 7 24 20 84 0 68 75 55 10 70 20 15
 26 47 89 19 98 80 51 13 94 92 88 13 52 15 60 68 39 40 65 61 36 7 4 0 30 77 24 84 10 0 45 37 7 23 66 22 18 99 84 56 50 85 61 0 39 61 90 24 69 93
 47 90 27 9 87 67 31 89 52 3 49 41 41 38 96 24 18 89 93 82 5 95 1 7 6 98 72 9 47 10 54 30 4 97 55 8 99 88 79 61 12 52 50 77 0 42 23 44 80 67
 45 2 0 41 89 26 43 65 47 2 16 74 12 27 23 21 93 5 12 48 62 45 9 60 47 40 41 88 83 61 49 3 86 1 25 90 54 12 68 13 83 34 57 60 13 0 65 49 33 93
 41 34 22 27 81 94 60 27 83 59 2 29 59 24 74 21 42 5 86 50 13 64 83 37 78 75 66 57 95 8 75 52 16 42 83 63 73 56 86 79 59 25 29 74 78 79 0 45 78 28
 93 3 50 12 49 25 77 50 51 94 66 15 28 41 1 9 10 38 7 65 60 10 33 7 31 22 86 59 3 12 68 28 62 20 9 35 91 70 45 0 28 47 93 33 9 63 22 0 69 72
 1 93 56 17 69 59 64 5 26 62 82 88 43 37 20 42 69 52 73 81 3 94 65 68 65 10 82 40 11 34 23 60 48 64 37 99 69 60 5 30 58 16 46 8 84 12 34 64 0 31
 60 76 90 76 43 17 44 77 11 5 12 68 41 41 53 45 39 43 86 86 75 94 40 81 75 55 83 16 65 61 66 33 7 82 22 36 91 78 48 93 39 97 91 10 49 26 57 61 32 0
