40

 0 84 93 86 65 4 10 58 17 50 49 46 34 34 16 20 66 50 4 62 15 89 74 28 34 93 31 20 75 30 40 30 88 3 31 25 95 9 78 0
 41 0 90 95 62 96 79 23 14 62 25 12 79 88 11 63 36 71 98 52 13 21 83 49 76 98 27 86 73 31 5 11 90 23 15 33 18 30 54 81
 28 60 0 68 43 90 76 20 49 58 54 40 10 72 9 57 86 46 79 42 35 86 63 93 62 33 43 95 44 71 80 25 42 23 50 78 91 40 41 96
 41 26 95 0 12 46 60 15 77 61 28 91 68 31 52 7 78 16 53 33 0 36 97 87 58 89 6 13 14 13 29 56 67 12 50 62 76 88 29 61
 4 16 54 9 0 13 41 9 12 72 31 6 58 93 59 16 50 86 91 34 43 34 30 53 53 4 64 93 97 6 72 16 75 33 82 20 63 21 7 64
 4 76 86 99 97 0 15 38 72 20 9 39 78 74 75 72 83 19 88 59 74 4 92 54 39 93 36 67 71 18 45 59 2 57 22 15 91 50 96 55
 4 0 56 13 67 8 0 11 5 9 2 57 25 32 88 71 84 48 54 11 90 22 55 37 81 72 58 5 94 94 39 51 58 65 83 37 94 16 25 66
 62 76 66 49 62 59 76 0 97 70 87 72 97 22 74 7 97 70 55 74 39 60 59 30 57 76 2 52 80 49 17 78 97 35 78 98 50 11 30 95
 90 45 1 53 35 25 35 91 0 36 18 86 52 30 31 69 77 89 53 12 73 81 57 49 59 78 63 89 60 80 61 57 84 85 99 48 92 90 39 67
 98 67 85 38 54 33 42 54 4 0 17 83 74 5 30 79 8 19 85 70 91 99 30 81 21 94 85 96 31 47 31 51 77 96 56 8 62 45 31 20
 91 9 8 52 15 74 4 67 15 36 0 9 77 58 16 50 10 46 46 29 76 28 75 45 49 74 19 77 17 14 72 36 15 18 97 82 9 80 1 86
 51 62 84 66 53 95 30 53 59 24 35 0 53 24 56 18 48 34 10 9 62 49 27 88 17 89 9 45 77 99 23 71 58 10 1 78 38 97 51 0
 89 54 75 38 55 2 30 9 13 93 70 13 0 61 69 26 43 27 80 98 73 99 23 82 79 90 83 32 67 12 9 44 15 48 98 73 76 48 84 88
 80 14 86 42 93 33 86 41 67 43 39 86 7 0 27 81 89 75 16 6 19 35 0 10 78 71 52 89 45 4 27 46 61 2 38 10 39 76 16 65
 29 91 97 0 59 53 38 27 19 60 80 34 53 3 0 18 41 13 18 92 64 55 65 53 39 21 81 77 12 43 26 33 42 35 68 68 90 68 8 0
 5 56 47 60 66 67 57 94 3 9 60 49 64 63 50 0 75 51 42 5 16 43 45 91 18 74 23 50 8 95 7 95 49 95 2 88 53 1 8 24
 25 16 4 17 39 21 44 81 65 29 79 80 62 11 90 14 0 94 37 87 70 92 18 75 70 99 8 51 71 78 5 91 46 9 16 48 87 91 6 36
 27 42 10 52 17 9 43 46 85 60 26 24 98 19 19 1 56 0 97 54 47 1 17 38 55 11 75 21 91 26 67 75 53 57 30 84 94 27 90 91
 2 59 84 1 25 58 54 84 85 60 5 66 85 57 20 56 0 7 0 2 23 23 41 11 69 35 9 79 96 28 52 41 48 22 32 8 52 65 92 27
 27 44 13 97 57 76 24 18 14 10 83 65 53 93 29 24 56 89 42 0 76 46 11 49 64 79 78 65 0 53 90 37 61 10 36 31 85 22 71 75
 23 10 2 19 35 28 87 80 30 71 29 42 66 53 71 32 4 95 60 93 0 35 9 42 84 29 77 19 3 0 32 61 67 86 84 33 14 83 13 53
 76 95 65 43 14 75 32 50 84 96 31 69 80 33 17 41 82 45 11 15 12 0 5 66 62 64 24 2 33 29 91 93 52 10 46 4 28 25 0 76
 29 92 89 24 6 6 99 60 75 25 41 89 92 63 1 75 70 88 86 26 80 12 0 95 63 11 55 80 20 69 58 67 98 23 77 61 21 89 43 45
 11 27 55 13 95 19 78 50 34 38 48 90 6 38 84 47 13 54 61 77 47 61 71 0 90 16 83 88 99 69 67 88 57 8 52 15 6 72 28 0
 56 9 28 18 98 82 94 3 49 51 44 54 23 39 80 92 51 21 7 74 52 50 37 27 0 88 73 44 42 81 12 15 36 56 62 92 79 25 24 53
 56 8 34 0 19 83 12 60 4 70 22 63 36 72 93 16 1 21 61 87 14 86 18 85 54 0 45 48 73 59 78 83 19 74 57 75 26 99 18 65
 86 26 56 78 86 11 59 62 35 69 11 4 51 34 57 37 37 71 37 70 64 36 7 80 34 0 0 1 89 34 58 12 69 87 50 49 74 57 1 57
 54 88 11 99 84 14 40 40 22 13 53 21 64 94 83 35 59 11 56 22 11 20 31 54 20 19 32 0 46 13 27 29 0 56 66 59 21 83 60 55
 10 69 82 82 42 63 77 13 29 31 84 23 87 92 49 84 80 38 74 4 39 60 77 60 45 52 61 82 0 69 86 47 30 34 78 21 39 45 10 67
 56 63 95 74 79 74 14 73 70 81 9 14 96 59 48 6 86 14 47 21 48 35 93 44 92 33 70 36 51 0 35 60 24 92 6 98 32 89 92 67
 79 52 98 98 75 2 39 49 20 15 41 49 3 74 95 32 16 27 56 78 7 0 9 18 82 7 73 47 63 21 0 56 90 25 84 1 39 91 92 26
 2 43 75 60 29 2 98 45 86 38 85 46 20 47 32 69 97 52 34 55 1 58 24 74 33 85 2 29 20 74 19 0 44 86 5 4 99 93 33 58
 48 33 91 26 79 63 58 28 19 13 60 85 53 56 64 24 42 26 24 77 26 30 22 76 7 29 93 95 4 20 29 5 0 92 96 64 42 7 20 20
 43 97 66 12 38 16 60 58 26 92 50 34 88 9 69 41 58 44 82 52 68 1 80 13 58 81 45 45 75 83 78 81 32 0 0 55 1 56 5 8
 5 6 65 54 75 22 84 56 98 31 13 14 73 92 89 24 26 51 90 66 31 47 69 18 18 65 28 23 46 97 39 70 80 31 0 78 75 79 9 60
 82 44 11 30 62 23 2 7 90 13 14 79 17 38 16 91 61 42 76 57 24 21 42 28 90 44 88 31 89 76 90 62 56 22 71 0 99 60 39 54
 48 31 3 89 12 28 52 98 17 43 5 30 53 35 84 82 4 42 97 81 12 14 37 2 81 33 84 99 37 26 61 96 45 24 88 80 0 70 95 22
 89 42 87 65 25 51 74 76 38 5 69 28 18 16 23 61 80 51 90 89 66 97 5 80 17 22 68 69 59 22 4 31 46 67 58 42 72 0 30 82
 45 70 92 95 35 54 60 70 9 6 97 23 96 7 65 22 38 21 38 92 8 46 96 78 56 66 17 8 73 44 94 12 67 22 5 92 12 91 0 72
 65 26 99 37 26 72 69 8 34 39 83 33 56 51 75 19 51 29 1 88 17 56 80 57 65 88 57 83 40 8 90 5 66 3 49 18 61 5 54 0
