50

 0 91 85 43 19 89 18 27 4 77 4 90 67 68 73 75 23 27 28 84 35 74 3 0 80 57 60 80 84 24 24 23 88 73 66 22 70 27 12 35 26 51 56 57 69 88 13 7 1 19
 9 0 21 21 37 80 29 5 28 30 16 57 70 20 33 62 19 32 80 19 92 58 35 5 47 65 21 51 50 98 35 3 84 20 60 34 55 52 74 42 69 50 10 46 7 75 85 33 70 47
 15 79 0 96 56 5 46 42 75 6 92 26 63 40 88 34 76 68 10 88 32 40 4 78 17 2 66 43 30 97 90 66 84 86 34 53 51 49 74 84 69 7 39 41 66 3 19 87 67 87
 57 79 4 0 63 15 77 98 98 30 26 95 15 61 81 35 72 94 77 43 57 5 88 7 63 86 89 80 1 72 84 61 39 80 15 41 38 95 12 67 86 88 50 72 84 74 84 62 94 50
 81 63 44 37 0 87 33 34 32 36 24 61 63 12 66 33 55 50 88 82 64 91 23 37 2 78 1 17 9 94 73 7 77 91 69 72 45 16 31 35 54 4 58 96 79 2 45 10 40 21
 11 20 95 85 13 0 49 20 91 74 2 66 5 19 10 88 97 49 48 94 17 9 38 68 97 81 98 52 80 73 36 35 66 13 88 88 77 63 8 96 45 98 22 83 62 5 9 96 63 92
 82 71 54 23 67 51 0 44 98 65 92 39 66 28 2 47 41 94 68 32 3 20 20 76 73 5 14 71 95 73 16 65 24 45 85 65 31 25 42 97 23 94 16 95 6 14 87 18 64 86
 73 95 58 2 66 80 56 0 93 9 17 23 11 59 0 37 77 35 24 35 86 86 68 61 90 56 33 52 76 28 90 68 36 38 9 42 78 18 74 74 29 11 79 15 99 31 33 11 75 82
 96 72 25 2 68 9 2 7 0 60 79 4 35 92 65 45 48 3 7 66 27 13 45 49 24 89 43 69 34 39 32 31 26 55 33 18 73 9 31 19 9 55 99 59 1 37 63 2 0 14
 23 70 94 70 64 26 35 91 40 0 9 82 95 79 93 20 22 45 10 42 16 42 71 33 39 9 10 66 4 19 89 46 21 34 52 96 2 72 7 28 18 13 42 78 98 39 8 36 79 74
 96 84 8 74 76 98 8 83 21 91 0 50 28 74 31 62 78 99 8 11 49 95 54 76 97 78 51 62 75 64 19 94 43 84 54 84 82 77 66 13 82 51 41 16 38 15 78 57 47 65
 10 43 74 5 39 34 61 77 96 18 50 0 82 66 22 73 31 39 35 49 3 92 9 74 92 97 20 53 87 25 44 43 59 48 82 88 10 63 5 99 52 40 79 61 72 14 21 96 79 2
 33 30 37 85 37 95 34 89 65 5 72 18 0 81 40 83 89 82 14 11 9 70 15 78 42 6 63 14 70 47 65 41 80 0 75 51 7 96 88 50 23 43 11 30 12 5 78 60 93 97
 32 80 60 39 88 81 72 41 8 21 26 34 19 0 38 50 39 79 94 59 8 47 13 74 33 13 13 26 42 23 85 43 13 85 54 27 8 92 30 35 32 70 41 55 23 30 35 41 70 76
 27 67 12 19 34 90 98 100 35 7 69 78 60 62 0 8 36 24 12 19 9 32 28 38 73 78 9 34 65 40 0 98 10 8 40 56 97 7 41 51 87 41 35 11 68 7 43 56 57 67
 25 38 66 65 67 12 53 63 55 80 38 27 17 50 92 0 90 93 3 65 88 32 5 31 54 39 6 53 85 66 14 42 48 12 80 50 34 68 92 65 94 73 90 64 80 87 70 90 91 56
 77 81 24 28 45 3 59 23 52 78 22 69 11 61 64 10 0 45 54 87 33 27 59 93 1 23 2 55 45 95 49 78 1 89 29 6 21 16 61 61 46 94 67 71 23 43 49 60 25 25
 73 68 32 6 50 51 6 65 97 55 1 61 18 21 76 7 55 0 52 97 35 13 47 72 69 45 81 20 60 97 65 12 2 17 15 33 2 70 27 1 61 71 26 20 51 1 18 10 91 60
 72 20 90 23 12 52 32 76 93 90 92 65 86 6 88 97 46 48 0 30 83 36 10 73 76 34 18 99 67 13 87 77 48 42 73 98 15 66 5 8 96 44 42 76 22 72 7 19 81 31
 16 81 12 57 18 6 68 65 34 58 89 51 89 41 81 35 13 3 70 0 38 88 11 70 75 43 55 81 52 84 32 69 96 71 50 65 70 41 2 29 14 46 42 93 74 67 61 22 7 35
 65 8 68 43 36 83 97 14 73 84 51 97 91 92 91 12 67 65 17 62 0 94 97 9 47 56 56 93 26 41 17 21 18 39 63 87 73 10 63 16 10 47 91 75 49 59 8 23 41 47
 26 42 60 95 9 91 80 14 87 58 5 8 30 53 68 68 73 87 64 12 6 0 29 35 56 52 56 82 98 29 50 75 53 70 26 78 17 74 51 65 95 4 81 35 13 47 13 49 36 48
 97 65 96 12 77 62 80 32 55 29 46 91 85 87 72 95 41 53 90 89 3 71 0 54 59 19 78 15 72 9 59 94 82 76 74 12 63 22 16 81 20 82 27 47 11 52 3 18 65 87
 100 95 22 93 63 32 24 39 51 67 24 26 22 26 62 69 7 28 27 30 91 65 46 0 34 96 86 71 1 97 45 44 85 17 97 32 35 58 81 43 89 43 34 63 5 3 56 34 75 22
 20 53 83 37 98 3 27 10 76 61 3 8 58 67 27 46 99 31 24 25 53 44 41 66 0 97 39 72 62 1 55 16 88 27 85 6 2 68 97 74 59 44 62 8 62 47 34 72 80 70
 43 35 98 14 22 19 95 44 11 91 22 3 94 87 22 61 77 55 66 57 44 48 81 4 3 0 44 87 56 53 97 47 62 10 5 76 97 68 83 86 72 3 66 60 8 5 86 77 99 14
 40 79 34 11 99 2 86 67 57 90 49 80 37 87 91 94 98 19 82 45 44 44 22 14 61 56 0 99 9 0 32 82 32 90 31 76 50 53 12 81 18 90 33 78 48 31 53 94 87 35
 20 49 57 20 83 48 29 48 31 34 38 47 86 74 66 47 45 80 1 19 7 18 85 29 28 13 1 0 63 62 25 90 74 25 38 48 10 18 21 61 63 26 4 16 53 45 34 99 37 37
 16 50 70 99 91 20 5 24 66 96 25 13 30 58 35 15 55 40 33 48 74 2 28 99 38 44 91 37 0 30 57 55 89 41 34 41 93 60 75 38 81 53 25 93 21 87 77 42 87 73
 76 2 3 28 6 27 27 72 61 81 36 75 53 77 60 34 5 3 87 16 59 71 91 3 99 47 100 38 70 0 19 18 48 38 86 77 46 8 27 54 52 68 39 49 51 2 9 98 94 88
 76 65 10 16 27 64 84 10 68 11 81 56 35 15 100 86 51 35 13 68 83 50 41 55 45 3 68 75 43 81 0 35 3 34 16 0 27 97 89 48 14 81 80 33 21 7 22 0 79 23
 77 97 34 39 93 65 35 32 69 54 6 57 59 57 2 58 22 88 23 31 79 25 6 56 84 53 18 10 45 82 65 0 53 2 74 52 87 63 47 96 34 54 23 12 17 81 38 66 28 61
 12 16 16 61 23 34 76 64 74 79 57 41 20 87 90 52 99 98 52 4 82 47 18 15 12 38 68 26 11 52 97 47 0 9 78 4 64 6 54 22 47 61 60 70 70 50 2 91 92 92
 27 80 14 20 9 87 55 62 45 66 16 52 100 15 92 88 11 83 58 29 61 30 24 83 73 90 10 75 59 62 66 98 91 0 25 5 17 79 37 91 40 10 31 32 37 96 74 45 51 3
 34 40 66 85 31 12 15 91 67 48 46 18 25 46 60 20 71 85 27 50 37 74 26 3 15 95 69 62 66 14 84 26 22 75 0 9 15 46 46 4 37 33 63 87 11 95 32 75 5 65
 78 66 47 59 28 12 35 58 82 4 16 12 49 73 44 50 94 67 2 35 13 22 88 68 94 24 24 52 59 23 100 48 96 95 91 0 69 21 0 95 75 90 55 79 12 34 63 60 31 89
 30 45 49 62 55 23 69 22 27 98 18 90 93 92 3 66 79 98 85 30 27 83 37 65 98 3 50 90 7 54 73 13 36 83 85 31 0 78 88 92 10 51 3 14 58 42 72 56 2 88
 73 48 51 5 84 37 75 82 91 28 23 37 4 8 93 32 84 30 34 59 90 26 78 42 32 32 47 82 40 92 3 37 94 21 54 79 22 0 25 10 53 20 38 51 6 83 90 7 61 70
 88 26 26 88 69 92 58 26 69 93 34 95 12 70 59 8 39 73 95 98 37 49 84 19 3 17 88 79 25 73 11 53 46 63 54 100 12 75 0 2 35 6 8 49 15 68 76 92 39 8
 65 58 16 33 65 4 3 26 81 72 87 1 50 65 49 35 39 99 92 71 84 35 19 57 26 14 19 39 62 46 52 4 78 9 96 5 8 90 98 0 15 20 95 17 48 16 26 50 47 94
 74 31 31 14 46 55 77 71 91 82 18 48 77 68 13 6 54 39 4 86 90 5 80 11 41 28 82 37 19 48 86 66 53 60 63 25 90 47 65 85 0 45 35 8 65 83 54 66 2 45
 49 50 93 12 96 2 6 89 45 87 49 60 57 30 59 27 6 29 56 54 53 96 18 57 56 97 10 74 47 32 19 46 39 90 67 10 49 80 94 80 55 0 60 41 85 35 93 58 87 10
 44 90 61 50 42 78 84 21 1 58 59 21 89 59 65 10 33 74 58 58 9 19 73 66 38 34 67 96 75 61 20 77 40 69 37 45 97 62 92 5 65 40 0 10 36 96 68 15 95 69
 43 54 59 28 4 17 5 85 41 22 84 39 70 45 89 36 29 80 24 7 25 65 53 37 92 40 22 84 7 51 67 88 30 68 13 21 86 49 51 83 92 59 90 0 33 64 13 38 86 57
 31 93 34 16 21 38 94 1 99 2 62 28 88 77 32 20 77 49 78 26 51 87 89 95 38 92 52 47 79 49 79 83 30 63 89 88 42 94 85 52 35 15 64 67 0 55 76 42 47 41
 12 25 97 26 98 95 86 69 63 61 85 86 95 70 93 13 57 99 28 33 41 53 48 97 53 95 69 55 13 98 93 19 50 4 5 66 58 17 32 84 17 65 4 36 45 0 48 37 13 81
 87 15 81 16 55 91 13 67 37 92 22 79 22 65 57 30 51 82 93 39 92 87 97 44 66 14 47 66 23 91 78 62 98 26 68 37 28 10 24 74 46 7 32 87 24 52 0 42 26 82
 93 67 13 38 90 4 82 89 98 64 43 4 40 59 44 10 40 90 81 78 77 51 82 66 28 23 6 1 58 2 100 34 9 55 25 40 44 93 8 50 34 42 85 62 58 63 58 0 56 76
 99 30 33 6 60 37 36 25 100 21 53 21 7 30 43 9 75 9 19 93 59 64 35 25 20 1 13 63 13 6 21 72 8 49 95 69 98 39 61 53 98 13 5 14 53 87 74 44 0 35
 81 53 13 50 79 8 14 18 86 26 35 98 3 24 33 44 75 40 69 65 53 52 13 78 30 86 65 63 27 12 77 39 8 97 35 11 12 30 92 6 55 90 31 43 59 19 18 24 65 0
