50

 0 84 50 63 26 92 43 59 62 90 89 91 83 27 93 8 73 50 41 15 77 65 56 53 81 3 57 70 68 5 83 23 86 15 4 22 35 62 50 12 51 84 46 42 52 40 54 95 74 77
 16 0 87 35 64 15 37 41 69 44 14 41 5 34 67 52 80 81 48 12 69 57 76 28 50 61 53 63 0 48 99 89 97 74 43 3 66 82 15 6 84 52 94 68 21 46 14 21 6 34
 50 13 0 21 83 28 37 14 17 34 80 61 63 41 26 49 25 33 44 8 91 30 51 92 26 93 76 33 56 16 72 44 13 55 14 19 51 70 70 19 22 61 81 72 65 25 65 94 33 19
 37 65 79 0 21 65 36 62 55 39 75 58 29 49 43 1 30 91 27 89 92 47 81 25 59 76 43 67 73 58 17 64 75 93 72 62 13 88 84 72 35 61 54 19 19 66 85 6 6 19
 74 36 17 79 0 35 53 72 15 41 38 40 72 43 30 88 73 77 93 55 99 50 74 30 21 42 57 69 71 26 66 31 19 46 14 82 10 78 29 41 78 72 32 39 77 83 69 95 17 70
 8 85 72 35 65 0 9 2 10 83 78 76 0 82 60 24 58 80 57 43 90 90 89 26 32 86 18 3 50 2 57 45 56 49 77 56 94 9 65 26 49 17 90 68 13 79 0 13 62 41
 57 63 63 64 47 91 0 32 90 22 41 56 53 79 26 23 62 68 29 71 77 87 74 46 25 79 92 81 84 27 95 87 78 59 38 52 60 95 21 22 71 88 94 69 17 19 83 26 29 46
 41 59 86 38 28 98 68 0 84 40 33 79 89 5 47 67 25 40 56 1 47 9 78 81 58 19 8 6 70 12 57 66 77 74 87 21 39 3 74 2 29 69 52 6 29 62 72 33 4 7
 38 31 83 45 85 90 10 16 0 42 92 88 79 68 70 61 81 40 68 16 64 7 35 37 47 20 60 96 43 7 15 49 88 93 47 58 45 31 35 47 5 47 59 37 17 37 56 77 25 38
 10 56 66 61 59 17 78 60 58 0 90 23 21 63 50 31 39 62 74 88 70 72 69 4 1 31 39 4 71 31 15 1 22 26 84 41 44 84 52 8 74 96 42 81 53 26 97 89 89 78
 11 86 20 25 62 22 59 67 8 10 0 89 83 1 70 26 7 81 87 29 5 59 99 62 46 37 12 27 30 22 9 66 38 42 34 57 65 33 90 15 26 31 98 6 59 44 24 62 0 76
 9 59 39 42 60 24 44 21 12 77 11 0 7 95 75 78 23 50 32 36 55 10 15 83 21 15 3 11 37 9 65 85 39 25 13 91 89 84 62 1 17 60 59 48 75 54 10 69 31 97
 17 95 37 71 28 100 47 11 21 79 17 93 0 69 58 49 86 49 85 96 91 99 55 72 90 23 42 93 12 44 78 92 50 86 25 95 2 14 38 22 82 84 31 86 81 75 27 32 9 86
 73 66 59 51 57 18 21 95 32 37 99 5 31 0 98 39 93 63 93 23 46 95 86 32 2 21 79 84 26 74 70 50 8 92 57 38 42 82 69 4 93 73 73 48 41 63 23 33 63 12
 7 33 74 57 70 40 74 53 30 50 30 25 42 2 0 41 65 17 21 17 1 99 80 99 2 43 80 35 40 98 20 56 65 44 90 30 89 40 89 85 19 88 46 16 75 27 55 19 79 2
 92 48 51 99 12 76 77 33 39 69 74 22 51 61 59 0 85 32 60 19 85 40 24 33 92 30 7 19 20 42 12 11 40 71 52 2 16 34 31 71 50 77 86 74 75 55 76 95 65 60
 27 20 75 70 27 42 38 75 19 61 93 77 14 7 35 15 0 84 21 1 19 7 79 27 12 48 18 23 69 79 91 4 69 37 23 94 27 47 50 70 32 52 97 3 59 55 75 14 70 54
 50 19 67 9 23 20 32 60 60 38 19 50 51 37 83 68 16 0 92 45 84 25 29 26 17 55 12 71 39 68 57 88 54 52 22 86 87 68 69 32 69 74 93 30 33 43 14 75 49 42
 59 52 56 73 7 43 71 44 32 26 13 68 15 7 79 40 79 8 0 7 89 6 19 71 54 42 82 37 10 67 54 14 17 58 31 0 77 0 62 35 41 40 54 80 98 50 94 98 98 24
 85 88 92 11 45 57 29 99 84 12 71 64 4 77 83 81 99 55 93 0 18 10 15 55 59 45 34 48 91 52 58 57 92 8 72 6 38 89 18 68 31 0 18 19 77 33 91 14 40 57
 23 31 9 8 1 10 23 53 36 30 95 45 9 54 99 15 81 16 11 82 0 0 2 73 63 58 27 29 89 98 38 63 63 21 60 95 27 55 87 92 16 51 93 85 3 85 72 71 80 37
 35 43 70 53 50 10 13 91 93 28 41 90 1 5 1 60 93 75 94 90 100 0 81 90 45 80 77 35 48 78 74 62 87 90 50 21 79 50 62 7 96 49 71 93 33 67 35 79 35 11
 44 24 49 19 26 11 26 22 65 31 1 85 45 14 20 76 21 71 81 85 98 19 0 45 33 63 91 97 75 15 37 96 22 11 78 4 41 80 61 73 8 54 97 23 96 16 13 90 32 90
 47 72 8 75 70 74 54 19 63 96 38 17 28 68 1 67 73 74 29 45 27 10 55 0 83 97 2 92 57 22 71 16 97 63 84 58 72 52 21 68 87 58 15 21 51 43 71 10 41 58
 19 50 74 41 79 68 75 42 53 99 54 79 10 98 98 8 88 83 46 41 37 55 67 17 0 66 16 72 1 28 25 38 89 15 71 7 84 61 57 56 24 55 10 67 24 71 78 92 66 2
 97 39 7 24 58 14 21 81 80 69 63 85 77 79 57 70 52 45 58 55 42 20 37 3 34 0 26 5 57 68 60 23 33 84 44 95 51 21 83 4 90 5 40 75 43 24 3 44 36 72
 43 47 24 57 43 82 8 92 40 61 88 97 58 21 20 93 82 88 18 66 73 23 9 98 84 74 0 64 59 77 32 22 99 30 72 96 29 69 37 72 5 70 84 81 7 87 9 50 30 99
 30 37 67 33 31 97 19 94 4 96 73 89 7 16 65 81 77 29 63 52 71 65 3 8 28 95 36 0 6 49 49 66 66 96 50 2 48 0 18 98 94 38 16 18 6 56 68 13 51 3
 32 100 44 27 29 50 16 30 57 29 70 63 88 74 60 80 31 61 90 9 11 52 25 43 99 43 41 94 0 85 41 96 51 84 47 37 41 26 98 90 37 59 27 58 41 92 36 19 34 64
 95 52 84 42 74 98 73 88 93 69 78 91 56 26 2 58 21 32 33 48 2 22 85 78 72 32 23 51 15 0 49 45 19 17 65 16 65 78 79 66 79 82 79 25 36 1 58 1 16 47
 17 1 28 83 34 43 5 43 85 85 91 35 22 30 80 88 9 43 46 42 62 26 63 29 75 40 68 51 59 51 0 68 84 76 31 79 4 81 50 44 98 97 8 17 10 86 10 66 41 93
 77 11 56 36 69 55 13 34 51 99 34 15 8 50 44 89 96 12 86 43 37 38 4 84 62 77 78 34 4 55 32 0 61 58 60 34 15 93 55 20 4 95 11 23 20 44 74 91 41 8
 14 3 87 25 81 44 22 23 12 78 62 61 50 92 35 60 31 46 83 8 37 13 78 3 11 67 1 34 49 81 16 39 0 37 20 33 56 21 2 56 79 25 28 95 93 52 3 50 25 73
 85 26 45 7 54 51 41 26 7 74 58 75 14 8 56 29 63 48 42 92 79 10 89 37 85 16 70 4 16 83 24 42 63 0 3 0 65 10 10 45 89 18 63 52 38 26 70 19 13 65
 96 57 86 28 86 23 62 13 53 16 66 87 75 43 10 48 77 78 69 28 40 50 22 16 29 56 28 50 53 35 69 40 80 97 0 51 8 47 68 78 43 53 0 84 31 77 22 63 71 66
 78 97 81 38 18 44 48 79 42 59 43 9 5 62 70 98 6 14 100 94 5 79 96 42 93 5 4 98 63 84 21 66 67 100 49 0 63 2 5 99 16 57 7 56 41 6 32 88 74 56
 65 34 49 87 90 6 40 61 55 56 35 11 98 58 11 84 73 13 23 62 73 21 59 28 16 49 71 52 59 35 96 85 44 35 92 37 0 87 48 64 92 90 7 8 15 9 60 81 65 18
 38 18 30 12 22 91 5 97 69 16 67 16 86 18 60 66 53 32 100 11 45 50 20 48 39 79 31 100 74 22 19 7 79 90 53 98 13 0 60 75 91 9 98 86 97 3 70 9 32 17
 50 85 30 16 71 35 79 26 65 48 10 38 62 31 11 69 50 31 38 82 13 38 39 79 43 17 63 82 2 21 50 45 98 90 32 95 52 40 0 48 25 73 57 93 77 81 47 62 46 94
 88 94 81 28 59 74 78 98 53 92 85 99 78 96 15 29 30 68 65 32 8 93 27 32 44 96 28 2 10 34 56 80 44 55 22 1 36 25 52 0 87 46 23 51 25 90 93 15 19 5
 49 16 78 65 22 51 29 71 95 26 74 83 18 7 81 50 68 31 59 69 84 4 92 13 76 10 95 6 63 21 2 96 21 11 57 84 8 9 75 13 0 94 20 97 57 38 29 94 98 75
 16 48 39 39 28 83 12 31 53 4 69 40 16 27 12 23 48 26 60 100 49 51 46 42 45 95 30 62 41 18 3 5 75 82 47 43 10 91 27 54 6 0 38 22 77 42 94 16 93 88
 54 6 19 46 68 10 6 48 41 58 2 41 69 27 54 14 3 7 46 82 7 29 3 85 90 60 16 84 73 21 92 89 72 37 100 93 93 2 43 77 80 62 0 74 2 48 23 61 40 87
 58 32 28 81 61 32 31 94 63 19 94 52 14 52 84 26 97 70 20 81 15 7 77 79 33 25 19 82 42 75 83 77 5 48 16 44 92 14 7 49 3 78 26 0 77 26 14 20 9 15
 48 79 35 81 23 87 83 71 83 47 41 25 19 59 25 25 41 67 2 23 97 67 4 49 76 57 93 94 59 64 90 80 7 62 69 59 85 3 23 75 43 23 98 23 0 57 5 33 92 48
 60 54 75 34 17 21 81 38 63 74 56 46 25 37 73 45 45 57 50 67 15 33 84 57 29 76 13 44 8 99 14 56 48 74 23 94 91 97 19 10 62 58 52 74 43 0 25 89 86 66
 46 86 35 15 31 100 17 28 44 3 76 90 73 77 45 24 25 86 6 9 28 65 87 29 22 97 91 32 64 42 90 26 97 30 78 68 40 30 53 7 71 6 77 86 95 75 0 38 40 86
 5 79 6 94 5 87 74 67 23 11 38 31 68 67 81 5 86 25 2 86 29 21 10 90 8 56 50 87 81 99 34 9 50 81 37 12 19 91 38 85 6 84 39 80 67 11 62 0 8 18
 26 94 67 94 83 38 71 96 75 11 100 69 91 37 21 35 30 51 2 60 20 65 68 59 34 64 70 49 66 84 59 59 75 87 29 26 35 68 54 81 2 7 60 91 8 14 60 92 0 72
 23 66 81 81 30 59 54 93 62 22 24 3 14 88 98 40 46 58 76 43 63 89 10 42 98 28 1 97 36 53 7 92 27 35 34 44 82 83 6 95 25 12 13 85 52 34 14 82 28 0
