50

 0 59 77 50 76 96 41 76 37 24 39 40 51 92 29 66 75 23 28 74 98 47 20 44 92 78 80 33 63 7 22 89 88 19 53 88 83 0 27 97 55 76 84 73 61 16 73 11 57 54
 41 0 53 66 23 99 15 0 34 99 94 62 26 28 87 31 54 78 8 58 84 60 38 78 89 44 8 61 6 91 28 70 65 53 58 74 73 99 31 35 40 82 28 81 61 4 54 34 17 32
 23 47 0 59 9 45 47 4 20 97 65 73 95 99 65 89 14 3 34 85 89 87 42 8 3 6 74 79 6 40 42 63 29 65 50 35 28 67 97 76 8 16 15 50 90 5 69 69 99 40
 50 34 41 0 61 35 96 56 3 67 24 80 60 1 73 79 16 85 50 89 12 49 25 57 29 5 8 40 35 83 20 89 84 87 1 33 6 44 38 74 77 51 65 2 57 57 36 7 70 68
 24 77 91 39 0 29 80 97 23 10 26 93 18 17 8 6 43 56 95 66 65 52 68 62 72 47 43 98 78 60 94 37 92 32 97 60 82 57 52 89 11 7 46 55 77 42 40 2 8 88
 4 1 55 65 71 0 85 87 48 67 6 76 80 24 16 63 0 92 99 97 47 34 1 63 72 0 93 75 20 40 64 70 40 50 52 93 95 57 14 92 55 4 13 97 9 25 25 82 68 34
 59 85 53 4 20 15 0 56 15 89 14 42 64 74 34 3 51 16 59 27 57 97 63 36 76 11 94 64 71 26 20 48 62 27 61 35 7 20 89 64 12 5 74 51 91 36 19 30 25 19
 24 100 96 44 3 13 44 0 70 36 92 10 60 15 97 35 47 59 38 21 23 26 66 33 54 84 71 20 62 31 19 5 76 65 31 28 60 39 18 30 69 31 55 59 29 87 95 36 26 1
 63 66 80 97 77 52 85 30 0 12 97 7 21 31 52 44 70 32 47 35 85 27 22 73 34 82 96 91 31 59 19 85 45 21 5 95 31 20 93 51 39 37 5 1 70 54 45 69 13 0
 76 1 3 33 90 33 11 64 88 0 88 21 47 89 99 47 44 98 70 57 28 16 49 24 21 19 27 63 22 84 29 51 48 82 37 65 28 24 46 72 10 38 34 50 17 35 44 48 0 28
 61 6 35 76 74 94 86 8 3 12 0 67 19 27 58 90 67 48 55 95 74 14 69 35 34 2 69 76 32 63 86 22 65 96 42 47 42 42 61 81 4 27 7 22 17 30 48 19 81 46
 60 38 27 20 7 24 58 90 93 79 33 0 1 48 74 61 89 90 46 28 79 0 99 93 30 19 74 65 47 57 40 93 66 18 83 77 30 58 53 3 23 51 60 60 7 31 25 34 24 21
 49 74 5 40 82 20 36 40 79 53 81 99 0 27 67 5 5 58 53 91 25 1 78 38 94 5 90 7 68 65 40 77 66 84 64 70 95 48 66 80 75 34 55 26 77 3 68 27 6 26
 8 72 1 99 83 76 26 85 69 11 73 52 73 0 31 32 69 23 83 29 78 17 2 76 21 12 18 40 22 37 43 78 80 39 45 48 58 37 55 78 99 13 68 17 45 6 90 25 25 76
 71 13 35 27 92 84 66 3 48 1 42 26 33 69 0 7 27 1 23 78 76 95 77 52 59 95 47 91 71 76 55 73 67 94 27 37 38 86 9 84 59 71 99 21 80 92 8 94 80 47
 34 69 11 21 94 37 97 65 56 53 10 39 95 68 93 0 91 88 2 59 64 31 47 1 46 36 81 37 73 79 59 75 84 60 76 90 45 87 95 32 52 47 83 53 48 97 54 77 44 32
 25 46 86 84 57 100 49 53 30 56 33 11 95 31 73 9 0 31 84 40 22 52 48 61 81 63 58 88 61 66 59 7 61 9 6 30 48 56 59 80 79 63 29 8 0 53 76 24 26 53
 77 22 97 15 44 8 84 41 68 2 52 10 42 77 99 12 69 0 46 74 88 21 43 5 68 94 49 18 62 74 76 1 31 82 13 60 0 54 69 94 49 94 17 31 75 81 10 53 90 30
 72 92 66 50 5 1 41 62 53 30 45 54 47 17 77 98 16 54 0 12 17 34 89 83 87 78 16 7 17 47 14 9 74 69 7 69 68 46 24 20 78 53 6 97 61 75 66 39 66 61
 26 42 15 11 34 3 73 79 65 43 5 72 9 71 22 41 60 26 88 0 8 59 62 25 57 81 13 40 25 65 42 69 74 90 58 80 43 25 69 54 54 90 21 54 70 25 48 47 37 21
 2 16 11 88 35 53 43 77 15 72 26 21 75 22 24 36 78 12 83 92 0 50 28 18 48 68 68 97 70 81 17 25 14 54 53 73 0 68 57 72 36 34 45 6 82 23 68 51 46 79
 53 40 13 51 48 66 3 74 73 84 86 100 99 83 5 69 48 79 66 41 50 0 94 73 69 32 47 13 50 36 33 33 45 20 92 21 6 43 47 61 46 2 80 3 56 20 92 96 84 68
 80 62 58 75 32 99 37 34 78 51 31 1 22 98 23 53 52 57 11 38 72 6 0 8 78 39 8 18 3 56 7 1 77 5 41 42 74 55 40 77 62 27 57 97 72 29 76 28 87 89
 56 22 92 43 38 37 64 67 27 76 65 7 62 24 48 99 39 95 17 75 82 27 92 0 63 75 62 42 5 3 19 56 40 31 9 71 27 60 39 50 10 42 40 68 77 3 82 37 90 8
 8 11 97 71 28 28 24 46 66 79 66 70 6 79 41 54 19 32 13 43 52 31 22 37 0 41 84 89 99 89 98 72 95 29 54 60 60 98 91 92 29 72 27 22 95 88 22 45 33 79
 22 56 94 95 53 100 89 16 18 81 98 81 95 88 5 64 37 6 22 19 32 68 61 25 59 0 78 53 25 40 28 56 25 87 25 72 30 50 0 15 38 92 85 83 62 22 86 18 41 64
 20 92 26 92 57 7 6 29 4 73 31 26 10 82 53 19 42 51 84 87 32 53 92 38 16 22 0 33 59 17 62 58 97 90 76 84 39 71 75 16 33 97 62 27 82 14 62 16 29 77
 67 39 21 60 2 25 36 80 9 37 24 35 93 60 9 63 12 82 93 60 3 87 82 58 11 47 67 0 19 40 68 74 69 13 91 58 18 67 94 52 69 8 74 62 34 12 69 0 36 13
 37 94 94 65 22 80 29 38 69 78 68 53 32 78 29 27 39 38 83 75 30 50 97 95 1 75 41 81 0 16 6 16 4 23 3 31 8 21 28 30 29 96 53 84 65 64 13 29 11 74
 93 9 60 17 40 60 74 69 41 16 37 43 35 63 24 21 34 26 53 35 19 64 44 97 11 60 83 60 84 0 42 0 32 50 36 0 4 76 41 8 98 72 98 81 15 39 90 63 37 55
 78 72 58 80 6 36 80 81 81 71 14 60 60 57 45 41 41 24 86 58 83 67 93 81 2 72 38 32 94 58 0 50 72 60 99 7 92 90 97 56 52 45 63 97 72 3 48 42 15 57
 11 30 37 11 63 30 52 95 15 49 78 7 23 22 27 25 93 99 91 31 75 67 99 44 28 44 42 26 84 100 50 0 47 3 2 93 95 13 10 30 40 90 99 12 2 45 5 59 41 98
 12 35 71 16 8 60 38 24 55 52 35 34 34 20 33 16 39 69 26 26 86 55 23 60 5 75 3 31 96 68 28 53 0 57 90 50 63 86 23 0 27 85 99 61 70 98 43 15 24 66
 81 47 35 13 68 50 73 35 79 18 4 82 16 61 6 40 91 18 31 10 46 80 95 69 71 13 10 87 77 50 40 97 43 0 67 93 75 21 18 78 33 27 39 7 48 11 89 44 82 64
 47 42 50 99 3 48 39 69 95 63 58 17 36 55 73 24 94 87 93 42 47 8 59 91 46 75 24 9 97 64 1 98 10 33 0 31 77 14 57 99 82 87 82 42 13 33 56 64 81 58
 12 26 65 67 40 7 65 72 5 35 53 23 30 52 63 10 70 40 31 20 27 79 58 29 40 28 16 42 69 100 93 7 50 7 69 0 5 33 4 9 17 97 28 87 60 79 50 8 65 41
 17 27 72 94 18 5 93 40 69 72 58 70 5 42 62 55 52 100 32 57 100 94 26 73 40 70 61 82 92 96 8 5 37 25 23 95 0 12 6 97 98 64 74 93 7 42 26 72 53 28
 100 1 33 56 43 43 80 61 80 76 58 42 52 63 14 13 44 46 54 75 32 57 45 40 2 50 29 33 79 24 10 87 14 79 86 67 88 0 72 66 73 48 21 80 0 27 36 7 19 15
 73 69 3 62 48 86 11 82 7 54 39 47 34 45 91 5 41 31 76 31 43 53 60 61 9 100 25 6 72 59 3 90 77 82 43 96 94 28 0 28 64 22 90 98 2 88 21 25 27 29
 3 65 24 26 11 8 36 70 49 28 19 97 20 22 16 68 20 6 80 46 28 39 23 50 8 85 84 48 70 92 44 70 100 22 1 91 3 34 72 0 52 34 92 85 36 27 4 13 48 46
 45 60 92 23 89 45 88 31 61 90 96 77 25 1 41 48 21 51 22 46 64 54 38 90 71 62 67 31 71 2 48 60 73 67 18 83 2 27 36 48 0 66 68 35 69 32 79 96 47 81
 24 18 84 49 93 96 95 69 63 62 73 49 66 87 29 53 37 6 47 10 66 98 73 58 28 8 3 92 4 28 55 10 15 73 13 3 36 52 78 66 34 0 82 22 25 90 56 24 49 55
 16 72 85 35 54 87 26 45 95 66 93 40 45 32 1 17 71 83 94 79 55 20 43 60 73 15 38 26 47 2 37 1 1 61 18 72 26 79 10 8 32 18 0 31 52 55 60 52 75 28
 27 19 50 98 45 3 49 41 99 50 78 40 74 83 79 47 92 69 3 46 94 97 3 32 78 17 73 38 16 19 3 88 39 93 58 13 7 20 2 15 65 78 69 0 67 12 66 22 59 77
 39 39 10 43 23 91 9 71 30 83 83 93 23 55 20 52 100 25 39 30 18 44 28 23 5 38 18 66 35 85 28 98 30 52 87 40 93 100 98 64 31 75 48 33 0 33 21 90 60 94
 84 96 95 43 58 75 64 13 46 65 70 69 97 94 8 3 47 19 25 75 77 80 71 97 12 78 86 88 36 61 97 55 2 89 67 21 58 73 12 73 68 10 45 88 67 0 29 46 49 31
 27 46 31 64 60 75 81 5 55 56 52 75 32 10 92 46 24 90 34 52 32 8 24 18 78 14 38 31 87 10 52 95 57 11 44 50 74 64 79 96 21 44 40 34 79 71 0 88 61 67
 89 66 31 93 98 18 70 64 31 52 81 66 73 75 6 23 76 47 61 53 49 4 72 63 55 82 84 100 71 37 58 41 85 56 36 92 28 93 75 87 4 76 48 78 10 54 12 0 28 93
 43 83 1 30 92 32 75 74 87 100 19 76 94 75 20 56 74 10 34 63 54 16 13 10 67 59 71 64 89 63 85 59 76 18 19 35 47 81 73 52 53 51 25 41 40 51 39 72 0 90
 46 68 60 32 12 66 81 99 100 72 54 79 74 24 53 68 47 70 39 79 21 32 11 92 21 36 23 87 26 45 43 2 34 36 42 59 72 85 71 54 19 45 72 23 6 69 33 7 10 0
