50

 0 89 59 44 97 68 15 45 96 39 75 17 69 83 14 57 48 28 75 29 12 29 59 37 89 70 49 70 38 37 86 95 47 1 79 29 89 79 89 47 47 90 31 4 50 39 59 21 39 12
 99 0 35 73 79 52 90 26 71 22 31 91 91 0 87 68 14 76 36 53 78 68 50 12 47 0 51 39 55 36 88 7 67 39 78 20 66 58 96 63 10 82 73 5 13 67 37 89 10 87
 7 44 0 7 10 5 2 77 81 5 30 92 67 77 13 56 15 24 23 43 25 40 81 41 25 37 17 17 30 34 59 26 71 30 59 18 67 56 73 63 11 31 1 87 73 31 33 12 36 4
 10 58 31 0 29 97 2 64 55 10 39 90 30 94 48 43 27 60 59 3 41 27 92 24 17 80 54 17 48 16 89 88 8 39 55 12 84 36 18 61 24 40 76 68 2 51 50 86 49 56
 77 77 15 81 0 67 86 54 52 74 3 20 63 77 3 84 98 52 75 72 63 81 34 70 73 53 74 94 17 77 65 92 0 16 76 14 47 46 87 61 82 62 79 56 96 91 3 87 1 70
 13 1 52 43 98 0 31 47 16 94 28 28 42 68 18 21 18 40 52 58 98 41 22 35 38 29 5 79 8 8 61 84 54 49 87 62 13 74 42 73 2 58 19 62 45 3 60 37 17 76
 60 76 58 38 47 32 0 47 41 21 94 61 87 35 10 21 77 11 3 42 85 6 78 48 92 68 23 59 56 38 35 63 86 4 28 73 85 87 90 58 56 51 33 22 44 22 33 94 0 57
 26 69 20 39 78 19 6 0 50 72 86 35 19 21 44 3 41 91 56 44 44 44 10 41 40 28 62 62 86 13 71 39 85 98 59 61 17 24 43 63 17 83 0 27 69 18 90 17 56 9
 51 33 8 11 30 78 72 22 0 49 77 68 50 50 75 44 23 84 62 66 15 69 95 49 81 91 78 43 68 89 83 4 85 10 64 80 38 87 42 44 36 55 57 46 9 42 90 33 70 50
 6 56 92 79 49 60 52 47 15 0 37 97 34 49 83 24 71 9 10 22 59 53 95 21 33 81 79 54 15 24 52 19 31 16 50 75 30 34 50 46 62 17 51 74 5 58 78 79 12 38
 49 64 19 21 36 70 70 2 5 58 0 98 93 74 39 1 63 6 21 77 27 54 16 19 36 21 37 57 55 59 15 89 72 53 80 56 53 79 11 47 78 32 97 53 79 75 42 48 76 89
 17 93 74 35 35 28 2 70 54 87 20 0 31 3 91 2 65 90 48 47 64 39 29 29 39 74 61 90 1 55 43 90 45 20 43 52 47 99 19 27 52 38 58 27 78 1 50 21 6 57
 37 63 69 20 8 76 80 75 28 19 96 65 0 74 64 13 61 57 59 48 32 5 99 64 83 66 32 17 37 98 38 73 17 12 80 28 74 46 24 90 27 33 31 68 33 95 23 50 69 98
 77 67 82 64 40 0 66 5 59 52 56 91 51 0 31 12 69 92 94 64 75 50 40 6 17 49 1 46 25 72 91 96 37 32 70 47 43 86 97 99 83 12 41 44 84 45 19 36 16 42
 63 93 80 87 41 1 81 41 79 30 43 47 94 39 0 23 81 93 60 48 8 92 81 61 53 23 41 34 46 8 10 96 3 69 28 33 82 32 20 78 58 81 24 89 73 7 49 22 70 32
 52 20 45 64 15 68 71 20 84 3 88 32 18 93 90 0 92 76 46 66 32 62 67 46 92 52 54 30 21 16 43 51 69 41 79 3 96 6 58 66 7 61 99 25 59 91 80 62 19 7
 47 81 10 21 89 44 65 54 20 15 71 30 37 72 53 53 0 84 64 99 20 3 34 83 13 45 76 25 66 45 72 64 17 31 0 39 81 73 17 19 75 15 61 93 1 66 40 10 4 14
 15 5 4 74 90 64 71 43 63 85 14 77 19 9 56 20 34 0 37 21 63 37 69 48 69 0 63 84 87 29 68 88 60 22 80 48 79 21 75 62 22 52 90 17 10 92 96 26 79 60
 9 5 77 43 10 67 39 77 10 83 35 90 85 54 21 24 9 52 0 89 88 51 24 19 42 86 99 16 17 71 9 73 43 36 70 15 83 0 19 94 88 9 49 36 29 3 49 44 15 44
 43 84 12 18 53 74 61 65 88 86 25 13 74 17 52 72 42 7 40 0 64 39 97 21 56 32 16 18 23 86 0 88 27 18 18 31 87 96 98 15 79 52 79 33 91 27 98 47 4 88
 52 72 34 61 22 88 71 81 23 5 7 6 7 31 3 52 32 6 93 14 0 69 73 9 55 76 19 23 46 79 18 7 49 48 23 6 28 28 9 99 40 45 23 29 38 97 50 98 73 98
 65 3 30 47 48 33 38 72 58 26 59 39 6 49 61 60 11 10 71 83 41 0 38 94 85 54 60 92 84 22 44 42 89 63 85 87 64 77 43 0 96 4 6 14 18 93 77 3 55 89
 75 63 79 61 55 58 15 50 52 82 17 51 17 51 2 21 1 67 87 60 89 75 0 13 70 53 50 58 6 99 30 10 50 17 66 57 7 66 45 90 11 11 72 86 98 78 81 62 67 49
 18 17 70 63 91 94 4 46 13 44 19 30 32 60 21 49 76 96 24 13 45 42 39 0 44 52 34 97 78 93 9 19 25 51 37 65 45 63 98 32 13 12 41 35 71 83 98 96 69 25
 55 46 26 40 68 79 26 84 97 6 85 48 15 81 27 37 29 66 47 22 89 46 81 91 0 11 12 99 1 89 28 4 10 57 43 17 56 77 4 59 25 59 19 39 13 10 83 35 29 90
 39 57 89 67 51 56 52 3 29 54 68 65 46 86 18 24 9 4 13 14 5 12 38 10 22 0 17 54 98 88 25 47 69 78 45 24 79 80 51 57 2 9 54 96 21 10 32 88 94 15
 0 57 39 85 33 75 24 84 65 45 73 78 66 65 63 55 92 64 48 93 67 4 76 45 40 98 0 48 36 87 26 57 18 30 15 37 16 34 89 95 59 20 96 39 55 66 49 92 46 4
 71 8 71 10 60 91 38 90 53 58 33 35 73 38 80 63 77 87 69 79 99 0 89 12 64 21 6 0 7 12 56 37 62 12 96 45 39 62 60 76 14 74 84 93 72 2 15 33 14 10
 57 87 27 52 10 86 21 35 21 77 20 56 4 56 6 87 85 35 40 76 89 51 0 7 20 90 35 15 0 55 65 20 69 20 16 44 40 49 8 2 33 92 81 29 89 2 59 56 17 96
 15 44 30 10 68 12 9 79 48 13 89 55 94 39 89 48 23 37 38 53 85 56 35 69 64 38 91 70 65 0 48 60 34 15 9 4 60 29 87 20 28 17 79 80 42 12 4 36 74 8
 29 93 86 47 9 3 77 12 74 43 65 95 33 48 6 48 13 50 45 42 45 64 28 8 66 93 78 69 60 31 0 3 42 30 40 80 40 90 13 0 29 45 56 20 72 27 40 99 98 6
 79 47 12 24 63 94 50 21 48 54 66 13 41 22 85 98 96 72 80 96 5 74 85 7 72 7 20 22 81 12 3 0 29 22 78 35 55 91 35 97 45 42 4 50 37 87 50 69 80 10
 65 69 30 93 87 76 2 76 95 44 24 24 35 92 76 35 87 91 61 42 27 78 51 14 73 26 93 90 62 16 48 60 0 86 21 66 70 79 66 92 4 2 18 49 43 56 23 64 0 77
 76 1 25 23 3 65 60 56 48 9 98 80 8 40 17 15 57 65 34 70 2 25 22 9 54 34 51 38 11 9 46 65 50 0 71 55 49 73 99 28 12 72 54 37 38 44 82 42 60 96
 73 42 10 93 32 18 92 67 26 78 10 45 0 62 93 61 92 18 46 48 67 45 50 93 2 28 75 59 30 54 58 69 32 81 0 39 32 73 82 9 11 7 69 40 24 58 44 71 78 50
 13 21 96 82 6 30 56 55 95 7 15 65 51 31 45 47 46 85 17 33 63 22 51 30 57 62 78 61 16 54 75 47 90 22 60 0 34 86 96 31 78 91 57 1 79 6 61 2 73 28
 55 43 36 71 98 64 69 61 44 70 69 27 97 33 42 69 10 23 67 97 78 29 31 39 2 49 7 55 68 8 99 87 26 34 75 5 0 44 79 2 80 61 36 36 92 20 48 27 22 7
 17 59 97 51 0 2 71 71 5 78 78 94 10 89 77 2 76 13 0 52 4 71 9 55 21 42 87 77 78 72 53 49 63 16 93 86 13 0 96 40 43 32 1 66 59 53 92 74 54 47
 15 15 63 75 19 49 97 3 8 45 17 44 34 31 56 28 88 98 29 94 74 69 47 42 24 42 81 4 55 30 7 3 31 25 66 98 55 56 0 92 97 12 31 51 24 82 15 81 67 25
 4 61 54 54 65 25 40 41 39 89 4 1 21 82 68 3 81 52 40 85 59 30 98 22 34 30 84 72 83 58 87 43 35 61 41 29 75 38 34 0 63 31 51 44 19 74 84 26 59 97
 35 64 8 28 16 35 25 85 57 48 43 13 7 91 20 65 6 54 27 95 54 13 24 17 35 82 37 74 44 92 76 70 70 78 69 95 7 91 3 45 0 95 80 98 88 44 99 51 62 83
 18 12 96 26 54 47 36 84 3 66 7 61 6 8 58 33 45 7 54 4 1 95 34 79 71 88 70 88 86 48 45 83 31 86 40 43 79 53 76 70 83 0 47 36 28 37 60 18 4 13
 69 52 72 67 69 67 51 45 75 67 54 40 98 3 37 6 93 13 44 78 83 21 42 91 47 67 45 11 71 6 44 9 1 72 85 90 95 42 23 6 24 58 0 61 18 0 95 79 91 17
 32 6 84 50 34 91 57 65 19 6 81 17 11 65 13 25 81 42 44 46 98 97 83 12 36 90 90 25 61 27 80 68 6 19 41 83 11 82 60 0 74 59 46 0 14 47 46 78 99 0
 70 22 71 89 49 2 79 62 63 84 97 14 88 37 68 74 3 60 48 96 82 56 35 32 8 47 12 70 66 71 38 18 16 91 36 26 7 35 71 37 26 82 17 25 0 57 50 8 88 20
 37 38 79 75 60 90 38 10 26 55 44 70 64 76 83 15 89 17 57 60 74 51 87 74 97 45 87 62 66 94 11 22 81 24 74 51 71 40 60 50 26 16 18 37 35 0 86 14 43 51
 13 79 9 3 2 82 60 32 18 0 52 47 21 2 60 31 49 51 87 25 59 75 30 80 51 73 29 50 21 49 70 86 20 9 44 32 44 32 39 22 33 68 22 50 33 34 0 39 92 58
 53 96 31 53 8 53 30 72 30 26 25 69 65 0 71 52 30 81 77 22 0 18 24 95 70 67 64 99 55 44 49 23 89 2 6 59 61 42 68 95 75 99 66 39 55 65 92 0 67 12
 37 0 27 84 50 80 85 36 66 28 6 83 48 83 44 85 93 81 67 26 64 34 8 1 37 64 76 33 84 59 93 73 21 67 19 24 70 69 7 56 10 73 68 49 44 17 4 68 0 56
 79 97 81 69 21 21 21 41 48 92 75 78 58 78 95 72 21 38 12 19 59 32 94 49 31 64 42 82 10 54 0 49 35 1 18 82 44 70 41 58 68 89 20 69 51 82 60 91 45 0
