40

 0 19 1 98 80 74 68 53 16 51 98 37 43 18 65 80 19 40 27 29 70 41 77 1 45 73 89 90 69 60 53 2 68 34 42 55 90 99 23 71
 81 0 39 8 60 32 49 25 39 5 46 17 41 75 48 30 63 98 56 85 24 99 88 34 44 77 41 6 54 38 95 24 78 65 70 38 94 15 17 36
 99 61 0 78 1 13 54 73 1 78 91 55 23 44 63 85 91 59 57 79 21 57 75 76 87 66 33 77 38 2 85 43 51 28 24 1 3 25 52 40
 2 92 22 0 59 0 32 89 21 64 4 49 65 60 92 9 64 3 90 28 14 38 66 55 27 29 63 90 29 58 11 13 37 7 12 36 79 15 83 56
 20 40 99 41 0 2 34 82 26 54 15 71 54 73 69 8 29 28 19 37 43 42 68 64 4 33 47 47 2 96 69 48 48 44 96 87 31 87 4 48
 26 68 87 100 98 0 5 54 56 97 61 53 24 74 61 78 18 93 18 73 7 78 69 21 35 23 21 92 23 89 93 87 46 9 19 29 4 36 68 8
 32 51 46 68 66 95 0 29 50 88 18 75 24 33 74 58 40 29 79 3 64 99 96 6 88 5 32 79 54 90 25 34 49 20 4 6 58 89 35 81
 47 75 27 11 18 46 71 0 44 53 38 80 17 53 97 76 22 22 98 25 89 10 31 62 71 21 0 75 93 83 75 25 15 97 56 3 94 83 28 86
 84 61 99 79 74 44 50 56 0 32 17 13 17 93 29 60 13 2 93 81 1 70 3 9 32 90 88 95 56 33 8 16 46 38 58 18 80 64 72 47
 49 95 22 36 46 3 12 47 68 0 63 60 94 56 16 37 25 69 54 71 73 64 92 68 29 81 77 62 60 41 21 57 84 62 81 56 75 93 57 28
 2 54 9 96 85 39 82 62 83 37 0 18 56 92 41 42 51 72 18 56 61 29 18 42 28 9 91 60 60 5 31 57 10 29 8 72 77 19 91 46
 63 83 45 51 29 47 25 20 87 40 82 0 55 48 54 17 78 63 35 95 16 8 46 23 76 50 31 80 58 3 71 93 67 7 15 61 93 40 28 6
 57 59 77 35 46 76 76 83 83 6 44 45 0 26 76 65 90 60 93 37 10 67 58 63 80 74 53 69 91 28 61 33 68 24 54 12 84 62 23 98
 82 25 56 40 27 26 67 47 7 44 8 52 74 0 18 39 90 42 28 69 51 66 45 86 78 46 55 33 57 19 7 90 7 20 60 43 33 65 15 93
 35 52 37 8 31 39 26 3 71 84 59 46 24 82 0 75 81 0 94 33 89 11 23 20 48 95 15 49 15 13 1 1 2 49 5 20 72 3 91 92
 20 70 15 91 92 22 42 24 40 63 58 83 35 61 25 0 40 73 50 47 40 36 93 20 70 69 58 81 69 32 19 51 79 69 20 52 22 54 85 66
 81 37 9 36 71 82 60 78 87 75 49 22 10 10 19 60 0 2 34 38 82 13 54 54 45 57 99 96 57 96 15 91 44 25 36 42 61 86 99 99
 60 2 41 97 72 7 71 78 98 31 28 37 40 58 100 27 98 0 87 36 93 10 6 49 6 29 41 63 27 76 96 97 67 2 87 59 84 14 37 42
 73 44 43 10 81 82 21 2 7 46 82 65 7 72 6 50 66 13 0 9 94 0 20 64 19 16 71 45 32 38 98 92 53 83 36 5 57 69 40 79
 71 15 21 72 63 27 97 75 19 29 44 5 63 31 67 53 62 64 91 0 17 84 4 18 26 49 85 98 79 50 52 66 94 24 23 19 66 85 30 58
 30 76 79 86 57 93 36 11 99 27 39 84 90 49 11 60 18 7 6 83 0 8 53 84 72 92 60 7 53 86 95 82 8 56 26 71 4 60 21 30
 59 1 43 62 58 22 1 90 30 36 71 92 33 34 89 64 87 90 100 16 92 0 18 74 40 96 9 4 89 45 66 65 58 95 34 49 28 84 50 56
 23 12 25 34 32 31 4 69 97 8 82 54 42 55 77 7 46 94 80 96 47 82 0 49 76 94 17 74 52 57 58 7 0 26 18 98 4 93 54 54
 99 66 24 45 36 79 94 38 91 32 58 77 37 14 80 80 46 51 36 82 16 26 51 0 26 28 53 67 41 16 17 6 59 82 54 80 64 35 74 82
 55 56 13 73 96 65 12 29 68 71 72 24 20 22 52 30 55 94 81 74 28 60 24 74 0 71 22 58 92 43 62 59 40 87 24 53 25 3 46 70
 27 23 34 71 67 77 95 79 10 19 91 50 26 54 5 31 43 71 84 51 8 4 6 72 29 0 64 69 65 97 52 78 65 33 57 27 79 90 75 35
 11 59 67 37 53 79 68 100 12 23 9 69 47 45 85 42 1 59 29 15 40 91 83 47 78 36 0 35 68 39 15 85 96 38 95 42 63 71 21 86
 10 94 23 10 53 8 21 25 5 38 40 20 31 67 51 19 4 37 55 2 93 96 26 33 42 31 65 0 29 55 58 88 9 54 52 3 65 90 94 78
 31 46 62 71 98 77 46 7 44 40 40 42 9 43 85 31 43 73 68 21 47 11 48 59 8 35 32 71 0 91 88 30 45 11 26 67 80 19 88 62
 40 62 98 42 4 11 10 17 67 59 95 97 72 81 87 68 4 24 62 50 14 55 43 84 57 3 61 45 9 0 97 46 54 87 1 63 42 57 50 26
 47 5 15 89 31 7 75 25 92 79 69 29 39 93 99 81 85 4 2 48 5 34 42 83 38 48 85 42 12 3 0 53 45 50 71 99 3 88 55 70
 98 76 57 87 52 13 66 75 84 43 43 7 67 10 99 49 9 3 8 34 18 35 93 94 41 22 15 12 70 54 47 0 86 81 51 29 90 80 92 72
 32 22 49 63 52 54 51 85 54 16 90 33 32 93 98 21 56 33 47 6 92 42 100 41 60 35 4 91 55 46 55 14 0 32 54 94 94 3 93 50
 66 35 72 93 56 91 80 3 62 38 71 93 76 80 51 31 75 98 17 76 44 5 74 18 13 67 62 46 89 13 50 19 68 0 41 11 27 7 95 95
 58 30 76 88 4 81 96 44 42 19 92 85 46 40 95 80 64 13 64 77 74 66 82 46 76 43 5 48 74 99 29 49 46 59 0 44 43 15 22 66
 45 62 99 64 13 71 94 97 82 44 28 39 88 57 80 48 58 41 95 81 29 51 2 20 47 73 58 97 33 37 1 71 6 89 56 0 36 57 52 85
 10 6 97 21 69 96 42 6 20 25 23 7 16 67 28 78 39 16 43 34 96 72 96 36 75 21 37 35 20 58 97 10 6 73 57 64 0 20 0 52
 1 85 75 85 13 64 11 17 36 7 81 60 38 35 97 46 14 86 31 15 40 16 7 65 97 10 29 10 81 43 12 20 97 93 85 43 80 0 43 59
 77 83 48 17 96 32 65 72 28 43 9 72 77 85 9 15 1 63 60 70 79 50 46 26 54 25 79 6 12 50 45 8 7 5 78 48 100 57 0 85
 29 64 60 44 52 92 19 14 53 72 54 94 2 7 8 34 1 58 21 42 70 44 46 18 30 65 14 22 38 74 30 28 50 5 34 15 48 41 15 0
