nbGenes = 100;
preference = [[0 33 60 18 25 64 28 3 56 78 72 98 97 68 4 28 73 30 3 48 24 82 24 95 31 44 90 21 42 50 29 50 69 53 98 56 55 55 97 59 45 6 64 94 39 95 25 51 59 74 50 57 32 44 80 96 81 19 28 15 61 7 61 64 74 1 91 21 85 51 48 98 43 58 43 64 73 52 0 66 11 9 48 37 11 5 52 67 39 38 53 29 35 25 87 76 88 66 82 10 ]
[67 0 24 22 67 31 94 16 23 76 5 48 15 73 93 83 53 18 92 64 83 7 66 73 39 92 22 87 43 93 44 84 93 64 18 94 56 98 89 68 11 31 61 11 41 73 4 11 67 23 44 18 43 50 41 91 26 77 0 0 8 53 74 31 41 69 92 1 45 70 1 98 58 19 57 89 55 24 28 68 27 80 52 13 30 16 39 46 76 87 85 21 33 40 38 51 65 4 33 29 ]
[24 3 0 60 57 3 1 51 91 66 8 34 33 40 56 35 96 34 28 8 34 24 87 36 27 84 1 54 60 17 27 5 62 45 17 74 93 90 49 47 32 99 59 50 42 86 7 17 17 78 89 98 35 70 92 73 51 54 1 76 74 21 80 62 73 54 7 62 25 1 45 66 38 55 49 85 33 18 24 27 92 5 95 66 75 54 8 20 83 4 29 33 22 40 69 85 43 0 65 12 ]
[42 59 77 0 43 62 72 90 98 39 15 33 8 44 96 78 65 65 76 11 94 8 69 14 20 37 36 98 38 81 8 39 73 86 40 46 1 8 19 16 47 67 94 57 54 24 64 4 95 16 44 49 56 99 83 6 63 43 40 43 49 43 53 52 46 0 72 74 11 55 49 98 22 12 33 68 55 4 0 94 84 43 84 78 92 77 87 28 30 16 81 35 35 91 91 61 84 98 38 36 ]
[32 48 57 23 0 12 74 33 7 90 49 9 33 46 20 87 45 56 19 20 10 15 75 70 97 61 51 2 18 54 95 36 98 72 70 38 6 81 52 57 43 68 87 32 46 92 11 45 99 65 51 8 85 48 90 14 46 5 15 96 23 77 96 93 82 33 13 32 34 53 11 42 14 85 47 95 83 54 84 5 23 43 45 60 18 64 96 88 80 21 51 14 1 87 13 81 18 38 14 65 ]
[17 14 32 12 87 0 86 33 64 52 17 98 64 66 69 61 38 2 52 35 88 22 0 30 71 98 12 63 68 94 68 95 29 59 58 54 43 45 26 96 32 11 84 4 2 97 61 93 64 33 75 42 44 63 51 41 24 96 51 97 20 28 68 93 28 71 20 41 20 12 39 12 35 72 1 10 33 96 57 21 24 97 92 18 5 76 14 43 48 25 12 38 76 87 9 70 96 23 83 44 ]
[5 26 47 72 96 5 0 93 91 16 99 71 34 77 29 49 62 56 64 25 28 0 62 97 87 3 1 99 19 27 67 7 54 58 81 14 39 89 48 47 28 55 91 91 39 61 73 50 47 93 43 47 51 38 93 93 52 97 73 34 16 32 13 12 24 96 75 54 66 55 5 10 80 66 90 72 18 20 83 65 23 27 33 40 65 76 2 48 76 17 85 6 58 48 79 74 96 59 27 38 ]
[70 93 14 35 69 18 38 0 46 85 71 86 82 80 50 80 48 83 69 76 3 19 41 1 13 69 14 32 1 33 9 89 36 95 34 4 8 22 14 94 67 18 17 4 41 65 15 93 44 66 30 43 6 19 11 23 66 76 36 82 15 10 18 79 2 31 13 9 58 29 18 73 76 94 46 53 87 68 21 64 32 88 72 47 15 45 43 53 14 23 43 64 92 43 87 54 4 8 39 43 ]
[1 7 54 86 15 38 5 23 0 99 97 78 37 90 0 74 6 20 36 85 34 64 38 80 2 9 1 76 71 47 1 24 40 21 35 53 88 32 86 29 63 96 28 31 9 51 92 66 10 79 97 33 84 69 9 7 7 57 32 37 86 40 41 7 53 51 44 81 22 34 59 0 14 92 38 52 54 18 80 73 14 71 76 60 17 96 80 99 59 56 60 42 82 69 47 39 75 38 26 39 ]
[43 81 14 53 84 45 72 65 61 0 2 10 94 67 67 41 61 81 87 5 87 71 85 79 48 3 17 42 12 49 82 28 91 84 75 42 90 60 54 1 96 67 21 92 21 23 88 5 68 40 44 60 86 72 55 4 3 9 41 57 8 98 62 23 5 97 39 29 90 5 93 28 42 92 26 35 69 11 30 24 31 78 64 95 78 0 59 76 36 97 84 58 54 85 29 74 19 16 57 12 ]
[73 28 51 0 96 94 68 28 8 47 0 93 5 33 10 71 18 68 16 89 72 64 7 7 52 59 80 91 80 13 4 13 72 48 69 73 41 50 89 13 18 97 10 65 63 33 0 27 90 96 35 75 69 99 37 32 57 93 24 45 38 41 91 43 44 50 93 53 4 94 46 77 94 3 23 26 63 28 62 38 84 23 63 80 92 90 79 75 94 50 0 29 8 15 25 35 81 18 81 76 ]
[26 84 22 92 43 99 20 27 32 18 56 0 75 65 28 19 41 17 66 94 17 63 53 74 89 40 20 31 20 17 37 54 42 48 68 56 54 90 52 18 60 39 7 68 39 78 71 63 85 42 76 91 91 18 88 3 66 88 49 94 27 11 96 24 70 72 73 36 41 47 44 93 15 99 57 40 1 59 66 64 43 43 99 19 43 10 77 66 91 17 80 5 80 39 49 54 22 16 47 81 ]
[41 6 33 86 73 55 53 82 74 44 77 0 0 98 24 12 97 95 26 25 90 71 1 28 73 53 13 39 28 14 40 26 60 39 16 74 35 23 8 69 72 89 63 75 26 12 97 44 20 79 54 38 50 40 31 96 21 10 53 88 1 90 63 1 40 98 1 36 9 11 98 46 97 94 91 90 29 29 20 81 94 78 61 81 16 5 76 51 9 85 42 18 0 2 72 77 6 94 50 33 ]
[41 33 54 84 73 69 38 84 79 13 67 37 13 0 89 75 67 23 70 45 31 95 89 39 37 47 58 22 8 90 70 64 0 92 55 75 55 46 94 8 60 75 85 12 73 32 49 31 68 12 71 97 50 95 67 84 53 95 65 84 31 77 20 57 27 29 43 74 74 55 57 43 26 59 63 75 30 33 47 98 15 21 85 75 13 42 99 88 53 39 18 72 51 5 67 33 38 72 51 98 ]
[4 67 8 12 45 20 65 13 62 1 44 60 50 80 0 14 20 63 44 37 86 44 49 10 95 81 67 75 8 45 50 74 40 91 18 55 4 13 2 25 76 57 71 62 6 64 0 8 37 58 7 61 41 71 74 1 5 56 2 33 54 53 26 0 30 77 78 99 37 23 28 84 43 9 21 26 35 55 68 60 83 44 92 34 48 25 18 72 96 78 19 9 32 53 32 36 24 51 2 44 ]
[74 30 70 87 34 62 12 43 1 51 9 72 76 91 52 0 56 25 11 39 52 56 38 99 30 12 72 82 36 44 1 92 0 34 54 96 71 37 89 25 71 83 72 81 61 45 9 78 1 10 40 64 91 59 66 3 94 58 89 18 20 96 5 74 34 42 28 8 69 38 71 92 77 40 59 51 4 82 85 66 18 77 26 92 55 81 15 34 59 76 46 67 39 79 99 52 48 41 11 83 ]
[60 4 62 13 45 78 4 16 31 19 53 53 38 13 69 88 0 88 30 0 29 67 4 8 9 74 37 69 52 86 42 59 17 8 94 3 44 62 37 77 52 67 5 82 74 13 98 48 66 0 9 38 62 94 22 34 9 83 31 21 81 48 99 91 0 83 80 40 4 78 74 16 4 96 55 53 58 20 60 72 18 51 3 25 64 91 76 58 45 74 64 3 92 77 80 70 10 65 34 82 ]
[47 94 90 63 6 32 9 42 90 31 48 39 91 17 31 52 0 0 32 56 86 62 16 32 62 47 93 45 67 20 46 86 84 86 62 84 52 84 62 57 2 31 66 60 38 78 1 4 88 63 53 4 1 79 59 39 42 54 37 74 10 70 8 63 62 21 98 31 35 67 16 18 55 83 18 12 76 60 40 25 35 56 48 29 6 89 57 47 11 34 4 34 31 42 13 30 73 13 36 14 ]
[45 97 6 64 29 26 39 38 83 69 17 65 49 8 74 30 92 14 0 92 75 7 38 15 35 0 48 20 63 7 88 78 15 49 55 83 73 42 60 31 10 31 43 42 31 12 84 25 9 55 31 5 48 90 65 62 58 33 53 6 8 1 49 78 41 7 12 18 90 77 41 9 74 48 90 67 20 27 44 44 3 31 54 28 32 64 55 29 81 49 38 3 18 31 14 25 35 23 43 42 ]
[15 96 68 55 0 74 39 13 40 36 42 49 40 53 35 34 16 25 89 0 72 84 30 57 55 67 82 18 6 5 51 65 70 54 15 1 13 55 8 69 17 77 27 25 30 4 44 70 55 0 83 22 3 95 35 26 27 67 73 18 74 59 83 26 10 1 40 12 52 60 67 7 77 85 2 38 60 83 61 13 36 21 83 85 13 52 69 74 30 93 92 2 73 11 16 91 38 13 9 77 ]
[13 13 64 90 45 77 68 75 15 86 12 84 71 86 45 61 61 37 53 60 0 41 87 42 47 70 69 33 43 14 80 16 75 93 51 85 47 56 83 87 82 65 64 4 83 31 6 12 66 13 22 77 40 36 68 11 72 22 87 68 67 23 86 78 27 18 20 58 31 61 48 87 78 31 42 63 49 47 69 35 18 26 98 89 70 26 45 98 91 92 71 89 69 55 4 52 27 58 95 74 ]
[54 97 38 66 18 99 14 5 87 10 28 31 59 69 76 85 15 76 31 96 72 0 77 25 93 19 83 30 49 64 49 98 12 2 78 38 0 9 89 14 59 58 91 64 92 82 67 52 70 3 4 55 7 46 44 42 15 53 60 67 78 77 27 47 99 5 12 88 34 56 25 20 2 25 32 34 30 97 81 25 48 23 49 41 60 19 32 50 26 93 11 59 61 73 60 93 53 36 94 87 ]
[61 40 32 8 23 55 9 67 67 85 52 65 97 6 68 93 83 80 96 43 98 26 0 72 78 30 40 79 7 47 44 46 71 99 32 9 56 16 26 35 71 81 86 54 77 89 74 54 37 34 72 75 82 14 87 82 72 94 47 15 30 95 24 7 2 87 83 47 96 13 13 75 86 33 52 63 36 89 78 77 72 20 27 65 67 92 99 2 99 67 17 57 60 37 15 97 44 30 38 4 ]
[69 87 71 65 29 37 64 97 80 41 60 25 44 28 59 44 52 37 82 29 99 77 22 0 58 8 45 74 80 70 14 33 73 57 72 96 57 66 95 17 64 73 25 26 79 84 15 31 65 45 6 79 24 33 59 58 44 82 59 61 47 2 52 88 75 33 78 77 73 89 76 67 64 21 98 99 48 66 78 80 97 10 70 14 49 60 20 63 24 83 85 77 46 73 36 83 49 52 34 42 ]
[35 63 16 96 40 20 34 2 87 3 82 4 39 79 28 99 71 95 46 77 70 51 53 62 0 34 94 87 65 64 65 80 0 64 74 57 82 34 59 51 29 29 97 97 84 38 98 71 27 28 28 30 46 50 34 83 2 80 57 37 30 5 60 10 75 52 14 92 27 22 51 89 16 13 63 56 57 31 26 10 94 93 38 77 57 22 38 56 34 39 3 72 31 73 2 2 73 63 32 41 ]
[96 96 29 58 13 53 86 44 3 83 25 61 97 28 22 14 72 69 68 36 78 34 54 22 71 0 65 62 40 10 93 48 39 34 63 76 46 62 31 92 33 66 39 13 56 95 55 32 41 60 45 37 37 8 66 32 90 15 55 13 53 44 1 68 46 40 41 60 7 53 17 52 62 6 21 76 15 28 79 17 18 51 75 27 78 71 79 97 70 43 64 53 88 15 38 8 31 79 18 16 ]
[81 0 80 93 64 8 67 11 78 73 9 87 32 91 42 23 64 57 86 70 2 43 40 92 8 41 0 73 58 62 9 72 73 59 65 83 56 7 92 77 35 91 0 81 8 6 95 98 52 72 10 75 78 27 62 59 56 85 56 29 59 91 23 71 9 43 23 30 7 41 51 44 7 40 52 20 37 30 99 43 7 81 37 21 89 6 7 29 15 59 46 71 84 87 59 5 32 5 16 97 ]
[86 86 74 82 22 2 95 52 63 97 31 92 44 85 32 75 46 28 13 37 18 0 99 25 10 23 60 0 83 59 11 23 52 86 10 89 19 70 34 41 44 69 51 7 21 61 7 8 65 76 31 81 92 15 90 89 94 17 30 42 93 67 20 30 80 64 76 22 77 68 22 40 78 94 81 87 13 26 74 82 60 83 93 77 52 54 80 21 49 5 63 89 30 86 54 15 8 4 15 82 ]
[35 85 79 71 80 69 97 64 59 12 19 64 3 2 75 69 59 44 80 0 94 34 38 58 68 64 80 49 0 59 73 68 52 24 59 55 98 90 25 15 89 53 2 70 78 13 71 85 24 35 15 27 66 24 52 70 17 38 45 53 86 57 79 5 32 52 50 35 38 52 20 68 83 69 97 68 36 7 23 42 94 0 61 54 71 6 73 47 56 22 53 64 37 59 11 53 33 2 21 10 ]
[51 55 22 53 21 82 61 89 83 88 64 75 38 71 94 21 22 48 65 88 34 76 15 97 78 41 63 37 43 0 60 44 52 71 73 15 19 7 58 41 47 72 34 74 67 59 82 0 94 96 2 43 82 22 25 77 32 95 16 40 60 35 66 95 87 75 52 4 78 74 69 32 1 17 46 83 81 63 16 95 42 25 46 18 47 59 99 40 59 49 69 88 21 29 52 99 22 25 47 14 ]
[44 80 10 61 6 52 6 95 83 49 96 14 89 60 46 77 21 59 46 23 86 73 19 66 26 51 28 50 38 27 0 54 93 24 3 61 7 29 16 83 87 82 24 92 62 98 22 43 14 24 17 78 69 25 9 21 37 44 66 16 47 19 4 48 96 84 19 13 75 50 36 5 78 47 76 15 51 99 37 48 79 88 3 41 83 56 89 93 4 99 93 58 83 14 72 65 19 78 78 64 ]
[52 59 34 60 5 2 16 91 46 63 69 88 21 62 63 76 44 67 96 11 38 22 68 27 41 75 70 90 44 7 92 0 3 91 45 86 47 75 62 37 28 77 21 85 22 62 18 87 94 56 71 37 70 59 1 28 13 30 72 37 39 49 19 51 35 50 62 90 24 2 6 73 90 44 17 31 84 96 87 6 54 84 3 24 39 3 16 2 78 97 16 21 88 99 84 61 47 81 89 10 ]
[54 38 49 38 93 45 59 49 55 29 44 67 55 94 12 69 11 92 90 71 93 48 99 85 61 98 71 4 17 51 52 6 0 83 8 52 34 21 94 6 61 20 1 70 62 99 88 76 81 74 76 67 12 14 45 56 90 46 60 65 74 37 83 23 60 69 86 56 67 39 57 27 40 58 10 19 73 27 12 96 16 85 0 94 39 16 28 40 12 31 63 47 83 94 96 36 88 90 45 54 ]
[15 58 74 5 80 27 33 97 50 21 47 44 40 85 12 33 75 27 77 98 54 10 61 34 56 40 84 30 51 97 25 76 84 0 44 97 54 61 90 17 59 14 25 25 62 50 28 81 52 58 99 31 26 25 53 84 54 14 3 51 77 76 2 49 28 30 43 50 26 74 65 25 3 40 21 11 63 62 98 1 30 74 45 24 66 66 69 17 63 57 89 15 16 52 55 53 69 84 95 60 ]
[66 91 52 14 24 29 42 76 30 7 64 25 79 95 73 62 98 26 16 26 45 27 13 51 92 65 58 96 83 5 78 71 94 52 0 51 77 94 52 60 94 4 92 63 79 18 26 58 59 94 10 39 20 74 94 75 65 98 8 93 45 60 21 62 47 68 6 41 6 26 86 38 20 79 8 40 43 10 12 49 29 16 83 58 28 71 56 96 3 35 49 91 40 80 52 7 3 72 64 56 ]
[8 85 80 33 75 34 32 91 28 61 48 44 15 73 97 44 91 14 6 94 54 48 7 55 82 19 4 51 0 75 23 38 80 30 30 0 83 2 97 94 40 24 19 52 56 38 5 8 12 4 12 91 4 32 46 67 67 27 22 50 84 22 91 18 96 45 2 54 47 85 52 15 82 87 57 4 8 34 20 33 98 62 59 81 25 25 67 28 84 86 6 62 61 43 73 24 70 4 40 23 ]
[25 18 17 84 83 43 51 64 60 55 33 55 53 29 64 14 89 63 59 42 12 36 10 43 66 98 94 42 72 69 79 6 36 22 61 3 0 0 36 19 65 76 36 20 81 85 16 25 83 33 86 75 44 47 92 20 10 93 83 54 49 10 91 11 43 67 39 58 18 75 3 37 30 30 5 58 29 97 44 76 73 95 20 9 5 85 56 47 16 89 17 41 44 67 67 60 31 12 61 35 ]
[23 83 79 22 25 65 73 65 95 54 63 15 62 77 54 45 14 71 88 61 4 38 68 61 3 0 87 96 57 0 74 4 70 16 49 64 60 0 35 13 53 67 89 79 35 96 43 60 44 38 51 48 87 64 62 61 66 30 95 96 17 58 63 22 77 80 31 27 7 34 2 34 7 61 51 75 16 12 1 8 64 53 51 85 90 25 25 58 57 3 1 76 2 38 33 87 79 16 93 19 ]
[12 31 50 26 6 27 87 50 23 54 6 58 30 7 66 29 25 11 55 86 46 78 28 60 7 7 2 59 13 28 67 68 36 45 93 32 59 84 0 28 32 83 22 3 24 90 1 19 60 9 50 86 17 96 32 34 33 99 33 93 80 93 35 71 21 9 21 97 20 4 55 29 63 14 46 76 48 22 74 49 27 59 20 42 89 77 77 93 1 31 0 26 81 68 81 70 57 53 65 65 ]
[73 2 62 43 59 93 54 9 36 50 13 75 61 58 46 88 34 1 11 15 53 35 91 35 86 66 41 60 31 64 12 37 83 43 98 72 13 50 20 0 97 41 97 43 58 44 72 23 8 54 33 53 20 70 14 19 14 90 23 77 4 45 2 61 55 83 63 98 82 33 55 78 18 21 21 65 54 12 59 45 81 53 66 59 16 72 42 30 4 80 65 37 9 28 12 48 21 58 76 18 ]
[82 65 40 97 11 85 66 44 35 44 29 84 19 93 42 92 7 2 42 20 14 64 60 44 1 82 32 37 89 86 67 92 28 28 48 36 92 74 42 49 0 7 15 95 73 34 48 79 63 87 83 82 58 41 95 59 46 21 97 97 61 87 82 77 87 71 32 83 97 10 36 79 62 90 54 15 75 78 69 41 19 47 27 19 55 66 6 49 78 11 79 1 69 93 42 28 6 76 98 94 ]
[16 76 69 36 76 68 6 46 82 55 48 51 58 15 27 75 79 67 84 55 22 4 44 64 42 85 76 20 72 48 54 63 59 31 50 73 75 26 21 36 42 0 53 87 21 54 51 21 32 10 96 30 97 9 11 20 75 68 67 41 11 52 30 98 44 72 50 44 11 72 53 54 83 93 95 54 7 25 77 37 96 94 31 55 41 29 31 30 19 56 55 6 36 95 66 1 64 39 28 10 ]
[15 87 4 66 79 20 64 43 0 78 77 89 38 11 72 31 78 29 48 83 1 53 52 71 54 67 50 6 6 28 80 19 30 72 12 86 72 82 60 38 94 99 0 34 15 21 36 3 82 59 8 19 30 75 55 40 26 59 34 48 44 61 59 90 97 77 82 81 30 37 74 62 92 43 89 56 8 23 4 77 49 50 77 58 46 98 65 24 74 57 16 97 49 64 23 43 43 0 76 9 ]
[6 20 14 45 70 30 55 27 96 90 54 42 65 47 86 81 99 22 8 92 39 1 49 45 11 63 68 52 45 60 17 8 23 98 24 37 78 64 90 67 73 21 41 0 65 76 98 9 56 51 12 74 25 14 98 37 1 80 57 11 3 62 65 45 3 38 91 28 41 80 89 86 0 47 29 35 47 59 57 88 26 49 53 68 22 98 6 19 23 8 79 15 1 82 60 70 6 18 67 83 ]
[62 70 25 58 36 51 4 22 64 69 2 51 4 7 24 82 69 4 77 25 50 75 58 97 84 1 31 51 14 51 70 48 42 82 42 59 71 37 95 9 79 14 3 20 0 3 15 96 33 24 5 53 80 96 69 62 2 53 52 1 82 14 41 69 89 96 85 36 58 23 97 58 99 69 94 5 40 23 33 44 41 31 51 43 97 3 37 58 77 24 56 80 38 13 54 38 41 67 68 72 ]
[29 87 65 61 35 31 18 72 80 89 75 7 33 3 68 74 17 99 1 36 78 68 74 90 86 65 79 55 58 55 45 2 54 31 56 26 67 59 48 25 2 65 35 23 16 0 80 41 64 63 31 78 32 2 99 72 13 19 36 77 96 34 35 81 14 5 42 38 10 38 5 19 96 89 47 97 25 45 3 6 38 92 46 3 64 18 34 37 53 9 57 44 92 97 52 41 71 55 53 4 ]
[59 45 68 66 82 85 8 55 8 61 50 93 56 40 47 3 40 64 41 90 69 94 59 19 92 2 73 40 73 49 72 54 19 38 70 9 37 50 61 71 0 71 63 52 71 89 0 22 37 89 42 91 11 2 57 30 57 93 55 39 11 88 28 1 13 1 58 87 9 93 5 90 54 7 22 92 9 89 6 94 44 41 58 42 82 33 4 17 14 92 84 4 20 28 61 25 44 52 30 3 ]
[69 26 99 78 27 91 52 18 32 16 31 77 1 61 37 51 59 48 87 42 88 41 31 14 34 85 50 96 72 97 98 79 53 54 44 10 8 37 7 29 92 61 20 77 98 2 71 0 13 76 80 52 84 25 99 84 48 46 84 46 43 52 54 50 49 19 60 22 60 16 74 54 37 18 4 36 22 13 43 41 15 64 59 36 99 41 48 57 20 99 62 25 68 73 17 65 58 62 7 22 ]
[32 9 49 64 41 99 33 35 68 64 89 37 68 19 93 14 36 38 24 22 85 26 55 6 73 62 47 75 32 28 44 55 56 7 79 42 0 81 47 80 69 32 14 32 47 79 5 77 0 97 50 12 72 83 64 96 18 8 68 17 3 23 53 12 5 68 39 4 2 70 61 14 18 90 62 85 12 0 97 36 64 34 76 15 78 57 98 93 84 74 72 21 11 62 30 59 13 55 9 46 ]
[88 73 68 34 12 2 54 17 47 26 25 42 32 50 79 36 26 73 55 17 98 2 3 76 37 4 41 35 79 50 86 29 59 93 21 52 39 59 67 18 9 29 87 79 81 7 73 50 66 0 10 74 73 54 52 52 65 16 81 38 39 17 3 97 62 25 78 82 95 3 25 2 60 24 73 89 22 74 86 71 27 56 6 44 33 9 95 55 15 58 62 71 11 96 27 91 24 84 77 40 ]
[71 49 56 62 37 98 83 93 24 62 64 25 18 59 81 5 76 28 25 82 95 63 43 84 3 67 87 59 22 71 15 21 7 56 48 48 14 13 2 14 73 6 49 97 14 1 56 30 82 26 0 44 83 31 34 47 58 7 70 62 24 82 55 65 50 88 23 94 40 76 50 23 29 29 90 5 58 83 90 88 10 30 76 34 30 37 15 99 1 47 27 37 95 39 31 74 63 49 66 25 ]
[51 95 24 88 74 38 56 69 88 25 52 26 50 44 98 14 35 23 2 45 2 56 63 19 2 28 54 74 87 12 70 23 54 77 74 8 14 75 22 92 75 70 3 65 39 35 39 97 18 68 21 0 4 25 8 43 88 48 43 98 93 91 75 31 39 52 77 30 21 77 47 90 97 77 14 49 31 63 98 29 23 48 37 50 50 27 91 60 35 32 96 54 35 97 45 3 99 42 74 70 ]
[75 6 21 77 72 31 76 57 60 40 77 67 8 85 30 60 45 5 84 90 98 54 89 99 35 20 43 79 49 25 51 77 14 57 90 38 58 94 95 31 51 68 0 83 36 51 65 79 85 86 61 0 0 65 42 40 44 58 12 68 91 14 89 68 77 16 83 79 80 59 59 1 47 59 6 81 0 18 43 91 39 93 68 3 74 14 12 33 83 48 71 69 97 37 56 95 58 39 36 3 ]
[20 95 2 16 32 87 16 62 17 46 80 60 28 46 33 38 7 81 46 66 42 32 17 24 31 97 33 51 14 10 13 91 71 89 68 63 81 5 0 56 31 36 48 64 83 60 61 22 62 43 31 47 68 0 88 89 18 49 2 4 30 59 35 62 41 50 17 69 65 16 56 85 80 6 8 44 29 33 68 99 98 64 4 47 92 95 31 57 3 48 71 18 67 73 48 52 52 62 60 3 ]
[95 36 70 71 82 98 64 66 63 54 91 31 49 85 90 5 91 45 12 10 41 15 6 6 79 22 81 97 49 56 31 1 48 46 5 96 10 62 37 54 12 11 93 52 72 34 62 88 18 75 73 91 3 62 0 79 8 82 48 96 2 70 84 39 1 68 1 20 66 67 2 25 74 76 23 6 44 64 46 42 22 91 80 26 58 70 94 36 7 98 32 62 79 86 22 0 35 16 30 87 ]
[47 81 25 78 22 67 50 76 14 78 63 72 1 46 80 65 42 31 50 57 87 27 47 2 75 40 69 66 95 76 2 97 65 4 82 55 59 47 98 35 80 22 17 7 19 45 66 9 36 69 20 0 16 87 32 0 84 85 77 77 41 87 86 41 52 28 35 50 31 99 83 36 62 12 10 58 84 40 49 32 39 34 96 38 25 25 15 99 88 82 29 30 53 7 96 16 79 1 5 56 ]
[80 33 17 99 74 11 38 47 34 58 8 47 75 40 50 86 49 7 70 19 29 92 74 21 23 14 99 83 83 22 45 65 73 86 12 93 96 15 27 86 48 3 57 62 78 1 56 46 88 11 86 3 76 87 51 53 0 97 83 23 97 60 74 18 98 64 35 32 98 53 64 80 11 80 71 13 72 79 81 32 5 41 69 89 11 27 7 38 88 93 13 18 35 71 98 99 20 1 83 1 ]
[84 10 61 19 12 81 13 3 32 4 44 64 16 87 14 9 54 51 26 34 85 13 86 26 5 15 39 53 12 6 89 36 87 63 8 52 87 56 85 78 94 7 69 94 92 84 78 98 8 41 94 70 0 10 35 73 75 0 56 17 62 64 87 18 99 76 59 20 60 15 47 64 90 21 57 87 96 71 67 50 10 1 64 53 94 37 89 75 0 20 53 52 37 5 94 35 9 81 5 76 ]
[54 24 63 31 86 36 28 69 42 17 36 47 74 79 96 94 23 40 81 69 68 81 41 87 68 55 85 85 36 89 77 89 74 46 73 52 63 33 55 79 75 96 70 62 79 57 81 68 93 31 27 35 55 44 75 12 43 69 0 42 9 52 33 81 46 69 77 72 1 79 85 46 34 29 75 55 70 9 57 71 44 42 7 23 30 36 77 33 98 39 59 15 6 54 51 50 40 51 24 24 ]
[32 63 7 55 63 1 1 89 8 72 24 22 63 96 53 82 22 53 54 70 95 13 9 50 18 42 28 36 45 46 39 62 70 31 1 40 64 33 82 11 43 73 83 78 21 52 27 57 66 2 71 43 83 98 65 33 65 43 5 0 77 27 62 14 99 64 75 82 96 80 58 3 96 25 89 54 62 47 16 21 48 48 51 45 21 96 59 50 37 11 53 72 73 80 35 69 47 91 64 53 ]
[33 35 98 55 57 23 51 0 59 47 36 23 13 45 9 19 28 73 80 91 27 10 66 74 95 73 88 24 91 18 12 65 96 88 1 26 60 49 20 25 42 33 13 39 4 28 43 49 30 38 10 37 75 20 54 27 96 20 60 25 0 50 24 97 73 67 83 21 41 80 71 34 30 63 21 71 19 5 12 22 53 66 31 69 91 12 45 41 77 42 83 96 45 48 28 4 20 71 2 32 ]
[73 28 17 37 80 42 53 91 99 16 31 73 35 78 93 40 7 49 26 4 55 49 75 48 42 72 66 64 77 95 60 62 78 10 22 29 29 93 5 62 95 15 63 29 64 93 27 98 33 45 35 94 59 13 93 53 93 68 27 8 32 0 48 96 42 39 81 17 46 32 88 46 44 87 15 26 13 25 56 23 36 93 83 37 4 7 65 53 10 60 88 33 13 29 47 74 34 91 12 1 ]
[28 70 34 6 7 64 69 41 96 1 26 96 56 8 8 48 92 74 21 13 75 71 10 65 43 78 98 88 49 78 65 43 37 50 6 88 36 40 92 58 27 66 88 65 37 62 51 23 63 47 85 4 8 96 52 4 42 32 79 99 24 96 0 61 56 8 97 37 21 22 12 87 48 46 64 12 89 50 63 25 77 73 87 42 76 75 2 85 15 40 74 54 75 32 81 96 60 15 77 21 ]
[34 60 81 62 30 50 85 66 87 52 84 55 3 59 95 36 30 30 22 94 25 60 95 42 70 79 79 0 85 68 4 41 8 60 33 30 15 20 11 70 22 54 76 52 83 28 17 90 47 30 89 10 5 39 3 69 41 59 24 67 68 22 99 0 6 95 67 70 14 68 3 47 37 9 97 29 75 60 41 41 59 49 54 35 10 0 46 47 12 3 7 87 52 35 94 31 77 5 8 7 ]
[43 32 29 72 48 75 76 31 77 63 53 87 64 75 34 81 88 42 94 49 33 39 1 45 42 48 50 97 72 7 54 57 48 51 83 54 11 6 98 16 90 16 74 83 76 2 60 62 71 72 37 48 95 33 86 92 5 96 88 40 59 0 62 37 0 76 2 52 41 37 29 51 56 15 31 27 33 57 44 23 45 59 7 96 77 89 1 14 75 68 51 86 70 96 32 80 95 5 16 21 ]
[55 91 89 12 88 78 68 63 68 71 95 0 98 14 72 43 42 31 32 61 3 27 16 8 55 95 50 92 34 50 39 67 73 56 77 4 54 95 78 85 93 89 55 77 47 49 31 77 6 76 2 67 20 82 70 11 42 66 38 60 31 42 52 36 61 0 81 51 47 28 74 44 95 48 97 84 9 84 94 84 6 5 88 31 72 74 0 24 63 49 9 7 4 52 72 33 73 26 77 77 ]
[96 66 76 54 17 81 43 50 30 28 10 65 42 61 90 69 31 54 80 54 73 80 38 90 79 52 93 34 42 40 13 46 63 45 77 24 58 36 9 65 69 36 96 54 65 52 31 2 12 1 20 5 45 34 74 16 32 26 27 80 85 29 39 1 77 85 0 57 22 46 23 20 9 59 94 77 65 71 12 73 22 19 67 71 11 23 75 51 73 69 58 37 3 82 72 78 96 88 76 39 ]
[4 42 16 81 18 93 41 49 65 85 82 30 17 82 88 13 68 10 0 62 25 74 51 46 10 46 22 88 14 53 73 60 70 51 44 83 26 50 89 20 75 43 79 65 69 74 52 78 70 8 29 19 18 82 93 99 77 83 38 33 29 40 4 20 58 64 20 0 92 11 98 29 50 54 69 32 78 69 14 24 3 54 59 78 63 35 5 36 17 75 87 8 8 89 14 36 36 49 40 77 ]
[82 98 32 9 11 43 65 45 31 10 30 89 92 25 6 36 37 13 9 79 49 32 9 72 36 51 3 98 16 83 77 66 80 13 48 82 23 54 47 98 85 66 39 45 37 36 83 68 95 71 85 91 10 36 18 13 50 17 3 1 26 93 35 91 33 81 49 54 0 97 9 28 22 11 90 25 75 86 33 67 14 61 52 61 21 65 23 53 20 53 2 57 87 27 66 53 87 56 1 88 ]
[47 44 39 17 43 37 16 29 36 57 5 57 23 96 93 58 58 95 44 5 12 29 55 87 43 63 19 9 93 52 5 2 58 86 36 68 90 67 93 14 12 44 95 83 44 10 23 51 15 4 57 42 40 12 3 39 50 2 96 68 14 44 59 60 32 9 59 73 33 0 87 93 70 11 97 16 38 86 50 55 52 75 42 59 27 50 90 33 21 44 23 44 26 84 39 29 39 80 46 3 ]
[27 84 56 8 5 30 9 90 80 79 16 37 5 85 65 89 92 56 67 33 72 47 47 46 36 15 58 89 34 40 11 43 28 80 26 81 24 95 54 42 80 98 58 36 59 17 73 6 9 71 74 73 86 35 2 39 86 57 54 49 52 8 6 77 31 32 64 61 54 79 0 98 3 92 48 27 82 64 20 12 80 84 30 39 13 26 85 21 44 1 74 51 6 98 23 88 24 32 75 98 ]
[36 44 10 85 24 79 26 90 92 55 66 46 54 94 29 30 2 70 32 71 34 12 82 81 66 65 79 47 16 64 11 93 29 97 25 54 17 82 63 94 87 33 79 11 10 70 70 10 40 20 23 34 3 64 25 76 22 3 22 72 98 10 17 35 89 46 39 53 66 3 37 0 27 63 94 11 29 48 62 19 39 66 70 48 68 22 48 20 15 22 0 20 83 50 18 96 10 51 7 47 ]
[47 20 25 29 69 20 35 27 52 2 29 65 9 99 79 51 56 84 60 62 73 57 56 16 47 58 96 90 67 5 4 63 51 52 64 79 9 44 92 67 49 46 93 79 26 82 29 40 74 29 64 35 14 85 2 52 9 0 90 43 66 92 34 1 96 98 25 49 94 33 64 62 0 9 4 12 75 93 54 59 4 8 95 39 14 4 54 91 27 70 35 5 55 46 39 47 32 85 81 83 ]
[80 95 44 11 33 40 23 44 32 32 93 91 56 65 1 81 49 79 98 64 73 78 31 25 29 47 35 69 31 2 99 33 69 92 8 46 86 35 26 19 56 11 80 64 46 80 3 99 4 39 63 14 69 44 86 25 2 78 55 86 98 36 97 20 98 62 0 1 65 54 70 70 81 0 97 31 91 16 53 53 1 54 85 17 98 32 90 39 60 40 0 1 61 39 45 75 37 32 86 86 ]
[23 63 9 25 35 26 93 52 43 23 97 27 7 97 91 52 98 42 9 74 27 49 53 85 13 10 4 33 34 84 23 6 96 79 46 35 44 70 15 48 65 40 48 15 35 11 86 58 3 15 71 26 84 17 23 50 47 96 88 37 70 77 61 7 29 67 68 74 17 79 95 54 76 51 0 83 83 93 14 49 50 89 1 90 96 57 52 23 38 54 76 80 11 12 2 90 41 33 35 81 ]
[8 99 87 36 2 11 53 51 78 82 60 54 69 70 71 12 38 51 70 10 14 41 97 60 9 1 92 98 85 75 22 76 79 24 0 94 17 20 35 47 26 24 55 54 59 19 89 8 0 37 92 16 6 98 74 90 76 46 35 8 19 50 48 42 77 98 33 54 91 20 17 72 98 36 68 0 56 61 58 96 28 77 62 49 23 87 21 28 97 29 74 88 98 20 8 35 24 52 81 83 ]
[4 15 18 96 33 86 22 15 83 8 35 7 36 98 17 74 92 59 90 9 56 19 99 29 20 55 40 50 28 70 52 35 12 19 20 68 91 74 81 90 78 82 5 42 17 53 83 76 80 49 44 96 27 30 95 30 26 83 6 84 99 0 90 54 25 25 42 26 46 27 48 17 45 13 52 80 0 98 27 90 2 78 42 54 40 10 15 40 52 93 88 32 49 31 85 21 44 92 9 15 ]
[98 87 57 81 29 69 8 7 99 14 12 10 46 96 39 53 11 17 67 43 42 98 51 60 48 4 94 6 7 90 74 45 35 71 33 8 36 49 62 26 66 60 20 83 19 93 48 52 26 32 76 30 43 4 6 35 28 77 44 70 88 99 2 86 91 76 79 26 5 60 10 76 50 14 33 55 97 0 57 65 68 80 40 14 22 60 54 50 58 36 52 42 70 96 70 72 61 54 36 91 ]
[92 53 42 13 74 1 41 28 56 46 69 97 81 51 89 46 38 62 60 46 96 8 46 57 20 0 2 59 38 73 55 89 1 41 32 28 78 45 58 3 25 8 22 24 3 18 92 46 52 9 41 28 2 36 46 72 25 21 0 47 90 51 1 45 91 51 85 38 45 96 13 20 80 64 67 69 4 54 0 86 68 80 99 25 7 15 72 24 58 86 77 15 8 63 88 6 41 46 58 79 ]
[14 59 27 0 6 90 41 88 18 84 39 80 73 96 38 8 36 68 88 24 35 6 16 54 97 27 13 25 32 29 58 22 40 40 70 76 77 18 68 73 21 23 65 58 75 24 69 65 98 77 57 2 59 80 98 25 65 0 6 60 9 71 74 38 63 12 20 80 38 24 12 27 21 70 29 95 66 2 58 0 64 84 74 12 62 33 3 32 32 50 27 72 85 17 44 87 93 7 31 25 ]
[88 98 24 55 13 74 7 53 37 7 12 59 91 77 89 68 91 26 53 96 84 1 33 80 24 95 87 47 46 32 51 99 92 67 95 86 60 30 27 16 42 12 54 13 20 3 69 54 17 24 12 90 68 95 53 11 14 12 91 84 24 55 87 65 42 15 95 21 99 11 71 18 6 14 31 81 9 33 32 85 0 40 29 76 87 88 33 94 72 41 26 61 27 35 83 37 37 82 81 14 ]
[77 88 97 44 75 39 82 72 99 85 71 22 88 17 5 85 97 64 20 59 55 7 51 76 8 63 58 27 58 85 73 3 73 11 37 68 64 45 97 33 27 13 82 84 31 63 8 82 37 26 52 94 76 30 3 65 71 90 3 86 12 33 31 2 63 36 41 25 6 15 97 39 31 42 12 96 8 59 68 82 20 0 23 29 77 86 63 13 28 17 91 63 93 48 89 67 98 69 60 70 ]
[33 87 50 22 41 87 30 24 45 25 50 21 67 80 2 50 97 53 66 62 51 97 63 11 84 83 19 21 81 18 46 0 19 77 91 78 50 26 85 64 85 43 2 51 6 4 35 59 0 64 67 15 50 87 12 35 10 17 20 72 74 22 91 98 19 99 56 35 36 17 92 45 8 27 75 53 57 19 42 69 79 80 0 55 3 8 22 8 54 23 12 21 71 28 51 47 22 60 86 94 ]
[22 13 80 21 80 3 44 93 39 68 46 52 64 85 35 43 37 11 42 28 20 31 1 2 94 85 20 53 94 68 1 80 79 41 14 96 8 99 94 36 16 82 60 27 6 25 32 30 0 79 66 38 38 73 23 77 96 30 79 52 36 27 70 25 1 30 54 81 53 78 13 59 93 35 48 94 95 47 40 78 91 36 81 0 43 49 79 19 85 36 91 1 20 51 69 82 41 93 7 72 ]
[13 25 62 14 40 57 16 93 45 89 56 86 18 72 72 46 83 75 97 25 64 61 42 74 8 72 36 6 32 1 2 36 48 86 84 65 69 7 9 51 21 43 28 38 24 9 89 58 21 36 6 39 81 72 73 74 21 57 52 15 79 4 78 81 50 33 17 92 22 62 96 55 41 26 24 26 30 43 80 60 15 98 4 51 0 18 75 61 59 26 41 35 37 73 78 16 42 94 95 17 ]
[81 48 6 75 53 23 86 24 8 20 87 95 55 62 69 85 35 31 53 60 22 74 65 18 13 26 60 82 51 54 36 53 1 89 57 0 4 46 75 52 40 16 86 75 19 14 66 52 33 55 74 3 16 61 56 52 62 18 87 72 51 68 41 50 68 87 39 20 13 92 45 52 3 39 5 27 48 3 99 55 78 54 66 63 31 0 7 46 27 26 10 86 0 80 4 85 19 4 49 56 ]
[3 69 17 90 73 40 55 11 80 19 54 57 39 60 95 11 18 42 82 4 68 54 50 22 26 2 62 71 74 34 6 61 22 31 36 92 36 55 3 69 4 49 39 64 14 29 88 32 90 78 37 10 78 50 23 80 62 56 29 27 29 7 72 87 51 20 32 60 19 79 15 16 96 95 20 34 73 7 1 61 85 25 14 45 3 99 0 9 65 24 52 80 70 48 89 40 91 68 43 83 ]
[90 35 35 61 34 51 19 60 55 77 17 62 56 94 31 25 62 56 84 7 8 27 63 53 87 82 41 20 62 67 63 35 97 26 49 90 91 65 84 8 73 26 61 47 62 59 85 52 59 56 65 16 81 55 17 25 82 98 82 94 98 51 27 64 19 99 96 2 68 89 48 87 84 4 98 86 23 16 85 23 28 86 91 51 9 51 9 0 18 55 74 9 82 35 51 6 64 71 45 29 ]
[1 30 49 21 79 67 92 96 49 61 34 43 23 9 47 79 7 64 28 61 41 14 78 81 69 8 84 77 70 25 87 78 76 50 33 93 64 87 16 59 97 8 54 35 65 15 27 78 97 44 47 72 46 77 68 58 99 41 98 44 3 23 84 59 67 66 37 41 34 35 22 15 99 68 1 35 42 67 92 12 66 54 90 2 7 88 73 44 0 31 28 95 72 20 5 0 21 40 13 25 ]
[60 28 97 78 95 15 91 69 33 4 58 19 14 26 62 11 71 76 68 12 34 82 23 63 26 40 89 80 90 71 77 92 17 2 69 78 86 41 65 4 2 37 20 7 96 61 81 9 61 87 73 97 46 14 29 24 10 13 47 6 32 61 19 21 63 17 40 19 50 59 59 79 9 74 68 22 29 99 97 57 36 44 19 17 26 4 17 32 81 0 96 38 27 61 20 76 91 84 56 92 ]
[35 25 0 80 12 84 49 59 55 3 79 84 95 8 15 16 73 85 60 95 57 37 96 73 30 41 84 7 53 63 36 30 75 21 52 68 21 23 32 65 12 98 85 24 82 86 73 51 0 11 12 82 74 17 19 86 22 16 47 16 39 48 4 39 44 53 33 20 86 31 47 70 53 85 36 75 22 91 99 48 99 58 46 47 13 57 42 18 47 42 0 31 56 82 83 20 84 84 5 51 ]
[35 12 68 67 78 96 32 4 10 71 93 27 9 68 82 27 38 58 9 11 65 45 50 87 75 24 50 96 51 28 48 31 27 66 53 51 29 27 58 14 49 9 80 47 88 10 17 32 30 78 88 70 34 26 93 49 8 85 46 55 77 89 97 0 98 44 9 21 88 19 2 26 20 74 5 14 94 76 60 76 40 88 89 95 64 48 88 24 34 8 97 0 77 50 12 57 55 67 89 37 ]
[52 93 94 73 49 20 80 50 35 54 43 87 66 38 40 47 21 1 16 10 56 60 55 43 24 99 76 21 11 22 87 51 75 83 38 23 33 69 77 37 61 56 30 1 96 41 92 25 12 66 15 59 28 6 99 62 97 62 82 38 17 46 24 88 10 75 79 65 93 94 44 65 91 14 44 16 83 45 1 2 81 59 27 88 89 32 26 78 46 1 7 47 0 33 15 43 30 98 81 93 ]
[4 1 25 80 78 91 8 6 69 66 11 93 86 94 18 95 53 15 0 22 59 3 57 10 68 65 14 31 90 79 62 75 25 94 11 2 8 17 29 22 44 74 88 11 89 15 40 49 53 59 74 84 85 3 37 78 72 11 60 52 6 14 71 70 96 49 39 86 55 6 72 36 7 46 97 50 27 92 75 85 32 42 1 79 16 70 58 59 75 23 80 52 14 0 29 89 34 24 46 59 ]
[88 28 76 65 2 38 82 45 28 40 89 63 20 12 9 47 85 31 17 94 35 9 16 70 1 13 23 44 42 14 30 99 19 18 59 62 61 68 66 50 15 21 18 46 56 71 56 57 74 53 2 33 35 64 50 74 89 0 73 89 27 24 45 2 72 82 6 5 56 60 23 8 97 61 41 22 71 96 60 7 16 6 58 96 65 58 48 66 68 50 59 91 77 57 0 44 6 26 97 60 ]
[4 35 73 74 18 53 34 42 68 38 54 82 89 67 42 94 23 35 36 49 85 50 26 9 76 77 79 48 25 50 35 36 35 96 89 59 40 7 54 29 0 24 74 87 5 9 48 92 49 6 60 87 59 40 21 16 76 0 17 80 18 97 53 84 3 54 13 76 70 85 52 32 34 48 86 21 61 7 8 23 27 88 1 69 32 53 51 19 11 94 5 48 90 94 12 0 29 98 67 74 ]
[4 22 76 47 71 15 46 79 9 24 52 14 25 81 6 60 47 26 41 53 81 16 70 10 36 51 40 61 86 23 90 95 97 34 92 48 29 36 22 25 78 51 41 12 41 93 59 4 95 9 96 59 41 94 13 55 48 35 18 5 2 58 27 7 89 3 41 15 3 25 80 9 88 36 89 91 37 9 32 73 67 76 25 23 88 72 0 8 85 43 27 29 45 35 17 96 0 34 74 85 ]
[3 31 29 79 31 39 83 62 60 3 31 24 32 34 46 54 91 9 95 46 0 94 14 37 11 39 78 37 58 36 21 2 31 56 88 85 40 76 83 75 48 18 71 67 90 69 94 96 4 8 58 86 90 90 19 26 20 69 68 1 78 91 65 75 5 50 18 80 85 57 6 75 89 31 38 8 88 58 51 34 30 97 27 45 77 0 4 62 84 90 44 78 25 95 70 41 93 0 11 3 ]
[43 4 62 43 60 91 81 49 41 42 19 25 28 43 4 97 37 82 79 85 29 68 59 4 47 99 94 93 11 25 1 55 45 53 49 68 44 19 6 1 6 60 37 3 39 24 18 96 46 50 68 77 9 25 69 63 8 70 39 15 48 82 98 84 58 30 46 87 49 4 69 1 6 91 81 15 78 44 53 67 80 32 77 71 16 44 72 34 90 26 62 90 38 8 98 11 62 40 0 7 ]
[82 52 16 37 45 36 30 74 40 75 87 95 72 84 61 52 63 50 77 46 3 1 47 11 48 2 27 32 5 94 79 43 38 38 7 7 67 66 18 5 90 61 31 75 9 42 97 27 59 9 15 46 89 44 30 9 69 61 53 78 54 62 78 13 88 71 3 55 55 54 62 63 89 58 78 69 87 32 30 20 22 25 50 62 71 86 97 36 81 44 9 72 55 96 64 13 65 79 71 0 ]
];
