nbGenes = 40;
preference = [[0 44 87 2 76 42 36 99 62 67 40 12 44 58 19 94 87 97 25 96 78 0 87 51 90 5 30 38 36 60 56 16 86 83 49 59 11 67 56 80 ]
[51 0 81 22 6 67 57 44 78 19 46 73 55 38 38 67 97 71 0 51 93 51 54 93 52 9 94 45 65 73 95 72 28 29 7 74 28 43 21 48 ]
[5 21 0 97 29 27 72 33 4 80 34 39 39 92 0 68 83 35 83 79 98 4 18 6 39 51 3 64 72 21 25 89 85 4 39 97 8 68 98 39 ]
[50 89 34 0 36 17 89 63 86 43 6 25 93 78 30 84 13 51 13 3 37 86 28 43 89 66 16 76 0 59 41 36 61 32 51 38 96 69 99 54 ]
[6 49 86 3 0 68 25 64 45 17 43 90 20 7 66 98 28 81 58 46 8 94 32 78 13 71 89 81 20 56 1 42 80 23 4 47 66 9 89 64 ]
[36 52 33 71 53 0 48 63 46 65 38 39 34 3 25 6 94 57 19 47 27 67 23 76 0 87 29 6 14 77 9 1 36 58 37 82 74 54 41 62 ]
[81 19 38 12 57 5 0 59 4 2 48 72 36 15 47 25 29 82 24 24 51 80 54 78 40 24 13 42 18 58 83 15 13 42 52 83 79 80 34 20 ]
[63 41 57 24 38 88 59 0 51 15 15 69 83 78 93 59 3 42 34 8 67 36 13 15 37 16 10 30 74 87 47 73 67 93 80 7 21 83 62 72 ]
[11 36 31 18 88 17 18 78 0 18 87 63 70 23 94 29 32 1 51 71 12 77 69 65 34 21 21 11 95 70 3 98 44 71 66 1 10 52 65 60 ]
[83 84 95 80 13 67 22 64 13 0 43 33 79 26 52 75 76 13 21 22 67 43 59 81 99 7 3 71 76 99 89 28 29 63 13 97 83 23 4 37 ]
[55 29 65 69 77 81 72 35 28 39 0 53 46 0 5 22 51 99 85 27 8 95 3 58 32 50 68 40 74 98 17 39 79 45 98 71 46 76 89 96 ]
[55 60 10 63 26 68 80 96 5 75 4 0 21 55 15 76 72 36 22 53 23 90 92 2 52 42 73 88 35 30 23 67 71 57 69 75 26 46 85 28 ]
[95 40 90 44 59 26 87 93 23 56 8 70 0 4 98 1 91 93 64 77 17 38 53 21 54 87 20 44 77 57 86 48 90 18 84 22 37 46 7 63 ]
[84 8 38 75 46 17 36 58 97 64 69 44 20 0 52 95 63 77 32 66 40 38 43 43 53 36 61 25 29 87 56 19 84 94 21 86 33 62 15 42 ]
[8 89 91 76 45 60 17 55 57 8 46 66 97 46 0 87 4 43 3 64 12 17 21 94 46 20 68 92 88 27 24 16 20 37 66 89 92 7 82 76 ]
[45 69 30 93 79 60 21 4 88 57 93 25 52 93 4 0 8 1 59 42 56 23 8 73 12 39 7 93 43 12 41 28 63 0 94 59 47 27 98 29 ]
[33 35 19 84 87 41 48 97 5 13 95 96 6 88 38 55 0 51 89 91 48 7 44 20 71 7 84 94 54 79 37 10 98 0 82 10 76 85 44 56 ]
[37 47 63 13 60 85 84 39 19 66 91 54 25 69 64 31 77 0 54 95 61 11 50 47 39 35 50 54 90 33 31 22 84 28 93 75 74 46 57 43 ]
[78 98 93 45 32 84 87 79 83 78 76 68 61 95 78 72 11 33 0 39 13 98 54 76 47 69 31 1 4 94 6 79 52 98 85 84 40 42 67 85 ]
[39 53 63 18 35 66 15 7 63 52 79 62 22 62 79 20 36 53 83 0 36 50 64 9 21 55 7 10 28 33 90 82 13 95 14 43 90 43 28 41 ]
[77 15 63 31 55 72 89 81 35 94 18 14 50 67 20 91 4 43 26 31 0 36 65 90 6 44 0 75 51 50 6 55 87 58 73 26 86 86 74 3 ]
[11 46 82 49 33 40 20 66 8 74 56 88 33 91 77 84 59 52 64 75 71 0 38 81 94 53 81 43 14 51 28 23 33 18 10 97 53 61 6 64 ]
[2 3 30 77 14 94 90 46 50 22 26 16 57 92 49 90 85 30 25 19 1 17 0 49 90 51 35 55 91 86 69 63 59 67 99 84 18 51 61 59 ]
[43 27 6 17 85 44 68 75 27 76 55 93 35 47 79 67 27 24 25 17 68 45 22 0 68 90 28 91 18 92 90 88 50 34 57 75 92 19 77 43 ]
[28 62 99 85 25 66 43 3 24 44 71 29 13 94 70 90 78 15 68 60 90 75 50 39 0 73 96 81 42 19 5 99 99 48 32 57 67 8 14 89 ]
[9 37 43 25 45 33 96 82 62 42 44 55 44 54 97 55 5 29 20 44 68 21 10 85 81 0 53 50 23 55 86 75 22 42 76 79 27 75 43 72 ]
[34 8 51 7 47 78 24 10 92 90 19 93 98 87 56 80 71 93 50 61 4 57 83 92 24 58 0 75 7 1 88 1 87 99 18 94 9 85 1 19 ]
[68 55 83 37 72 86 77 99 35 94 76 3 3 13 27 69 47 83 36 20 13 65 68 82 61 4 29 0 3 38 87 23 38 33 74 68 58 69 65 5 ]
[56 96 90 69 31 63 31 28 57 90 27 80 41 9 1 66 19 81 67 62 25 1 54 36 15 33 20 39 0 77 24 57 45 81 44 75 46 30 29 23 ]
[24 44 8 7 4 40 7 59 94 84 42 48 31 84 16 78 46 60 20 5 19 22 27 98 71 58 80 49 59 0 45 83 61 47 60 79 34 59 66 54 ]
[60 38 95 53 31 39 18 26 70 50 20 7 42 27 56 43 11 80 92 72 58 62 84 35 12 88 53 94 19 39 0 48 35 62 33 82 32 79 16 61 ]
[76 46 68 68 77 38 46 56 48 51 74 82 71 6 35 80 68 77 52 63 17 89 13 83 25 15 42 65 29 41 70 0 81 93 72 82 11 17 39 97 ]
[25 22 58 95 51 19 83 5 20 11 87 5 7 35 70 84 93 97 96 65 67 12 38 73 9 5 46 82 42 63 22 72 0 63 85 23 61 45 36 28 ]
[91 27 50 86 65 32 18 12 52 87 89 36 99 43 0 80 48 51 5 93 8 82 95 22 70 33 75 28 57 1 43 80 36 0 26 63 40 95 23 90 ]
[60 73 60 11 96 57 2 87 55 85 77 65 74 90 23 83 54 20 41 52 84 40 5 57 79 38 34 13 22 86 51 13 1 86 0 37 7 21 96 5 ]
[68 25 1 11 22 61 99 81 69 70 85 77 47 59 86 66 62 1 31 61 81 88 54 64 57 20 72 68 92 62 53 41 28 24 62 0 47 79 82 99 ]
[49 26 55 81 9 40 74 1 8 37 20 83 8 57 99 73 19 15 26 15 12 48 48 89 57 30 58 88 33 50 7 46 11 41 25 94 0 54 9 97 ]
[17 68 21 39 17 11 14 5 30 76 47 51 72 95 93 28 92 17 63 9 61 75 53 4 13 57 49 53 39 33 60 33 90 36 52 12 66 0 20 76 ]
[26 11 23 84 20 89 57 52 77 15 30 66 6 51 17 78 43 49 4 76 89 53 7 79 55 78 66 23 79 79 20 87 80 99 14 20 29 6 0 57 ]
[24 64 95 79 42 52 31 34 43 40 89 42 57 11 4 55 57 14 87 9 10 73 79 57 36 77 56 94 98 7 7 75 84 12 40 83 76 93 35 0 ]
];
