nbGenes = 50;
preference = [[0 37 82 0 91 70 63 32 19 12 68 69 17 31 47 91 11 8 42 72 20 71 91 15 35 43 80 52 57 72 45 75 6 18 64 17 62 80 50 5 88 9 40 73 8 88 18 94 30 70 ]
[75 0 61 29 98 57 94 66 23 61 57 85 56 88 88 94 13 48 42 74 36 63 68 61 41 73 34 9 33 22 26 25 6 72 82 46 40 10 78 73 80 75 99 15 52 54 21 84 3 81 ]
[85 2 0 11 85 32 15 20 49 45 72 41 46 42 66 96 82 57 22 75 65 68 51 25 60 29 92 24 59 73 43 86 42 49 25 53 16 42 44 81 12 86 2 77 87 55 19 55 89 26 ]
[46 7 27 0 26 50 24 97 10 47 4 66 45 44 82 59 92 33 40 75 43 68 3 22 8 10 86 68 99 13 13 56 2 51 54 77 52 43 2 63 64 18 45 62 63 78 36 95 80 86 ]
[49 86 24 91 0 21 64 29 37 25 70 37 74 97 30 51 35 48 75 72 89 10 88 55 19 1 61 21 10 72 42 93 67 3 43 27 36 12 10 9 57 91 21 19 66 21 99 96 26 59 ]
[74 28 28 32 0 0 60 11 93 25 45 80 67 88 82 76 36 21 58 29 15 36 84 76 54 62 47 85 30 14 30 2 66 5 33 11 41 70 54 52 91 60 38 99 58 99 62 86 91 16 ]
[1 38 65 42 63 31 0 61 93 19 10 58 18 19 87 35 56 82 37 47 52 79 98 80 3 44 56 32 65 18 48 87 64 25 50 17 69 23 94 64 38 41 48 4 49 72 30 75 20 10 ]
[46 86 20 38 74 7 36 0 4 76 9 45 65 36 60 65 45 34 7 49 5 51 68 79 27 33 47 56 78 70 58 97 12 95 81 64 37 66 55 97 18 80 37 2 61 13 5 82 98 8 ]
[63 62 65 35 2 38 83 76 0 74 70 77 11 64 61 41 6 58 83 59 58 51 44 82 99 46 55 15 87 0 67 14 30 51 78 95 72 7 25 0 89 83 6 9 37 76 89 84 47 10 ]
[81 41 99 20 58 14 24 63 72 0 81 31 38 88 1 35 28 87 32 98 38 51 53 6 96 19 78 44 58 37 37 77 70 68 76 36 12 44 71 12 68 9 72 95 44 8 81 44 45 10 ]
[44 58 91 82 73 36 88 46 83 3 0 36 96 54 75 8 20 27 25 68 69 6 77 93 6 15 60 41 11 4 98 16 43 35 97 54 83 3 37 66 46 78 92 15 3 79 58 78 56 20 ]
[30 4 16 70 52 41 80 49 76 79 28 0 2 27 55 28 38 86 65 84 88 48 12 72 97 20 12 67 48 73 74 19 83 12 9 85 24 20 37 70 16 66 16 50 14 24 86 33 9 46 ]
[29 68 1 84 38 41 49 75 69 45 60 75 0 77 79 55 91 43 38 15 99 6 68 36 52 78 71 48 24 10 51 17 66 28 30 84 11 52 54 33 57 6 61 3 44 48 72 42 4 51 ]
[97 23 2 73 96 82 77 43 41 92 62 10 43 0 85 49 17 95 34 77 83 42 38 29 65 88 45 18 2 90 5 73 29 87 12 19 96 3 41 30 18 79 33 96 39 3 81 46 34 54 ]
[63 2 99 39 86 63 91 75 87 62 58 64 38 41 0 24 46 73 53 23 16 12 56 12 20 83 82 52 36 82 36 93 16 44 81 40 39 91 98 66 52 19 85 46 17 83 72 17 79 99 ]
[75 86 14 90 91 86 41 69 51 68 10 18 16 25 9 0 81 73 77 90 23 22 84 21 87 38 14 42 33 91 1 78 28 47 10 49 41 44 4 74 10 4 90 51 19 85 64 55 69 61 ]
[8 29 98 71 21 75 8 82 49 24 41 58 68 54 30 58 0 0 31 58 27 69 48 17 88 24 85 60 78 33 31 63 42 90 43 10 93 18 75 36 46 46 76 24 38 89 58 3 83 3 ]
[82 99 96 31 66 29 1 88 42 62 73 85 3 29 33 71 24 0 91 53 3 30 77 96 91 4 1 90 74 28 80 46 19 79 10 11 65 6 56 86 77 65 70 49 73 66 35 77 9 40 ]
[4 52 8 31 57 21 28 89 34 71 8 14 61 60 69 77 96 49 0 22 62 72 39 96 16 62 90 76 28 4 10 26 39 72 54 99 81 78 76 41 2 59 44 21 34 56 90 63 78 30 ]
[37 36 85 57 2 8 7 81 18 84 32 21 19 56 62 38 31 59 68 0 81 32 92 59 9 68 17 55 81 77 80 34 43 55 94 86 69 15 81 55 12 67 62 37 88 86 92 35 91 70 ]
[78 46 41 79 39 76 32 43 66 9 3 9 64 42 9 91 27 95 62 45 0 84 90 15 15 38 1 66 0 57 18 85 74 87 52 46 13 37 62 58 39 34 58 45 82 66 71 99 54 46 ]
[54 53 6 62 89 92 27 20 64 93 26 33 39 81 5 30 5 88 64 88 77 0 15 21 26 19 57 74 23 38 52 10 40 84 68 45 88 21 79 15 40 17 94 6 67 28 91 75 49 22 ]
[82 27 20 58 95 60 55 94 50 54 87 74 65 23 70 97 36 30 3 37 64 49 0 22 76 16 3 3 93 47 26 78 68 18 31 97 75 61 54 16 0 30 8 31 30 1 55 91 44 54 ]
[90 45 82 24 51 33 20 70 25 47 19 68 83 55 77 65 87 76 28 39 26 97 23 0 84 16 64 33 19 96 34 64 19 22 58 97 48 91 8 38 60 68 23 81 47 97 25 96 82 10 ]
[18 42 16 63 30 53 75 54 68 50 91 85 86 55 85 45 14 69 31 14 71 78 70 59 0 17 1 73 71 64 25 66 78 71 49 73 32 53 4 92 95 15 41 83 88 81 10 90 57 52 ]
[43 23 77 26 37 40 91 85 23 91 78 75 96 5 80 78 32 29 98 83 92 26 3 52 48 0 32 87 53 82 79 38 11 69 53 88 14 97 72 41 53 44 3 33 17 80 16 26 92 90 ]
[11 9 12 63 60 74 60 13 47 80 38 39 82 86 66 28 21 15 79 6 80 14 17 10 61 23 0 50 44 28 53 98 46 66 19 34 34 50 11 16 76 62 79 41 14 14 52 44 63 15 ]
[59 51 88 42 74 14 59 66 71 4 38 84 68 29 61 64 17 97 81 97 70 50 52 43 32 13 82 0 68 90 93 58 97 78 54 58 55 65 5 0 3 71 21 50 77 18 52 75 74 64 ]
[5 57 90 89 30 93 86 11 71 85 22 65 60 85 95 44 93 70 37 54 35 57 12 37 11 1 81 9 0 39 89 31 50 67 98 87 60 69 16 78 67 58 51 82 95 65 85 84 81 20 ]
[12 11 56 56 38 68 62 96 55 48 28 37 87 99 17 1 57 96 64 99 80 3 78 52 25 92 82 23 73 0 94 73 44 12 84 22 64 78 15 77 90 82 29 43 85 22 95 24 55 18 ]
[99 80 28 92 49 92 56 21 17 28 17 64 15 85 59 96 33 31 74 38 52 79 19 67 0 84 68 1 50 54 0 50 3 37 24 62 83 89 51 65 54 56 9 96 7 31 56 47 53 31 ]
[67 70 32 89 73 84 39 46 30 99 88 44 80 98 32 46 60 76 17 73 66 5 34 13 20 64 69 37 81 76 91 0 82 99 85 8 13 61 5 40 68 34 79 55 72 24 71 34 27 98 ]
[15 14 89 0 8 81 70 46 22 3 92 13 63 65 82 2 13 1 94 32 1 22 55 78 81 98 62 6 47 91 29 8 0 64 13 11 80 17 88 22 26 48 29 29 86 77 70 61 2 98 ]
[75 89 31 68 81 31 12 49 74 27 70 67 86 87 86 87 57 27 23 15 59 29 94 4 63 51 88 63 14 51 73 12 65 0 49 73 79 23 36 77 90 1 9 66 98 28 82 79 88 25 ]
[48 41 28 28 65 21 65 82 88 99 97 66 68 94 41 38 90 97 63 34 40 93 65 8 96 47 83 64 54 8 78 84 51 85 0 91 57 37 6 84 80 53 50 0 89 54 97 77 7 90 ]
[9 69 17 24 25 86 2 65 24 40 89 90 83 30 9 54 10 19 72 74 62 48 64 16 3 78 95 77 11 69 30 12 58 97 15 0 89 62 24 42 67 85 11 0 13 54 20 86 90 34 ]
[71 94 72 0 53 90 53 2 36 19 72 13 27 7 61 43 77 68 32 5 28 29 78 11 37 18 70 51 55 15 19 97 48 99 29 45 0 10 5 4 76 79 70 84 61 86 7 84 81 1 ]
[45 82 49 1 35 65 19 3 84 41 83 41 67 92 26 25 23 14 49 3 58 70 0 95 36 54 57 91 89 86 52 32 12 48 38 0 14 0 50 85 43 78 26 87 26 46 2 16 3 22 ]
[26 56 34 93 5 14 37 71 76 63 11 5 46 95 42 13 37 12 35 93 87 71 58 12 62 7 14 57 98 71 78 64 1 57 99 41 65 79 0 63 98 79 80 40 70 84 32 59 90 25 ]
[18 74 15 14 57 16 11 35 28 50 11 85 65 95 83 19 98 12 78 93 59 78 90 4 7 57 51 4 78 58 16 57 20 26 77 89 54 83 45 0 95 35 54 48 90 90 15 84 12 95 ]
[40 82 29 59 56 17 92 64 20 48 24 24 89 5 46 59 13 91 81 42 62 33 29 74 12 40 78 49 16 92 90 61 27 94 93 43 3 54 96 46 0 51 56 8 37 16 58 46 2 81 ]
[28 19 95 44 86 82 94 32 75 87 9 28 65 37 56 71 45 23 80 18 97 44 65 39 77 95 38 8 23 48 13 94 74 32 23 76 86 20 75 86 32 0 69 54 13 6 35 34 85 80 ]
[14 70 78 68 7 90 23 64 16 1 58 95 10 25 70 92 68 43 19 22 56 77 80 7 37 51 21 19 8 5 86 81 26 94 83 6 60 82 14 43 45 47 0 84 65 63 83 10 12 57 ]
[29 56 85 65 16 21 92 95 53 1 16 95 12 47 66 84 32 19 54 69 8 52 81 58 98 81 85 68 97 74 38 49 11 56 71 34 55 79 88 54 63 4 91 0 89 4 82 83 52 24 ]
[25 19 40 52 37 40 86 49 0 91 94 94 28 38 77 96 30 16 97 88 34 72 0 39 15 62 87 51 27 34 58 45 21 26 22 23 17 24 61 44 14 67 8 87 0 64 63 47 25 1 ]
[24 57 57 57 82 10 53 53 22 3 86 84 64 91 49 39 69 97 39 25 56 61 35 25 38 69 13 41 35 78 64 66 44 43 42 28 89 1 56 73 6 47 81 63 87 0 80 2 71 47 ]
[8 75 35 3 93 32 11 39 27 86 26 1 81 49 12 70 20 85 32 44 90 20 11 48 46 16 18 92 66 63 38 92 17 5 43 38 55 79 95 92 95 25 92 55 26 80 0 87 94 35 ]
[61 14 18 71 97 65 30 75 73 48 87 13 95 66 40 26 52 50 63 20 69 45 14 48 98 35 2 80 43 3 57 56 87 37 94 56 72 7 1 54 10 83 99 1 13 69 74 0 6 39 ]
[33 77 32 36 2 22 64 48 89 23 56 20 60 38 44 20 84 75 81 78 81 61 9 25 17 34 41 56 12 38 33 60 34 64 93 19 88 10 21 15 7 11 15 7 28 48 44 45 0 52 ]
[12 49 95 70 94 56 87 22 81 10 97 73 81 40 68 97 50 6 18 62 95 12 29 62 57 47 54 79 64 61 75 32 7 19 92 81 68 26 22 34 86 64 94 50 61 19 13 64 27 0 ]
];
