nbGenes = 100;
preference = [[0 99 80 67 45 67 99 20 94 74 88 40 52 59 71 10 42 9 32 64 13 61 21 90 51 67 1 77 53 98 54 85 47 10 13 93 87 81 67 59 34 13 61 99 6 81 36 17 78 25 68 12 45 75 69 1 96 39 90 20 86 4 91 89 79 3 14 13 76 9 10 20 95 86 44 52 79 71 42 76 16 53 87 73 86 65 34 39 40 51 97 27 26 20 35 14 62 51 95 58 ]
[45 0 5 79 71 4 30 23 96 17 16 96 11 62 66 50 10 81 18 90 49 49 98 92 50 89 81 82 16 26 41 43 46 80 15 79 84 67 70 74 26 36 40 9 58 69 7 16 78 24 53 31 38 70 22 9 84 91 55 53 26 40 43 98 34 38 13 63 14 98 82 83 26 93 45 65 28 7 36 15 96 91 87 22 76 4 79 89 12 22 86 42 24 18 81 58 29 15 88 44 ]
[14 43 0 85 55 54 61 18 75 54 56 30 75 12 43 5 68 59 59 11 23 99 19 94 62 5 86 35 5 44 62 6 59 18 86 63 39 59 24 79 1 1 90 7 34 23 71 27 24 10 15 34 96 67 0 17 63 47 54 79 93 46 79 45 99 11 41 79 0 11 31 67 27 69 47 10 65 49 42 74 28 22 69 89 36 14 51 91 38 32 31 91 66 57 57 75 46 41 35 83 ]
[46 29 94 0 76 83 96 56 44 57 79 41 30 10 43 1 83 80 31 38 67 46 38 59 32 96 73 41 43 65 72 51 75 46 98 20 77 19 30 48 76 0 37 78 39 6 10 42 95 58 97 30 58 80 50 52 93 9 89 84 17 34 59 78 59 3 77 20 48 41 3 91 63 46 53 18 15 7 5 22 57 8 78 17 20 53 11 6 86 81 45 3 16 45 24 34 59 89 46 25 ]
[98 28 14 82 0 74 44 88 90 23 83 15 96 99 6 14 38 74 58 72 39 30 82 21 46 8 19 36 94 33 71 0 40 43 11 98 20 83 52 61 72 88 15 53 77 92 67 17 35 89 72 12 13 20 27 72 25 37 84 80 66 87 84 33 83 11 86 47 43 42 16 57 86 27 78 82 23 54 62 61 78 25 32 38 55 70 6 14 72 67 47 77 11 98 63 10 47 19 82 53 ]
[19 50 35 71 5 0 73 12 51 42 60 97 13 34 49 46 9 6 3 1 91 96 76 15 44 89 11 18 21 13 88 70 4 44 73 98 88 44 87 42 86 19 97 80 53 22 11 29 62 10 8 95 75 80 52 71 57 13 78 79 34 90 4 74 78 40 81 57 25 41 88 47 74 22 81 29 70 35 6 16 27 49 60 97 64 24 71 46 20 44 99 32 63 97 15 34 82 99 90 82 ]
[2 74 48 98 67 43 0 27 81 1 28 53 24 69 9 4 39 93 60 23 61 8 39 52 39 85 47 91 26 38 34 61 87 66 40 57 35 35 38 37 95 11 85 72 98 92 96 41 12 85 25 75 78 72 9 63 26 12 62 57 96 23 76 62 50 62 10 10 54 82 75 18 96 48 6 21 42 77 17 61 7 60 15 54 15 95 82 96 28 35 36 3 92 66 94 72 27 26 58 52 ]
[16 72 41 0 97 33 82 0 24 96 13 80 67 71 4 20 1 52 0 38 23 29 61 55 52 4 13 16 1 12 48 23 9 39 9 98 44 24 61 74 36 37 40 79 45 16 18 20 83 62 24 73 61 98 51 99 6 64 46 41 3 32 11 84 15 73 77 6 32 50 85 96 56 0 92 40 76 40 2 48 77 80 82 0 61 40 58 63 49 36 26 2 63 97 48 32 10 33 17 70 ]
[33 97 70 34 84 32 5 93 0 1 34 49 51 79 39 11 15 28 1 56 76 95 61 62 36 46 42 56 56 7 9 62 73 79 67 67 30 21 98 47 67 75 72 0 24 34 80 98 54 31 98 67 38 74 28 45 48 70 90 76 0 80 37 23 33 14 98 58 23 3 36 41 89 72 37 93 85 72 23 55 54 73 70 20 58 44 88 33 11 18 58 77 0 63 56 10 72 82 75 26 ]
[47 95 15 91 75 37 95 90 72 0 88 43 85 49 44 1 83 91 32 32 37 53 39 91 98 49 91 23 26 91 59 22 35 46 96 78 95 51 31 20 55 18 74 91 38 28 17 20 9 93 33 61 75 45 86 12 44 84 63 99 0 31 34 26 24 39 15 43 35 42 50 12 21 76 8 75 27 43 9 34 15 61 43 39 28 1 56 21 54 71 23 63 26 56 72 98 48 94 59 46 ]
[14 58 80 49 76 33 60 44 87 1 0 17 46 70 36 21 19 64 46 23 88 11 63 78 51 85 62 63 58 90 49 83 90 57 27 98 99 59 20 84 49 5 20 70 7 11 44 62 8 85 73 69 80 50 25 16 28 66 26 36 71 83 25 59 46 22 54 43 37 31 38 68 85 8 82 64 10 60 89 5 22 14 22 43 9 44 68 2 15 81 75 10 32 20 69 37 7 69 75 21 ]
[81 8 7 89 26 87 55 14 18 48 18 0 0 37 60 95 14 55 59 89 97 85 15 41 50 17 91 98 5 73 55 57 51 59 78 34 83 49 66 27 5 38 43 19 75 30 99 29 92 6 34 80 9 7 5 3 22 11 49 42 12 63 34 48 6 67 57 32 33 77 50 73 97 91 89 49 84 41 90 7 66 57 42 68 86 22 30 4 16 29 89 99 58 14 62 85 92 88 91 93 ]
[58 17 55 11 80 28 18 66 54 87 43 32 0 77 68 99 74 31 45 45 21 67 17 3 15 79 95 33 0 86 29 49 15 96 65 1 16 68 60 30 69 42 66 27 42 42 58 85 36 23 88 49 59 29 29 97 83 47 37 43 16 90 96 2 82 30 34 7 6 3 67 75 29 44 5 94 25 62 39 4 7 82 6 29 97 23 85 96 92 51 89 78 84 61 1 49 22 2 99 71 ]
[66 86 24 3 71 11 61 18 47 56 57 18 19 0 25 85 59 4 95 79 63 1 75 37 5 13 46 28 66 6 47 32 50 92 69 72 21 18 70 69 39 13 45 24 78 84 56 14 44 35 35 78 59 32 9 21 40 55 20 43 88 27 74 7 74 49 2 46 30 84 19 49 24 66 43 35 30 83 95 53 80 60 91 42 41 54 84 65 46 59 39 82 85 12 53 62 34 61 8 13 ]
[62 95 24 52 59 75 7 36 40 58 84 56 32 10 0 18 70 16 97 58 8 49 13 92 40 75 56 60 53 10 20 78 52 80 83 71 3 56 54 41 33 61 39 34 74 8 60 7 9 95 64 76 55 94 80 66 87 82 65 93 86 7 29 0 77 53 59 20 47 61 18 40 4 34 93 36 32 85 46 1 96 91 64 34 22 64 10 83 41 68 35 35 84 80 95 59 49 26 89 90 ]
[24 97 2 4 15 22 14 96 7 42 55 12 36 36 29 0 50 68 32 95 24 1 4 90 91 35 88 2 82 19 71 49 7 72 63 26 16 23 64 81 75 57 49 41 46 67 63 8 80 91 64 59 99 94 2 79 58 46 25 82 13 34 77 35 11 78 24 78 58 84 85 33 24 19 65 38 39 39 20 92 52 22 42 21 63 7 74 92 85 11 97 81 4 91 50 49 64 11 4 53 ]
[92 32 48 43 96 47 76 22 36 17 27 41 52 21 47 12 0 32 63 13 8 79 90 42 41 56 20 81 93 37 42 88 22 70 14 86 24 57 6 56 57 90 95 85 28 34 89 72 54 37 95 46 60 59 80 61 22 90 73 84 88 47 60 9 42 80 13 54 98 59 17 74 70 48 15 5 88 42 18 57 93 1 13 8 96 63 30 21 3 24 17 51 76 50 51 57 82 45 52 1 ]
[74 36 85 58 89 14 74 46 13 45 22 86 14 53 3 96 99 0 98 86 66 52 39 8 49 28 12 32 80 97 73 39 32 15 94 66 72 19 5 32 32 39 30 50 75 56 87 8 56 57 8 28 84 69 48 51 5 65 85 28 72 97 74 98 77 64 49 7 18 18 90 45 25 70 74 69 17 89 6 31 25 82 4 21 33 92 54 92 51 60 2 84 13 20 69 6 77 94 86 35 ]
[93 45 79 94 58 33 43 74 60 27 42 79 1 1 37 45 23 23 0 72 23 83 10 5 92 33 14 94 28 41 23 93 8 77 27 16 60 42 34 14 16 86 46 68 40 23 52 42 53 82 41 55 77 80 26 84 96 93 94 96 80 43 6 93 70 86 81 10 95 7 72 31 16 19 36 10 8 13 83 59 3 24 82 16 51 82 82 91 39 21 19 56 21 55 99 49 86 2 96 21 ]
[13 63 85 39 20 43 79 68 35 97 15 59 97 49 81 8 9 37 27 0 64 12 65 54 98 99 12 11 2 1 34 79 98 66 37 64 50 63 73 32 99 43 59 88 72 23 15 75 14 11 43 0 4 74 58 69 80 12 87 7 43 28 10 60 44 81 31 7 9 54 21 9 27 47 83 51 95 85 64 96 7 26 28 7 17 91 88 26 27 23 85 46 47 46 75 31 53 83 34 19 ]
[49 34 30 70 86 94 5 7 84 9 86 89 33 14 23 89 40 59 30 89 0 6 88 98 99 73 42 73 54 49 84 28 11 1 78 92 14 44 93 66 84 76 99 29 7 2 11 56 38 0 13 87 8 3 58 63 55 21 32 87 82 48 13 50 69 53 42 7 77 88 75 62 87 42 54 5 0 89 67 45 95 25 60 12 68 80 75 98 38 47 60 95 16 61 77 51 33 86 28 22 ]
[65 91 49 4 66 34 32 66 22 23 22 7 33 68 15 53 64 48 68 26 57 0 72 79 62 24 81 32 25 12 6 75 83 59 66 53 33 88 90 75 88 14 40 20 99 49 19 90 12 43 30 52 14 58 10 4 29 85 50 80 23 80 66 59 82 43 44 10 52 54 11 32 83 39 83 4 42 84 24 25 20 10 99 88 35 60 69 73 42 99 75 21 82 20 61 30 64 68 48 54 ]
[61 68 33 93 99 97 85 88 56 85 75 0 50 64 56 13 50 4 59 33 80 33 0 90 82 73 1 96 58 56 63 31 4 39 30 56 9 54 20 55 16 11 12 19 86 4 40 72 80 3 90 80 4 9 16 44 70 94 48 58 69 98 36 86 20 7 48 10 28 27 27 8 19 76 34 7 24 0 72 41 10 0 44 45 16 96 89 52 86 5 99 89 6 80 96 85 86 82 37 57 ]
[74 62 47 74 14 11 0 76 27 88 74 24 44 24 72 56 40 28 16 77 24 41 28 0 45 89 94 16 36 26 98 21 63 82 44 54 57 95 69 11 46 93 32 22 8 60 17 21 45 51 3 60 88 5 5 39 10 25 34 38 10 11 27 56 83 7 52 91 36 49 70 89 33 82 59 91 16 37 60 93 71 41 37 41 25 36 30 18 52 28 59 29 31 85 69 61 26 32 16 95 ]
[11 71 11 43 40 25 38 6 76 17 7 18 59 58 17 46 56 17 16 36 19 33 52 5 0 8 92 73 75 70 55 97 62 53 6 3 66 18 14 41 27 59 81 29 34 81 28 26 25 60 12 73 41 16 43 90 15 93 19 87 67 54 80 47 97 18 26 23 60 54 92 58 26 7 82 26 72 4 1 85 66 31 78 89 8 67 74 7 34 97 3 43 34 80 51 12 30 77 81 84 ]
[21 2 27 56 44 40 35 79 84 95 51 36 40 62 9 38 75 40 44 36 12 38 49 22 96 0 42 46 75 30 92 55 56 37 55 85 49 88 59 0 88 25 78 18 95 49 22 73 81 22 1 21 85 84 27 15 36 21 83 17 40 12 64 30 27 79 18 78 10 1 8 24 2 58 84 87 65 57 34 9 96 89 35 91 64 16 53 13 82 94 59 41 91 27 84 91 34 61 46 87 ]
[97 7 43 19 8 9 70 46 86 70 87 44 91 60 16 59 23 66 17 12 3 24 83 86 55 92 0 92 45 85 91 81 17 20 36 45 61 49 82 45 75 71 46 27 9 49 90 17 57 56 11 89 68 51 42 73 89 42 78 36 81 49 41 14 63 95 94 61 62 91 41 14 17 19 4 18 90 89 62 39 73 57 33 31 82 92 65 78 79 77 64 16 13 84 1 50 29 31 39 7 ]
[98 36 39 92 2 1 43 39 55 34 14 49 0 76 21 85 60 74 6 68 25 46 29 20 1 21 68 0 64 91 59 90 17 54 72 13 12 98 76 79 8 3 88 49 77 42 42 0 33 26 38 32 51 55 29 57 93 84 72 18 64 72 62 22 43 72 76 79 31 38 54 25 28 85 66 62 29 46 60 98 68 17 0 40 39 31 5 80 71 21 64 90 96 66 61 76 89 49 36 47 ]
[89 79 57 7 86 20 54 30 84 23 98 93 74 43 52 38 56 50 31 64 91 66 30 72 94 71 20 53 0 66 24 60 49 39 53 70 77 82 51 66 65 11 40 45 51 87 98 71 16 73 72 43 92 48 40 10 40 64 3 87 45 27 48 40 67 85 30 22 64 72 44 24 54 70 6 90 46 95 93 90 58 4 32 72 0 85 33 10 55 90 69 95 71 47 43 90 76 83 12 70 ]
[79 2 56 12 81 83 10 1 29 63 65 27 3 75 71 66 35 76 35 38 17 84 82 29 13 38 54 47 70 0 61 76 21 0 89 90 40 80 24 35 0 44 58 60 91 76 33 8 7 49 61 10 0 90 77 94 0 23 55 96 6 88 69 40 52 91 58 0 43 60 10 68 34 63 10 87 74 26 41 13 37 86 2 47 6 95 53 36 16 1 49 71 22 2 39 93 87 72 22 54 ]
[16 42 26 91 53 34 88 68 48 82 91 12 37 77 89 89 72 28 41 82 12 28 74 88 85 9 62 95 24 69 0 6 82 48 45 73 99 2 32 84 71 5 70 27 51 91 43 62 17 58 14 49 2 32 82 94 69 99 45 61 47 8 74 86 48 4 72 15 0 21 12 22 77 23 58 26 15 91 73 58 69 88 61 25 94 51 33 25 28 19 36 83 7 54 73 85 92 85 94 84 ]
[74 6 52 65 42 65 6 91 17 13 84 29 71 29 30 7 0 82 70 3 65 33 35 86 48 29 70 42 7 89 73 0 28 54 68 39 20 97 41 46 14 0 48 59 63 34 7 85 11 17 8 36 67 82 16 41 34 18 0 33 88 91 9 82 13 61 51 9 61 95 72 46 37 30 67 32 39 8 43 89 12 62 8 44 35 44 0 27 53 22 90 3 33 40 83 91 95 42 55 50 ]
[80 51 27 38 54 23 50 50 13 72 37 72 58 82 18 98 3 66 81 31 72 8 64 72 88 45 22 17 80 40 63 32 0 96 48 83 59 58 18 24 91 12 10 87 45 22 77 34 36 77 30 13 26 80 34 78 97 76 39 25 4 91 86 71 51 14 2 96 64 57 16 84 62 95 21 13 82 98 32 84 45 75 90 34 52 77 73 81 18 48 63 43 70 82 64 95 16 58 51 73 ]
[46 0 49 51 98 49 33 52 44 70 68 41 5 75 82 13 34 27 83 29 16 48 36 39 98 39 13 25 82 4 59 75 74 0 92 25 48 85 93 54 54 77 58 31 35 53 95 3 47 47 27 3 53 71 72 46 13 74 38 36 64 92 44 0 9 60 91 68 45 15 53 84 67 62 18 93 62 46 69 48 18 10 49 26 3 7 66 72 54 97 12 47 72 14 22 94 31 0 4 12 ]
[28 51 74 64 66 68 77 9 8 30 34 75 2 27 88 53 72 6 37 66 94 84 36 70 54 97 12 59 69 52 22 85 48 13 0 7 34 90 80 34 67 6 78 53 77 7 36 56 72 58 65 54 70 42 13 82 68 32 14 90 83 98 94 17 46 56 22 89 87 20 80 81 88 64 86 15 8 44 18 92 4 98 27 32 98 15 68 15 67 40 46 72 21 28 97 81 84 54 70 93 ]
[63 58 20 55 88 99 61 99 81 7 15 45 76 85 33 16 81 95 62 96 39 4 60 71 7 15 14 35 93 65 41 45 77 31 56 0 7 19 40 40 26 65 51 23 69 3 56 90 30 33 75 50 95 28 57 69 81 19 2 35 60 27 41 54 52 21 19 68 43 64 94 8 46 82 60 76 73 18 86 36 64 87 58 3 68 18 72 2 73 58 48 3 98 80 29 37 83 96 45 64 ]
[19 28 57 75 22 88 29 69 69 14 39 30 99 92 82 80 26 61 73 25 33 79 30 97 10 79 36 19 87 51 49 75 91 99 48 37 0 24 21 28 36 52 30 81 97 99 21 20 30 8 49 95 74 28 48 82 59 82 29 57 10 65 17 16 13 22 82 46 7 54 52 35 94 18 61 40 48 40 15 72 28 83 59 42 76 99 91 42 66 55 92 80 67 86 60 91 72 61 91 98 ]
[69 79 94 80 93 51 12 90 79 61 24 88 11 69 98 57 22 86 6 4 63 70 26 96 18 82 44 88 47 91 87 32 87 18 35 60 90 0 64 79 61 25 76 68 82 29 20 56 21 24 1 96 98 92 25 44 60 56 77 32 13 6 65 4 97 20 0 92 76 10 23 94 56 91 94 61 8 3 36 71 0 1 11 50 21 13 69 84 83 34 87 26 70 70 1 73 28 7 6 42 ]
[13 87 91 55 52 8 97 94 35 11 6 46 76 99 34 62 56 63 10 2 12 82 19 22 35 82 27 51 70 39 67 81 64 62 36 34 84 34 0 50 11 55 79 40 55 23 1 87 42 56 34 82 3 41 17 47 7 17 80 78 37 82 20 88 22 94 86 88 99 18 2 47 10 68 36 95 79 90 85 43 52 21 14 42 43 49 95 20 74 35 7 10 63 12 71 33 48 39 4 95 ]
[8 94 13 86 29 75 91 79 50 32 84 98 17 91 19 47 82 51 97 79 46 53 20 69 50 41 3 34 6 24 18 49 96 82 85 19 64 36 77 0 46 94 49 18 13 49 79 15 41 44 80 78 64 95 83 75 2 19 68 11 25 67 3 87 50 83 93 47 32 7 7 96 20 60 15 94 34 29 36 54 67 40 96 30 85 38 68 19 0 42 25 73 90 74 70 37 90 30 38 92 ]
[73 14 94 85 27 95 65 84 67 22 72 13 12 98 57 94 78 87 42 52 87 99 2 95 35 93 87 99 61 65 24 33 91 32 85 60 39 23 80 80 0 22 92 57 89 16 37 83 8 70 23 84 99 20 57 38 38 19 47 75 46 62 18 55 73 22 72 51 60 79 71 39 45 21 8 22 46 70 42 46 69 47 49 29 68 59 80 60 21 68 97 58 84 12 0 10 71 44 83 38 ]
[27 4 2 86 25 96 97 6 48 85 6 61 49 55 67 7 54 75 35 13 8 95 44 25 57 93 6 75 82 11 91 13 96 36 26 84 12 14 54 8 10 0 51 61 39 96 51 19 47 20 45 83 70 77 46 45 66 88 10 86 79 93 59 31 68 53 68 96 23 59 87 25 1 32 95 24 47 77 38 23 25 17 37 8 79 51 87 14 63 97 54 5 99 66 25 62 93 41 6 75 ]
[27 75 69 14 89 45 54 45 18 32 76 42 41 3 11 88 54 36 91 79 24 38 48 51 96 61 73 3 19 40 53 96 75 75 20 16 81 19 93 97 16 91 0 96 22 29 70 16 6 46 55 86 32 95 50 14 89 33 34 40 71 80 70 56 24 62 30 62 61 89 51 40 68 54 13 86 94 78 7 2 29 13 2 29 10 49 37 19 76 34 8 52 11 11 30 51 82 35 63 85 ]
[70 86 98 12 31 42 91 57 51 16 13 15 43 45 85 64 21 51 42 15 38 95 42 35 60 12 90 29 77 47 32 21 26 41 18 57 65 70 85 81 7 56 85 0 58 99 24 85 84 57 81 72 62 44 66 67 87 82 99 23 16 32 33 42 55 14 50 56 96 35 9 59 83 34 38 67 5 83 10 56 39 56 65 62 39 31 77 75 27 6 73 40 74 10 60 63 4 58 51 46 ]
[34 83 11 54 40 87 48 20 83 52 26 48 22 39 64 89 58 43 53 19 10 4 28 50 83 59 39 16 68 61 78 7 3 15 64 34 81 89 12 10 21 27 31 86 0 57 73 65 79 29 54 62 87 59 29 60 79 5 2 89 38 25 25 56 78 15 58 93 67 46 41 87 56 43 1 74 3 64 11 35 8 98 25 68 45 86 47 71 71 26 1 51 43 68 0 41 10 97 52 77 ]
[15 65 27 74 11 52 14 2 50 37 39 36 12 25 57 32 45 17 75 5 69 26 7 34 63 3 71 32 98 64 75 77 12 37 39 56 39 6 94 16 10 28 6 86 17 0 30 22 48 36 51 31 86 85 42 96 0 23 76 5 74 56 95 41 38 40 17 67 48 94 29 87 93 87 71 58 83 95 95 43 21 51 67 49 81 35 23 81 28 4 1 64 50 61 92 83 38 18 65 62 ]
[20 99 54 25 23 87 14 57 49 14 91 41 74 54 58 79 87 6 46 82 56 30 21 74 44 66 88 88 65 40 45 64 48 35 43 82 36 39 96 60 9 92 99 17 80 40 0 84 84 70 21 65 11 62 54 43 68 99 81 45 79 66 19 63 89 40 47 47 70 33 91 79 80 1 81 38 78 94 36 87 45 32 40 30 14 89 1 11 58 84 39 26 61 80 62 94 45 44 1 79 ]
[95 11 41 81 61 90 2 98 33 71 81 36 36 27 43 89 25 77 45 21 87 45 25 92 65 53 73 94 47 29 22 92 50 76 36 61 85 50 17 23 14 0 33 7 3 17 1 0 34 4 4 83 91 77 17 10 91 68 62 53 93 35 63 1 94 54 78 63 98 94 59 70 75 78 17 99 64 2 29 17 36 53 76 81 94 42 89 62 20 54 24 92 47 47 23 68 82 13 47 80 ]
[22 52 29 37 18 11 60 65 29 33 56 37 96 50 14 65 44 21 27 58 72 8 67 37 47 6 96 73 26 88 43 56 29 16 95 36 9 28 28 69 18 53 13 23 85 6 7 58 0 44 1 90 78 64 97 19 69 47 93 18 64 38 11 4 38 27 75 77 44 26 91 82 4 79 26 50 48 46 40 38 33 76 80 71 71 38 9 35 49 33 87 13 60 91 39 33 33 30 71 19 ]
[50 3 75 90 78 97 78 86 28 0 78 80 37 25 96 87 89 45 92 51 26 35 44 24 36 11 29 88 64 79 98 38 42 33 88 83 54 22 30 26 10 59 18 12 47 88 62 54 94 0 4 50 59 14 99 57 49 24 11 1 60 0 14 20 62 61 81 58 97 22 75 18 37 7 59 63 99 22 97 18 0 34 47 24 50 9 85 36 59 81 74 92 0 83 93 85 55 72 89 83 ]
[53 68 71 85 87 5 6 48 20 99 52 85 4 70 4 65 41 6 82 43 12 41 32 42 18 25 2 57 47 93 83 63 51 32 43 13 99 57 96 96 10 58 52 83 34 56 79 55 39 68 0 10 66 35 92 84 6 22 33 37 11 27 65 35 19 16 47 40 38 68 1 9 1 81 23 47 20 60 5 33 87 28 38 27 21 51 25 67 35 12 59 30 78 83 59 60 2 74 50 66 ]
[30 94 86 66 46 25 28 65 68 90 5 43 6 70 97 35 44 16 70 56 6 76 46 34 85 88 38 66 96 18 39 29 22 10 17 59 83 21 27 91 31 4 5 19 86 44 99 44 82 20 3 0 97 1 30 75 25 89 78 82 3 74 21 30 12 32 32 19 1 30 62 2 34 12 31 48 58 83 86 65 86 84 59 68 22 7 14 98 48 58 42 36 56 36 43 25 24 66 45 5 ]
[91 65 63 94 44 55 83 88 65 93 33 78 85 46 81 8 13 38 47 34 54 10 60 77 70 62 69 45 29 94 33 64 28 6 96 62 89 59 69 16 29 27 25 49 40 53 82 53 97 91 66 8 0 75 21 12 12 31 39 27 1 48 24 92 68 41 99 95 85 79 74 53 92 35 3 4 1 52 92 28 44 69 62 61 33 84 83 28 96 49 40 47 80 4 45 2 47 65 43 81 ]
[65 19 10 5 36 39 12 35 66 39 98 54 74 39 65 67 83 60 5 90 37 37 47 79 43 91 96 64 4 9 94 77 87 81 69 99 6 83 86 39 28 55 70 63 31 35 98 2 35 22 76 23 27 0 33 68 13 88 13 26 49 51 34 9 4 77 89 70 97 50 5 11 48 21 93 94 63 26 8 62 32 87 75 5 74 96 58 8 30 52 31 37 12 82 62 37 82 72 64 16 ]
[82 98 66 79 44 39 83 18 91 73 68 10 54 20 99 22 57 43 40 46 53 53 68 1 23 31 6 79 94 31 11 79 86 74 31 53 68 67 77 55 52 42 54 6 38 44 17 57 39 71 79 93 68 56 0 97 61 62 13 72 6 52 86 59 32 43 90 45 2 20 23 53 82 72 63 11 7 85 62 33 7 76 68 18 74 84 62 50 2 99 50 47 12 53 57 18 80 65 77 28 ]
[39 59 69 45 37 50 49 8 44 44 93 77 57 80 20 75 96 30 15 98 6 89 16 22 16 88 9 93 83 68 53 41 10 69 2 43 10 81 56 20 32 9 94 37 46 5 53 44 58 73 76 17 14 27 54 0 0 30 38 96 43 61 24 34 33 73 66 75 42 51 84 88 35 32 50 5 60 33 52 38 60 1 43 50 76 97 26 14 75 50 17 98 42 90 79 65 17 74 57 23 ]
[7 33 84 49 88 92 14 81 65 93 95 81 45 98 91 59 91 57 58 80 39 86 67 22 9 54 40 21 50 72 61 68 93 91 16 26 29 38 83 37 56 68 50 48 11 92 83 84 80 14 54 58 50 43 6 4 0 28 31 29 69 62 78 59 20 9 93 72 10 45 1 35 15 42 93 55 46 46 69 14 30 78 37 69 31 88 59 4 71 21 73 18 24 90 29 51 28 69 72 90 ]
[2 20 71 93 71 22 69 2 38 68 42 6 64 30 30 13 53 97 9 58 11 0 58 86 83 34 12 29 30 46 33 75 35 8 86 54 28 52 67 33 76 73 56 3 13 46 27 12 68 92 32 23 81 10 93 6 71 0 14 66 75 39 61 6 82 22 30 51 39 54 67 48 75 47 67 63 73 28 3 19 42 79 76 89 27 86 88 54 63 12 68 78 17 54 92 12 4 30 17 46 ]
[43 11 25 13 55 57 5 98 64 74 77 21 70 3 21 1 81 87 66 38 4 95 5 51 38 35 34 84 2 44 53 52 15 77 38 90 51 45 25 30 26 66 28 85 12 61 3 13 56 6 86 19 31 40 9 74 63 0 0 8 33 95 65 40 54 31 14 91 98 72 7 10 84 54 16 72 61 95 87 80 53 61 84 56 45 56 93 42 16 32 40 95 15 89 18 22 26 5 50 82 ]
[94 57 50 79 48 95 20 83 67 64 62 99 62 9 14 28 95 23 71 85 81 26 5 6 15 3 49 29 40 1 88 42 67 53 18 72 49 6 58 79 1 79 19 5 21 11 9 42 52 24 21 67 0 34 73 24 12 97 19 0 8 66 66 66 55 62 5 4 33 47 15 15 5 49 72 30 69 11 80 11 14 92 40 19 33 43 82 99 81 94 67 94 56 59 95 7 79 34 13 58 ]
[49 10 6 34 94 87 76 42 15 71 86 76 49 38 36 86 94 84 23 53 82 95 62 86 55 10 8 46 84 90 65 74 44 33 6 37 95 74 5 78 56 27 87 17 93 50 43 45 54 6 33 23 11 78 32 91 94 3 63 8 0 47 59 56 69 53 32 46 62 26 97 63 22 70 6 19 83 8 84 31 16 74 89 20 32 4 81 31 87 6 78 6 56 47 9 1 15 0 71 12 ]
[42 38 24 97 64 11 70 59 28 46 96 39 81 23 55 42 35 38 12 70 33 20 16 13 59 19 57 22 68 59 38 37 32 88 11 57 47 93 48 30 94 65 75 91 95 72 52 1 22 33 9 88 23 1 85 26 17 10 24 60 83 0 70 96 51 59 38 78 70 36 99 50 66 34 10 33 11 82 8 22 0 66 17 56 61 14 21 31 20 8 35 77 51 16 60 1 50 70 83 86 ]
[28 82 95 71 47 19 68 13 44 85 60 94 53 49 4 14 60 75 4 46 25 57 32 62 96 54 82 70 34 38 86 83 33 80 35 47 87 52 28 22 16 84 75 62 49 5 62 30 98 34 6 85 97 52 46 89 52 51 78 61 21 44 0 48 66 15 63 45 47 97 81 15 17 48 98 61 82 4 74 68 69 55 87 86 61 32 74 65 3 14 83 5 99 58 15 97 57 34 75 76 ]
[57 94 59 7 90 16 86 28 47 90 39 25 59 72 52 66 93 71 78 69 65 81 54 48 67 46 77 70 2 96 16 45 27 12 62 43 84 14 98 28 22 17 24 74 37 45 44 96 26 80 28 82 32 92 63 52 15 85 67 93 79 38 98 0 40 4 20 55 34 54 24 63 85 10 85 70 59 0 16 87 39 68 35 52 92 35 17 30 23 87 38 70 61 60 23 19 39 56 49 53 ]
[24 33 14 98 94 87 56 31 72 99 23 9 86 57 74 92 0 51 95 14 20 83 51 87 32 18 12 8 61 31 38 19 54 85 5 88 39 45 52 8 22 84 28 71 64 85 72 31 79 83 38 24 79 83 32 62 97 49 60 7 90 95 70 3 0 93 14 7 33 28 65 6 97 12 80 10 7 99 35 87 39 98 5 37 20 8 45 7 68 29 34 26 62 77 37 60 49 5 28 47 ]
[70 58 25 77 35 32 42 13 40 17 61 37 5 44 13 41 36 83 80 3 71 6 59 18 38 19 38 22 11 25 59 44 82 62 59 82 23 46 71 51 6 57 38 12 99 90 63 37 61 9 66 3 7 38 90 49 73 47 52 36 78 93 80 42 78 0 90 76 88 28 64 98 86 40 27 99 32 96 11 61 64 82 58 47 59 32 71 59 37 90 17 96 99 31 4 82 72 5 43 23 ]
[5 60 52 52 13 5 50 52 75 44 49 27 64 57 21 63 71 44 43 87 20 27 6 91 60 80 9 1 99 54 89 60 89 2 37 4 43 66 24 42 98 13 29 68 1 89 2 92 77 53 84 17 10 61 91 85 89 48 35 61 30 84 7 30 21 19 0 17 96 63 80 20 47 35 88 62 24 89 68 33 95 20 71 60 82 17 22 41 58 22 95 22 97 18 65 12 2 38 88 21 ]
[2 65 15 54 75 62 34 47 12 6 88 66 54 36 97 43 51 39 64 31 24 78 82 21 0 72 33 29 58 16 93 30 90 76 48 17 57 66 66 92 9 79 27 13 31 87 65 43 87 64 53 93 82 6 64 67 81 36 2 90 94 77 0 0 18 50 8 0 34 1 46 26 79 36 54 50 95 10 39 58 62 45 80 39 38 74 27 42 32 55 55 21 74 25 46 78 1 46 54 44 ]
[27 16 83 73 21 31 95 68 25 35 53 9 53 89 7 69 80 78 6 21 13 55 15 73 80 18 22 34 37 49 40 62 38 64 43 88 98 88 4 92 45 72 5 63 75 15 66 74 48 50 81 51 67 59 32 25 27 66 58 18 63 69 70 85 27 16 90 99 0 41 67 12 82 73 75 68 94 97 60 82 23 25 35 23 65 57 53 54 33 4 3 28 50 65 55 53 43 42 14 16 ]
[63 84 64 87 26 71 56 63 59 44 67 8 3 51 3 43 43 22 57 24 10 94 3 8 52 2 15 47 85 14 4 65 38 5 55 2 10 44 94 99 76 63 9 93 4 19 62 38 38 49 13 81 80 83 79 46 0 4 68 21 86 96 4 83 62 61 78 41 89 0 22 43 48 62 32 2 95 35 66 70 16 94 40 58 63 39 17 45 69 7 24 18 13 21 17 37 84 25 22 85 ]
[54 25 75 21 55 48 10 24 1 38 59 64 86 95 87 94 70 68 55 34 29 88 78 7 1 8 11 43 2 54 97 9 89 5 22 69 54 30 6 91 63 56 15 71 82 90 98 81 17 21 53 13 15 56 55 63 92 47 32 27 72 10 28 70 32 29 27 40 55 70 0 73 31 27 95 29 77 0 40 67 48 21 20 91 21 38 15 36 90 57 64 66 85 98 15 26 31 96 13 96 ]
[31 10 67 88 31 77 41 48 84 57 33 65 93 30 64 87 47 57 21 20 97 78 29 68 1 34 29 52 60 63 1 79 50 75 80 10 7 4 36 70 33 93 67 41 34 70 8 78 81 37 24 57 6 43 84 35 62 73 99 47 72 88 94 3 29 60 27 81 67 72 39 0 50 91 42 32 80 16 72 39 55 75 34 16 15 61 64 49 60 39 18 52 87 72 96 92 60 53 71 43 ]
[21 84 56 68 48 89 10 38 50 88 31 12 80 83 34 27 32 95 45 46 43 25 80 18 88 50 19 57 86 47 70 84 57 88 18 1 94 21 49 58 66 52 79 85 31 71 7 6 7 26 81 48 79 58 78 43 90 72 45 40 75 6 26 54 82 74 62 71 58 20 52 62 0 48 92 51 44 34 42 34 69 18 23 73 84 56 17 29 92 92 23 79 58 88 98 59 65 58 96 7 ]
[32 22 36 5 88 80 12 99 63 18 42 34 89 44 78 93 40 39 59 13 12 41 0 57 12 69 42 86 27 27 3 72 12 19 86 82 2 62 74 78 75 82 54 66 86 81 11 65 86 63 26 69 35 13 40 30 1 52 44 57 29 74 72 64 15 76 30 32 7 19 38 83 85 0 71 74 4 63 51 71 60 8 80 83 89 15 13 54 28 15 66 5 46 62 24 24 30 99 48 89 ]
[76 27 7 53 96 65 99 10 46 84 22 33 11 1 2 82 40 3 94 90 89 51 37 72 2 56 71 3 70 77 76 57 72 21 43 11 47 35 61 79 61 10 47 27 16 64 86 62 1 9 17 15 36 12 86 36 53 80 11 29 62 80 49 26 4 65 26 60 43 63 98 59 82 37 0 64 12 91 7 61 34 18 57 35 25 28 87 30 72 26 2 17 56 75 82 67 69 72 30 62 ]
[83 81 41 66 57 27 88 17 31 67 24 61 61 95 82 7 78 51 2 23 54 90 5 29 54 41 90 22 21 37 62 24 74 89 77 97 75 73 23 22 66 11 71 53 41 11 70 84 61 0 91 15 56 10 49 5 79 58 79 76 36 66 97 9 6 87 74 49 17 55 46 77 10 1 84 0 4 24 14 30 71 84 16 46 54 9 94 83 63 32 46 56 72 72 25 41 89 1 61 56 ]
[15 7 12 28 59 40 59 6 17 42 13 88 61 60 45 43 90 16 79 18 30 4 8 55 96 33 86 59 22 34 77 88 74 6 89 32 90 18 71 35 88 15 93 22 9 84 39 82 17 85 7 45 49 70 6 80 8 68 39 67 67 74 74 96 62 14 72 17 42 75 12 84 21 65 88 45 0 57 99 44 43 85 25 2 61 61 56 97 15 39 53 21 13 66 94 20 87 74 67 18 ]
[68 91 9 14 19 59 74 15 26 90 90 63 20 73 32 44 87 49 67 49 92 95 44 72 31 31 69 54 92 86 70 29 98 81 39 47 60 33 29 0 33 77 99 9 13 2 14 12 25 49 90 73 16 90 61 37 29 80 96 49 10 50 2 94 63 15 72 46 63 83 83 5 5 49 54 14 79 0 55 22 31 5 78 44 45 39 10 36 71 47 7 0 78 19 75 59 72 92 63 56 ]
[17 52 1 30 14 28 28 92 9 89 99 67 25 24 27 45 94 40 17 23 62 65 40 92 14 43 33 75 79 76 69 31 24 91 65 41 33 23 63 71 33 24 23 94 97 37 63 65 79 56 67 82 10 79 11 76 90 29 58 30 80 0 79 52 98 75 62 26 36 40 30 45 85 67 7 91 5 40 0 46 43 1 59 75 43 54 14 92 16 64 47 38 6 37 6 21 9 44 84 55 ]
[11 83 44 69 29 24 2 72 49 77 90 61 15 95 96 97 11 65 24 39 96 8 97 87 23 68 80 75 31 58 44 63 81 47 73 7 24 4 28 26 11 15 95 96 91 88 9 26 0 13 21 14 91 3 11 60 57 75 18 78 35 59 91 6 55 89 46 91 79 57 80 84 81 36 5 64 87 82 25 0 55 3 38 85 13 24 62 46 75 57 79 55 64 89 90 85 76 33 98 26 ]
[34 16 90 55 42 70 54 75 11 59 80 81 1 98 99 82 37 4 86 19 64 92 14 72 21 67 17 10 77 71 75 55 72 11 94 18 63 22 55 58 17 1 86 19 99 12 57 86 43 47 33 74 80 42 4 7 83 76 52 29 15 69 84 14 57 23 14 58 62 99 12 45 74 8 26 55 23 62 14 26 0 87 79 80 4 44 23 14 1 43 90 81 16 72 2 68 27 60 16 81 ]
[12 3 78 75 48 92 26 3 74 62 25 59 7 83 87 88 95 34 56 10 79 20 83 92 37 50 86 6 71 26 25 28 7 41 88 64 85 11 49 68 90 65 94 2 37 27 44 68 59 64 76 15 90 78 85 28 64 37 11 77 19 50 77 31 94 32 63 42 56 48 42 34 48 90 46 16 90 62 51 90 1 0 43 23 78 93 43 67 23 2 13 68 90 15 67 80 99 45 34 24 ]
[16 81 62 79 34 3 4 89 34 64 98 89 48 42 70 24 33 4 99 54 61 49 16 99 77 72 28 88 58 57 56 41 53 7 19 40 26 92 3 51 7 29 53 53 13 0 25 11 44 47 60 71 92 27 72 85 32 81 27 47 40 34 91 60 29 47 84 43 49 61 94 14 41 36 35 67 9 55 4 59 79 59 0 89 81 72 16 56 8 40 1 93 1 61 31 84 76 67 56 8 ]
[13 72 14 76 86 50 28 82 15 4 50 29 41 91 26 58 62 72 52 36 10 75 85 36 68 13 23 77 89 5 72 52 63 59 58 21 47 48 20 97 35 77 70 79 55 68 24 19 10 16 27 36 96 43 98 74 26 10 73 46 96 58 15 52 54 82 68 35 69 37 44 76 8 85 99 89 42 10 63 88 8 16 42 0 69 95 95 28 64 92 51 6 48 39 58 31 23 16 6 94 ]
[5 17 10 82 41 8 54 93 29 62 62 18 94 72 42 77 42 80 58 40 38 94 0 4 28 64 54 91 22 41 51 43 88 8 66 39 7 8 81 60 10 69 91 21 43 81 2 75 36 71 35 46 37 71 16 65 47 91 99 22 58 82 48 60 82 13 65 89 20 63 85 18 80 21 30 37 48 82 46 89 55 75 77 31 0 61 1 52 87 81 96 53 41 98 82 95 2 86 38 52 ]
[30 42 18 89 92 42 6 36 8 66 94 0 65 58 56 83 47 43 45 71 93 35 56 17 68 87 89 41 34 68 31 59 36 0 10 45 77 65 45 33 35 54 73 19 95 43 53 81 79 78 47 3 48 97 4 13 29 53 90 2 62 79 3 66 74 98 68 24 81 78 37 35 15 33 69 38 92 4 59 44 34 5 22 14 61 0 86 46 17 82 24 68 11 10 52 9 86 87 37 41 ]
[18 15 19 4 88 59 42 70 82 8 50 77 17 73 64 82 9 47 61 15 2 0 95 54 70 13 51 46 50 20 70 94 12 98 64 35 28 41 79 71 52 96 39 15 60 91 96 54 52 54 40 10 11 99 82 11 86 65 25 95 0 9 60 77 69 26 95 41 67 27 47 86 86 51 70 24 81 32 55 97 79 67 12 45 61 17 0 59 43 30 86 43 70 50 64 74 84 98 2 60 ]
[4 31 82 38 66 7 8 33 25 17 49 3 97 75 40 35 59 48 50 31 10 28 73 4 8 91 7 5 67 13 14 49 94 78 61 39 21 13 85 21 73 81 68 16 31 65 64 22 99 25 91 29 41 10 81 92 32 51 77 58 3 46 60 61 11 61 94 92 81 87 40 19 66 65 2 48 19 47 86 78 75 40 67 97 88 22 14 0 41 54 54 43 35 69 81 61 66 32 24 82 ]
[95 29 63 54 98 90 64 59 22 56 68 87 3 43 0 2 16 94 19 11 67 38 81 95 57 42 12 89 95 33 23 88 52 59 52 91 31 5 81 41 61 12 93 28 79 63 14 11 86 39 10 37 79 32 31 22 91 86 61 80 79 49 49 71 63 64 56 60 20 23 81 22 1 23 82 8 25 90 8 25 3 75 91 49 78 59 73 38 0 24 83 36 35 53 91 37 61 75 6 7 ]
[86 35 45 12 29 63 43 64 74 50 79 69 30 74 64 87 98 1 16 35 48 62 22 34 51 10 32 32 55 65 57 97 75 82 60 59 64 95 35 91 89 67 32 73 39 22 2 87 87 91 54 21 55 42 39 13 4 89 73 62 72 42 43 53 32 70 19 24 22 5 41 98 97 21 78 84 64 3 75 43 89 43 60 42 97 7 71 17 71 0 21 70 31 59 77 44 69 80 20 41 ]
[80 79 46 5 1 16 7 18 27 99 24 53 20 86 84 3 36 6 74 74 17 85 36 50 59 7 67 50 53 63 10 26 85 5 14 6 79 82 6 56 87 78 66 75 43 11 49 91 60 98 6 23 27 46 98 28 93 9 24 59 93 3 19 96 39 94 2 23 53 64 81 46 43 78 45 58 24 57 15 17 48 82 42 99 8 40 88 65 94 86 0 53 36 58 43 5 30 54 26 52 ]
[90 12 35 37 39 63 91 69 32 33 35 25 79 61 92 36 46 9 71 60 61 26 26 57 64 87 78 33 33 84 69 28 50 38 91 44 81 56 46 29 9 30 32 34 24 38 91 97 37 65 76 39 76 45 64 1 43 54 10 19 54 69 52 57 52 74 52 91 75 53 97 43 87 80 79 38 76 74 49 54 35 2 19 87 12 4 79 13 15 47 24 0 70 23 15 96 65 78 89 88 ]
[75 49 69 26 63 67 77 12 58 36 43 0 24 82 78 48 15 65 26 48 94 86 37 47 72 93 37 50 0 49 84 83 49 49 13 22 18 43 26 12 5 79 23 73 62 26 31 22 17 48 26 27 57 29 27 35 70 0 22 4 77 95 83 40 55 94 22 45 32 77 23 2 39 97 36 75 65 81 34 19 34 11 83 34 75 72 4 4 31 26 70 73 0 3 47 64 44 75 42 43 ]
[78 16 56 67 64 51 25 50 21 8 94 37 36 72 44 38 8 68 23 56 15 2 83 76 47 93 89 28 79 97 9 43 2 51 71 90 25 41 94 50 59 89 37 11 54 56 53 41 37 85 5 78 20 90 5 95 55 96 35 16 37 7 61 13 16 45 93 4 33 16 39 6 12 67 12 79 35 35 45 78 7 75 82 42 89 4 93 24 91 7 65 62 76 0 5 23 94 55 56 97 ]
[85 75 5 36 4 51 68 25 98 37 88 67 21 85 26 51 88 82 74 89 83 40 3 65 32 85 98 79 32 48 41 20 55 93 42 7 18 45 23 73 14 7 46 82 67 14 51 8 7 65 83 79 81 51 51 50 38 31 37 31 30 30 81 95 76 43 63 74 69 51 23 67 8 56 99 14 4 38 28 63 72 38 30 35 21 88 41 76 54 6 67 84 20 81 0 90 14 90 59 60 ]
[93 11 8 29 48 13 65 28 88 23 20 98 35 33 63 63 80 9 26 90 88 8 83 95 61 57 85 30 88 32 19 46 59 65 43 98 40 29 94 22 16 39 63 30 70 80 78 98 68 12 93 11 76 50 48 74 23 82 95 16 72 28 71 63 63 35 26 73 71 63 59 80 26 51 21 43 3 19 75 30 12 43 22 69 14 58 18 89 63 40 60 68 58 43 2 0 97 75 13 19 ]
[17 41 70 13 81 32 7 14 63 28 27 10 12 62 54 1 15 9 12 43 24 22 87 96 5 57 17 72 4 25 79 50 42 35 56 11 21 68 98 7 80 74 1 58 56 73 24 93 53 7 78 90 34 67 28 77 20 65 96 93 40 81 38 50 71 58 65 93 67 97 70 85 96 9 86 5 19 58 81 72 24 38 45 46 5 57 10 35 61 46 58 42 83 87 45 70 0 74 95 66 ]
[77 64 6 24 54 42 80 92 15 51 45 48 75 87 64 50 66 94 87 86 24 16 3 17 35 96 56 29 14 68 3 58 55 45 65 44 19 45 50 31 80 36 85 41 91 71 16 49 88 48 12 92 30 91 79 50 50 9 2 52 25 10 52 56 82 15 90 98 98 93 84 88 49 63 83 28 80 88 60 3 93 58 64 86 58 49 22 7 63 23 61 31 85 25 31 90 67 0 88 33 ]
[88 35 77 91 89 69 89 77 50 64 60 10 20 56 9 12 4 39 72 35 23 22 54 73 1 86 81 25 41 20 74 49 14 92 26 29 79 96 42 13 83 74 65 20 88 13 5 18 54 68 74 89 96 19 11 40 69 75 4 95 10 75 43 3 68 87 20 62 51 69 0 71 51 68 47 98 80 24 54 72 45 84 95 69 81 38 55 77 97 61 92 52 82 49 34 55 11 62 0 13 ]
[88 44 37 9 13 11 46 87 37 5 55 79 56 7 73 31 60 50 25 20 76 62 85 84 21 97 52 71 33 3 58 38 99 42 22 15 82 45 77 9 42 8 64 11 19 4 69 17 15 81 42 1 80 33 75 16 37 75 1 45 25 98 22 0 31 32 11 12 35 61 9 18 60 66 65 7 25 37 81 6 89 5 54 54 18 5 1 7 77 33 99 38 22 82 84 19 41 66 47 0 ]
];
