nbGenes = 40;
preference = [[0 64 61 37 34 23 2 51 32 35 40 88 32 57 89 25 12 13 58 76 52 85 47 53 45 57 44 14 1 74 67 44 54 67 22 3 37 55 43 42 ]
[36 0 56 72 50 77 63 73 10 78 48 48 77 58 20 83 10 19 66 9 86 64 89 75 14 78 43 76 83 62 44 39 3 91 32 73 88 88 47 87 ]
[50 34 0 26 42 64 71 0 95 49 36 72 43 93 26 12 51 26 76 54 89 90 15 79 70 92 5 1 99 33 48 71 76 28 12 3 71 78 63 70 ]
[35 75 22 0 16 28 17 12 38 69 84 25 39 61 25 83 67 89 68 72 80 40 86 54 89 62 96 99 5 84 2 83 35 87 98 72 11 46 66 74 ]
[47 40 89 46 0 40 83 38 73 6 43 0 50 45 13 23 37 79 69 26 11 14 35 73 81 21 28 92 83 22 80 23 37 95 80 7 27 58 55 65 ]
[97 6 56 30 36 0 49 78 67 66 7 76 30 52 92 64 82 2 81 18 61 40 72 25 67 31 89 52 52 16 38 21 94 38 62 72 8 85 72 55 ]
[97 65 46 91 84 36 0 27 68 8 88 54 62 4 80 46 87 97 64 78 69 30 50 4 32 48 41 15 83 96 76 35 21 74 98 54 43 80 65 54 ]
[18 13 25 7 50 19 87 0 9 54 66 7 1 52 28 30 39 83 62 6 62 16 25 53 32 22 23 36 94 56 40 85 66 69 93 12 97 91 69 60 ]
[85 41 61 32 4 67 19 73 0 73 59 23 72 29 41 54 35 30 54 64 93 76 81 15 4 50 82 42 49 55 0 10 45 6 95 41 33 91 5 74 ]
[76 97 64 71 10 16 17 68 9 0 21 46 5 83 53 6 89 73 11 20 42 49 21 85 65 70 33 50 15 45 61 77 73 62 34 35 41 66 34 29 ]
[29 33 90 64 94 13 45 80 83 27 0 61 56 67 90 61 52 18 66 37 38 54 25 75 79 18 57 70 66 22 39 80 33 27 24 80 1 24 84 43 ]
[69 49 50 30 4 2 53 64 32 59 31 0 20 95 7 37 2 89 82 5 52 8 18 53 23 8 0 5 51 69 6 37 41 7 36 78 83 24 91 99 ]
[90 96 17 74 7 90 82 27 42 22 89 55 0 86 79 50 99 23 73 41 56 44 65 28 93 0 3 43 27 92 81 3 31 29 3 92 5 77 78 13 ]
[25 80 98 80 4 64 10 98 4 58 68 16 82 0 4 7 9 91 74 37 9 97 78 38 84 56 27 71 13 33 58 52 15 81 32 76 40 28 33 39 ]
[49 48 39 2 22 71 6 24 41 69 86 37 54 95 0 36 86 17 58 26 36 98 57 29 42 39 32 68 26 6 56 3 15 15 85 36 45 39 64 11 ]
[37 91 92 31 36 20 15 16 53 66 49 18 42 70 14 0 49 81 65 48 88 62 27 61 67 2 35 69 96 53 70 72 68 61 88 1 10 65 66 70 ]
[55 26 7 18 57 5 89 88 77 81 0 20 89 54 54 53 0 45 36 34 78 70 14 5 97 81 20 73 32 57 94 73 33 30 58 71 75 19 87 89 ]
[38 55 28 42 72 92 63 35 25 40 31 10 32 28 2 67 19 0 75 73 84 81 22 72 80 46 50 81 60 66 89 36 54 62 37 9 8 61 9 42 ]
[12 28 10 12 45 36 11 42 33 23 75 83 20 78 90 31 76 23 0 33 75 71 92 25 63 54 46 51 51 73 86 84 41 83 67 27 48 11 13 4 ]
[84 68 9 63 77 43 54 40 35 14 44 37 21 26 32 57 76 19 71 0 44 62 81 3 71 29 48 43 44 41 21 86 46 64 52 26 74 78 65 20 ]
[78 73 15 29 31 35 28 5 86 90 95 70 45 77 64 4 17 4 54 91 0 10 8 91 14 80 40 79 49 41 97 10 47 32 23 17 85 31 28 89 ]
[11 55 45 76 31 68 72 32 13 76 52 90 39 48 25 99 39 97 39 46 55 0 56 58 41 80 15 18 43 43 1 51 24 16 5 16 4 77 56 41 ]
[50 65 44 37 57 38 16 71 0 47 34 3 56 62 53 75 96 61 46 7 67 30 0 97 91 71 73 28 2 72 15 4 91 50 75 63 12 72 42 87 ]
[99 79 1 87 98 23 72 0 14 77 79 27 70 22 60 62 48 91 95 48 57 96 10 0 74 73 3 20 98 64 66 34 43 30 71 97 38 94 15 21 ]
[5 51 71 51 86 37 45 97 49 11 65 63 82 15 23 56 35 9 88 94 44 34 67 47 0 78 65 95 64 39 11 5 16 26 9 70 37 12 50 70 ]
[27 50 64 35 6 82 98 18 57 39 15 50 8 80 44 68 30 8 65 27 28 60 23 53 32 0 29 58 81 63 68 82 89 73 80 64 49 44 5 56 ]
[46 22 89 3 88 90 70 33 95 51 73 70 52 38 57 19 13 87 6 27 19 30 90 82 65 45 0 82 89 30 59 12 78 85 87 77 38 92 82 97 ]
[1 36 64 44 71 50 67 57 37 25 53 20 36 83 33 11 74 2 26 55 10 45 24 52 18 95 41 0 13 96 20 34 33 91 51 40 84 8 0 93 ]
[82 79 47 47 87 44 41 27 92 67 25 65 28 83 25 14 77 49 79 45 65 22 84 22 39 40 5 32 0 25 93 5 75 1 56 35 87 69 45 66 ]
[30 22 69 2 44 53 59 12 13 89 42 27 95 22 20 31 44 84 85 32 7 69 34 40 4 96 49 78 68 0 62 45 79 7 54 38 20 60 19 8 ]
[4 55 17 44 2 37 28 86 7 8 51 42 7 4 80 12 64 26 2 82 3 67 18 67 95 0 19 99 79 55 0 49 32 99 21 96 7 52 96 49 ]
[78 91 29 22 82 34 49 92 37 26 8 5 29 3 37 50 82 40 30 53 39 83 4 75 43 6 60 97 5 14 57 0 69 58 41 52 75 66 59 72 ]
[76 10 17 6 61 38 20 98 2 85 92 75 78 51 14 43 67 46 48 7 84 11 38 71 7 2 0 96 85 50 24 60 0 36 96 56 80 74 31 27 ]
[74 26 27 59 12 21 97 22 33 70 34 80 75 84 41 69 10 97 37 77 63 60 40 77 34 30 41 47 27 32 71 53 98 0 79 55 29 7 59 46 ]
[43 9 44 41 62 1 89 83 82 49 24 49 0 2 69 47 45 33 70 52 70 82 84 48 55 20 86 35 36 68 54 5 27 88 0 3 92 73 5 42 ]
[1 89 81 27 84 49 90 19 12 52 92 43 23 98 13 76 2 5 40 16 82 58 22 1 58 41 82 73 78 21 36 59 57 96 8 0 47 92 32 90 ]
[8 1 82 23 29 65 3 12 74 14 31 54 1 16 79 36 9 50 84 5 40 68 99 85 78 43 34 33 26 43 44 14 85 38 16 7 0 33 66 29 ]
[92 49 66 53 0 14 85 42 85 66 55 62 90 45 65 68 27 5 53 99 48 21 30 86 84 14 42 64 64 11 8 24 76 61 61 18 84 0 48 43 ]
[20 40 50 20 74 79 26 32 60 7 5 47 97 5 50 46 10 72 37 89 43 68 66 98 83 66 83 72 90 90 54 20 97 73 60 58 80 15 0 8 ]
[36 77 64 58 2 23 79 21 87 54 61 77 87 39 47 1 68 26 47 97 74 84 54 30 85 94 89 92 44 8 86 75 7 5 2 40 89 86 36 0 ]
];
