nbGenes = 100;
preference = [[0 7 62 32 38 77 53 90 37 92 57 60 36 80 15 54 2 15 88 31 90 69 90 89 78 68 88 79 57 99 13 28 11 87 81 15 33 32 86 50 7 10 43 95 67 49 31 36 3 23 21 78 58 18 5 72 55 69 72 35 30 62 79 97 68 89 52 78 8 26 83 17 31 30 28 34 18 11 73 14 95 77 21 63 21 2 98 23 44 6 27 98 22 49 1 75 72 46 14 56 ]
[73 0 9 66 22 2 25 56 77 45 30 85 93 37 65 35 72 76 71 98 38 59 12 44 30 48 8 79 40 39 92 24 98 52 6 91 90 92 64 79 51 77 4 91 29 22 99 84 53 38 88 88 92 58 3 48 31 73 27 12 85 83 65 10 65 79 45 48 77 65 59 52 48 52 78 85 8 92 10 31 31 69 22 85 17 27 84 91 79 37 52 37 2 34 77 35 12 92 42 13 ]
[5 65 0 12 7 23 13 32 63 30 22 83 68 51 18 95 77 67 29 49 57 91 45 72 37 96 12 46 64 41 21 32 47 21 80 64 13 8 30 39 11 55 72 33 86 77 61 82 43 6 0 59 50 50 90 12 23 99 13 2 33 60 52 19 60 24 87 88 4 83 14 86 53 1 96 66 10 22 27 93 71 2 54 88 14 45 61 83 76 59 43 57 39 46 16 62 56 34 15 53 ]
[54 21 86 0 27 77 92 2 97 90 35 74 48 48 80 64 85 90 90 50 35 51 4 61 61 82 0 58 87 7 95 52 16 16 20 26 40 16 1 69 14 20 2 97 82 8 75 6 98 90 93 86 39 94 87 19 10 69 58 66 96 38 96 22 3 60 80 86 48 30 55 65 17 55 3 89 88 64 81 98 9 81 46 57 73 3 72 84 0 16 74 13 60 91 28 98 80 88 96 9 ]
[29 82 69 76 0 32 25 48 2 49 69 93 98 70 62 72 24 42 10 8 29 29 36 57 90 20 56 46 89 60 17 73 76 62 82 11 5 16 85 62 55 29 55 58 80 39 50 92 54 64 52 30 29 41 24 75 24 74 2 90 21 5 70 73 52 29 23 47 35 5 21 8 4 42 8 95 0 81 59 55 88 11 27 95 67 64 10 8 32 90 99 27 67 70 69 75 32 45 8 9 ]
[2 36 29 68 70 0 22 73 87 71 11 12 95 12 51 37 2 65 81 63 94 88 67 99 11 56 59 73 66 46 97 28 27 27 64 51 50 2 10 64 8 14 14 15 14 60 76 94 31 50 29 67 43 63 75 97 49 17 6 46 3 19 35 21 77 44 53 33 40 19 6 55 16 33 2 22 45 60 67 96 78 68 15 46 0 68 34 25 68 37 44 16 58 10 28 60 25 93 8 94 ]
[76 75 72 64 10 45 0 22 3 32 17 68 92 44 60 98 44 99 41 46 20 37 4 50 4 84 23 13 99 27 8 45 63 78 58 90 47 48 87 83 94 35 43 30 14 63 4 44 99 52 13 75 42 68 32 23 4 69 75 58 68 75 42 45 53 6 27 26 43 83 14 89 80 31 7 30 42 14 49 9 87 76 76 89 24 51 46 98 14 73 27 91 86 41 7 41 79 75 72 13 ]
[57 32 80 11 25 12 45 0 84 89 57 74 8 63 41 1 80 22 80 67 20 91 13 9 58 65 98 40 13 46 23 12 34 59 57 2 56 64 79 83 42 46 25 60 58 58 79 67 60 90 21 2 99 48 38 56 68 91 49 31 8 83 65 18 47 79 66 41 91 98 26 50 13 30 13 55 22 70 73 43 25 38 47 45 77 38 95 58 43 99 36 67 69 67 55 26 66 36 65 99 ]
[91 6 68 84 77 33 1 61 0 57 29 89 53 44 53 80 77 47 58 75 96 74 47 92 22 9 66 68 56 69 5 90 70 92 61 59 33 95 32 11 37 97 10 83 85 37 40 94 79 2 8 83 16 5 58 82 33 56 53 76 80 85 41 48 99 56 76 86 42 23 37 64 48 5 67 67 47 39 90 14 77 73 9 98 96 74 62 49 77 92 71 3 80 85 11 81 11 51 32 47 ]
[99 19 63 46 54 33 76 86 83 0 80 32 57 25 89 86 40 63 38 38 34 86 77 14 45 19 7 75 97 65 86 41 71 18 67 27 82 48 39 62 78 81 19 57 10 34 0 95 33 75 48 67 68 90 32 79 89 73 34 60 10 88 86 50 10 60 50 9 65 81 64 59 55 49 10 52 58 8 24 96 52 60 7 32 13 24 5 46 91 51 0 28 30 86 68 47 26 84 71 34 ]
[1 67 37 4 74 62 39 18 74 81 0 76 48 89 7 56 32 69 52 97 95 66 94 66 4 36 57 27 9 53 78 13 85 90 89 69 64 75 43 12 43 60 14 90 51 78 81 55 33 20 12 28 14 48 5 1 43 86 64 2 74 90 13 90 1 99 63 13 41 21 19 84 25 0 9 79 10 27 56 56 92 78 41 75 1 98 89 67 2 9 11 93 57 88 94 59 49 79 70 64 ]
[13 80 58 11 19 52 51 34 71 59 68 0 89 99 12 99 87 4 46 24 23 13 35 13 5 91 49 66 81 43 6 54 25 84 71 23 50 33 52 20 48 87 55 22 18 11 65 70 45 32 99 33 11 66 93 34 23 55 47 73 27 42 27 48 25 27 76 35 69 72 23 70 24 90 62 61 52 58 11 89 26 2 51 92 6 47 91 41 89 87 96 25 81 86 68 94 23 21 3 2 ]
[68 94 7 32 91 70 6 27 25 79 74 56 0 74 44 72 36 63 52 76 20 2 16 7 72 64 66 63 52 40 92 16 8 50 58 42 15 4 79 9 43 49 58 59 63 16 31 36 80 3 51 30 2 4 36 45 31 2 98 36 52 36 30 74 72 57 13 87 75 69 39 33 38 15 12 13 41 27 95 28 34 27 56 38 30 86 82 50 0 98 12 45 58 54 71 87 65 40 51 9 ]
[89 94 22 47 98 4 69 33 63 45 8 32 6 0 51 15 67 28 79 24 81 2 90 78 74 44 23 62 5 47 52 58 49 28 45 92 72 93 69 49 14 61 26 24 85 54 19 50 39 33 29 21 14 59 19 85 82 88 68 76 58 44 57 80 35 69 54 57 29 44 28 84 68 42 85 94 89 52 69 95 64 92 73 9 50 53 0 6 26 7 68 42 54 50 82 81 4 89 58 71 ]
[86 99 5 97 75 60 43 3 38 91 34 98 86 68 0 73 47 20 77 73 35 8 95 46 78 87 37 58 39 29 92 45 63 1 74 43 97 88 10 72 52 49 25 44 19 82 97 47 58 6 99 75 74 6 33 91 2 69 12 91 98 3 66 45 97 53 21 25 19 31 50 36 31 27 93 80 3 46 1 7 26 72 48 29 25 75 47 16 56 63 87 43 44 64 29 32 74 74 77 24 ]
[32 84 91 94 21 14 99 20 29 84 40 88 7 94 64 0 65 39 54 51 87 84 63 51 70 64 29 78 47 92 40 9 14 79 65 46 89 33 66 9 88 78 72 47 34 88 14 5 87 78 83 19 21 48 93 55 13 81 69 30 59 36 87 64 52 42 34 10 36 92 74 20 36 5 16 46 2 96 97 15 94 87 70 25 33 74 18 66 17 23 29 90 64 19 96 62 72 80 68 79 ]
[90 48 93 2 22 32 98 88 0 74 67 25 70 17 47 62 0 39 93 34 20 47 33 64 34 27 55 97 1 71 51 8 29 24 12 9 90 96 83 25 11 73 87 56 23 17 58 70 9 9 78 52 29 75 51 65 84 35 92 53 93 62 40 46 6 97 32 28 55 5 76 89 86 66 5 63 32 46 7 38 47 21 22 23 4 95 24 88 55 91 20 4 62 84 6 76 98 39 7 98 ]
[84 43 98 19 29 20 36 28 59 13 84 89 40 36 33 1 62 0 19 4 99 40 78 87 73 56 28 41 16 67 49 67 90 94 99 50 6 6 97 80 23 17 50 62 59 14 0 15 15 2 75 45 55 47 99 12 77 69 86 12 5 70 47 10 11 89 63 70 90 6 45 40 84 40 37 7 17 15 77 19 79 5 22 41 65 55 74 18 31 67 11 90 56 89 30 84 20 14 94 16 ]
[36 53 97 35 58 0 75 76 69 92 96 6 73 66 82 23 83 59 0 39 57 21 68 15 17 87 53 91 28 92 62 63 77 17 31 87 59 54 63 23 33 99 47 98 89 51 75 23 23 56 61 72 84 93 32 13 79 28 48 7 15 75 56 27 11 77 63 94 73 18 98 40 34 32 62 10 63 80 62 33 68 1 46 70 2 88 16 79 10 16 60 68 54 53 9 20 31 0 83 35 ]
[81 68 51 99 85 15 68 21 42 62 1 41 43 47 22 96 33 13 84 0 72 36 15 60 6 14 96 1 44 42 5 0 83 53 6 28 57 92 16 18 4 62 70 23 96 92 24 91 15 22 22 83 58 49 58 84 53 37 45 80 63 57 91 81 20 56 25 97 87 76 51 98 89 39 61 58 53 48 84 53 25 40 76 45 1 70 43 42 38 81 96 0 45 97 84 17 45 98 18 24 ]
[84 46 78 17 1 46 81 52 80 12 83 60 47 29 34 72 87 99 1 64 0 70 46 42 36 33 3 21 75 16 55 17 35 53 43 79 34 39 96 85 51 97 88 12 19 5 9 66 97 16 59 66 4 11 57 52 71 31 97 44 90 32 16 72 5 26 74 17 55 6 82 51 15 47 75 61 33 67 16 68 50 97 0 50 75 83 97 60 27 43 62 62 34 34 68 26 20 73 21 82 ]
[10 16 37 78 67 22 19 56 92 20 20 3 74 46 78 25 28 1 12 33 12 0 21 23 32 71 32 29 29 81 0 62 3 39 21 27 44 41 36 12 15 57 70 58 84 24 25 11 0 5 51 88 70 36 59 94 92 89 65 49 29 83 33 2 52 45 14 14 21 38 67 93 11 85 61 42 10 92 44 29 1 9 71 90 49 62 81 96 52 86 41 79 3 31 69 62 21 89 3 74 ]
[84 41 42 91 26 2 83 8 43 4 33 76 39 29 53 88 64 64 97 29 40 62 0 55 16 82 20 1 15 90 95 42 55 70 60 8 19 22 7 38 49 10 73 1 60 33 8 4 74 64 10 43 41 99 93 77 45 36 89 10 68 52 39 40 51 7 45 80 3 35 16 90 91 83 13 35 42 88 53 27 60 55 38 85 8 32 79 79 69 99 7 9 86 29 96 49 69 13 73 43 ]
[40 54 42 72 49 77 0 67 98 14 7 39 38 62 75 42 75 36 96 14 13 79 60 0 92 54 42 35 69 42 19 40 93 98 17 95 23 88 38 73 16 70 56 91 19 8 85 41 94 24 90 68 1 60 30 92 7 32 88 77 65 31 61 12 62 99 0 68 58 4 12 61 3 20 67 30 1 41 58 1 76 28 42 21 31 71 13 45 61 38 96 5 56 60 51 33 7 32 52 34 ]
[19 44 10 9 85 6 62 39 5 0 81 80 8 67 96 8 96 93 9 24 87 61 58 60 0 44 1 65 99 66 59 89 49 4 56 48 1 90 77 87 33 35 27 40 50 19 36 20 68 65 22 40 23 96 98 18 34 61 24 19 2 33 14 2 87 48 30 73 41 96 41 84 71 6 19 80 96 17 21 6 69 23 67 88 92 83 94 78 73 51 32 58 38 32 85 97 61 82 40 59 ]
[73 57 96 70 61 59 13 22 56 96 4 51 9 60 60 93 41 9 3 51 65 26 88 74 29 0 19 85 42 58 17 30 14 63 38 44 70 62 35 45 82 15 31 98 41 96 12 73 27 89 31 24 78 29 45 86 46 68 12 57 17 96 16 89 74 42 88 37 0 36 45 28 13 50 79 5 46 60 51 85 30 2 84 42 26 16 70 23 20 52 31 41 32 93 41 87 54 83 89 34 ]
[54 94 77 38 91 43 83 4 25 10 23 43 23 96 9 42 1 5 95 3 96 71 42 50 50 46 0 19 19 26 26 75 29 33 9 81 11 81 64 18 16 45 29 72 23 86 93 37 0 51 27 84 9 92 67 79 28 68 23 7 12 70 40 82 16 4 39 90 77 36 31 47 76 96 43 98 86 15 9 33 39 14 64 6 7 27 6 0 80 79 0 53 71 52 7 77 48 48 37 10 ]
[17 25 90 41 50 31 29 57 49 35 39 92 75 72 10 66 98 13 97 37 10 44 25 37 6 91 32 0 55 72 83 99 8 15 82 73 40 79 6 81 44 83 87 57 82 83 1 3 81 41 69 37 93 3 98 24 85 53 35 2 7 2 66 63 31 56 44 93 89 24 35 59 34 57 93 77 40 8 22 18 88 6 28 54 83 61 10 47 95 41 41 89 90 63 74 15 46 34 22 83 ]
[43 29 66 61 52 16 3 58 16 98 39 30 3 30 7 48 22 38 60 19 53 48 52 10 58 33 21 74 0 54 44 65 71 70 74 28 40 10 55 59 13 50 4 10 69 59 61 62 85 18 45 6 85 74 4 31 72 79 97 31 25 67 82 52 10 80 17 59 64 21 67 90 81 47 45 1 44 59 8 25 75 13 88 17 11 56 14 31 32 33 68 31 23 72 48 89 28 5 90 76 ]
[20 82 23 8 32 56 30 6 83 81 99 1 8 13 5 69 47 17 48 57 83 53 34 94 34 41 56 78 81 0 68 2 23 99 38 24 17 73 75 81 77 4 34 16 91 90 88 70 56 42 36 23 23 70 68 83 90 58 74 53 63 61 36 77 57 16 39 2 70 61 15 70 45 36 57 25 29 65 31 89 44 26 54 23 22 10 36 21 34 97 61 60 42 34 40 63 23 72 60 15 ]
[69 29 88 22 37 81 91 46 85 55 13 46 38 43 24 16 73 15 59 46 99 59 77 11 76 98 33 59 20 97 0 68 19 75 37 24 42 31 24 10 75 32 73 96 16 58 80 47 10 36 97 44 10 53 4 78 3 97 96 11 20 86 29 90 24 24 41 64 57 8 7 35 27 49 82 91 46 55 59 24 19 22 75 22 25 93 45 15 70 59 18 13 55 52 62 52 4 38 55 61 ]
[38 17 97 77 42 33 25 30 28 87 25 33 0 41 16 0 33 58 45 86 60 54 48 26 9 77 99 12 74 37 58 0 95 56 10 75 88 74 46 58 85 94 4 74 61 47 31 35 59 58 89 40 96 56 58 11 80 59 72 25 33 34 50 11 34 69 97 75 57 41 15 78 2 98 2 16 59 83 91 40 45 69 7 64 82 42 58 9 80 21 2 9 97 6 55 97 59 36 98 44 ]
[31 14 82 19 8 11 57 5 25 65 80 89 2 28 40 29 56 75 5 77 74 83 25 65 63 65 54 83 90 83 54 28 0 7 44 41 91 52 47 66 49 7 9 37 54 14 37 28 28 67 20 44 72 12 74 90 5 31 16 98 98 36 82 52 75 24 10 35 75 32 60 61 43 74 82 37 43 16 9 56 83 49 54 99 2 18 21 76 62 84 20 43 58 15 6 10 61 70 96 29 ]
[74 88 52 58 32 7 56 45 21 99 72 12 26 1 64 57 56 11 81 22 37 24 79 9 74 5 5 30 52 49 66 51 43 0 37 15 98 15 41 61 22 65 78 14 49 4 97 10 81 16 11 21 89 2 71 10 32 83 19 46 78 25 24 98 2 9 33 52 62 65 64 80 75 70 83 79 87 89 9 93 70 91 68 66 36 45 71 22 65 29 21 53 63 88 76 88 41 68 3 86 ]
[21 78 49 70 59 3 82 43 19 36 72 76 43 77 29 75 84 29 6 53 98 65 76 1 94 54 70 87 55 61 56 34 45 51 0 46 79 16 89 50 49 2 33 7 98 73 9 46 2 37 98 47 50 51 4 51 79 52 71 40 20 82 26 64 91 96 38 36 91 8 30 39 41 65 35 43 96 58 30 68 45 28 49 69 49 3 35 79 95 31 57 46 66 35 37 11 61 39 28 0 ]
[40 61 76 68 82 66 55 88 73 62 53 89 2 64 28 61 1 65 51 7 1 43 70 85 17 88 96 6 90 21 24 53 24 45 45 0 24 1 12 69 6 31 85 21 97 53 21 13 97 14 38 73 83 73 67 79 33 76 36 58 78 76 40 58 77 23 33 54 32 68 76 26 49 19 28 98 75 25 33 97 97 70 29 93 51 24 41 7 70 88 97 83 84 15 95 15 21 25 39 4 ]
[79 97 63 44 84 30 60 21 0 62 96 81 75 99 57 68 15 49 80 82 33 81 90 22 49 48 27 51 98 49 29 67 80 17 75 94 0 42 69 82 73 69 65 58 63 95 86 66 63 96 28 53 29 23 19 33 97 9 3 40 49 81 52 22 27 89 89 92 58 45 54 43 6 99 62 56 64 90 91 18 32 65 61 44 71 19 64 81 37 34 44 12 38 83 70 78 83 48 10 12 ]
[80 40 28 86 51 68 89 58 80 12 16 91 60 38 29 51 79 87 64 19 85 62 22 38 17 4 3 78 65 21 49 34 81 5 40 11 59 0 31 29 90 12 22 8 84 3 50 40 30 72 31 12 67 17 14 99 78 42 41 26 24 18 94 30 85 33 55 19 63 94 55 10 47 79 46 17 86 80 57 48 36 73 80 83 2 11 70 30 41 75 77 92 46 66 81 49 28 34 18 33 ]
[90 66 10 10 52 63 66 65 25 22 72 69 79 29 38 84 32 15 13 18 30 70 13 27 76 62 35 53 16 41 38 88 29 8 44 92 75 74 0 69 82 98 24 64 91 73 2 13 77 38 86 35 44 64 34 98 61 64 14 33 58 34 52 54 62 45 24 79 23 74 35 7 48 61 50 14 25 10 51 9 2 93 33 36 24 2 32 38 21 57 96 25 59 99 54 71 22 20 45 45 ]
[97 48 53 69 56 4 14 7 44 59 73 27 84 88 79 87 82 60 43 21 77 10 60 33 53 79 85 65 42 5 97 80 76 30 3 65 66 72 8 0 86 70 74 44 0 92 42 61 57 87 91 15 11 19 35 55 20 87 91 7 56 63 62 71 2 67 31 34 12 71 58 67 65 86 57 21 53 7 15 54 90 10 76 31 35 97 69 7 55 53 36 78 78 78 13 68 57 5 46 82 ]
[85 88 10 82 42 36 37 99 42 64 22 39 45 79 35 64 6 92 10 10 59 41 75 97 14 34 73 76 66 28 60 40 60 95 60 37 2 11 47 49 0 72 8 49 57 16 53 95 54 69 34 61 51 74 0 41 57 84 22 32 50 21 93 22 85 82 32 36 77 9 55 86 74 91 64 23 29 37 5 76 64 48 63 30 44 22 70 54 28 94 71 98 11 51 95 90 80 17 24 77 ]
[61 39 13 24 64 69 74 55 76 97 90 93 45 92 23 32 18 60 66 28 55 3 13 91 78 3 0 23 62 83 2 9 66 14 42 74 37 0 40 55 60 0 11 23 95 57 63 51 23 27 51 14 33 49 29 35 99 89 38 16 6 17 27 4 6 4 62 62 36 84 62 19 41 4 23 68 96 7 62 74 64 28 50 38 65 75 41 95 10 8 56 38 33 7 54 92 89 47 7 86 ]
[81 15 56 59 97 84 89 38 66 16 3 50 16 94 81 42 77 46 57 0 70 90 99 74 46 0 48 74 55 30 71 71 61 1 5 40 73 24 77 87 6 13 0 27 50 18 72 46 25 54 76 33 54 94 1 45 52 6 39 84 96 78 73 76 79 84 75 82 46 65 87 67 25 49 29 62 27 35 62 51 6 74 52 75 28 73 2 2 79 55 50 92 80 53 26 7 75 73 31 13 ]
[20 5 52 28 67 57 1 41 29 45 53 91 12 84 56 29 32 1 78 75 2 69 6 89 78 79 31 96 99 51 64 8 37 23 77 34 71 52 4 36 65 94 24 0 33 69 48 91 70 29 67 18 23 44 50 60 32 5 47 55 57 92 13 56 63 85 52 74 39 94 18 3 81 49 9 98 79 92 72 73 97 88 80 23 4 9 18 11 40 89 31 66 89 48 8 10 62 57 73 83 ]
[62 21 87 93 30 14 3 4 14 13 74 54 41 0 62 83 96 11 46 55 48 28 35 75 77 35 49 34 41 13 82 61 96 22 47 83 19 51 38 79 91 9 88 17 0 50 31 45 29 99 52 92 0 27 55 69 25 78 24 54 29 61 75 44 38 5 23 73 1 95 11 80 1 35 50 2 33 70 41 7 33 1 4 87 21 10 48 76 53 80 66 48 8 94 81 0 97 3 45 47 ]
[9 50 11 68 71 66 50 11 46 62 30 18 54 6 90 13 45 49 20 0 0 49 73 79 83 94 3 4 29 53 21 3 16 3 6 76 96 51 92 84 35 19 47 16 41 0 81 38 81 60 37 17 51 20 9 40 92 79 87 65 89 44 44 69 47 47 14 20 2 69 61 27 67 29 87 5 92 90 36 6 4 47 82 8 89 83 53 12 10 76 24 59 3 35 25 71 41 90 68 81 ]
[8 14 77 19 36 59 6 6 26 41 92 99 46 5 10 6 96 87 75 91 27 71 2 15 25 74 8 80 40 37 84 62 40 46 40 11 57 86 12 30 68 86 36 19 32 22 0 6 91 65 21 82 95 18 99 53 69 32 95 58 33 99 86 81 57 50 11 23 61 2 84 31 89 61 24 59 30 62 10 90 69 63 82 19 25 56 90 6 69 78 51 94 28 33 64 31 56 80 88 13 ]
[89 45 0 61 18 22 87 40 68 50 20 15 1 0 94 88 21 65 18 64 90 74 52 64 36 20 89 70 5 75 89 40 95 15 66 95 20 84 17 94 5 65 49 20 19 15 49 0 16 79 69 31 6 74 92 23 38 24 43 83 48 74 76 36 96 5 9 24 11 15 90 6 37 77 38 75 32 43 20 36 86 34 27 82 31 86 70 76 39 49 15 10 9 66 18 69 81 47 79 16 ]
[82 92 48 9 90 20 2 66 99 30 49 19 43 93 30 27 35 7 31 69 55 37 12 26 29 42 3 70 82 44 67 21 40 50 19 93 27 52 55 92 34 82 85 32 93 60 50 77 0 23 32 23 2 6 99 49 14 58 89 64 73 82 74 43 50 68 8 63 80 42 67 37 47 87 64 7 70 1 89 65 53 9 47 93 93 90 53 95 19 6 68 27 41 64 16 78 80 35 19 52 ]
[11 15 16 94 81 38 80 40 69 1 58 11 98 89 15 89 60 13 92 2 36 38 93 22 35 86 15 17 69 35 91 39 5 42 40 18 20 22 54 20 40 17 3 37 72 72 83 76 36 0 98 47 58 2 97 50 77 80 10 35 61 26 19 64 42 28 16 61 34 20 60 94 98 97 36 81 68 90 27 12 94 33 52 38 64 47 27 21 62 26 55 64 31 50 96 79 74 44 8 55 ]
[75 45 61 66 85 1 93 66 98 69 25 99 52 12 39 88 68 82 24 62 52 12 76 38 85 14 4 10 21 57 4 11 5 29 27 75 69 1 90 10 16 75 65 33 15 13 75 49 26 0 0 40 8 90 19 98 18 25 77 82 22 70 91 57 6 99 89 99 38 2 48 14 60 51 22 63 96 81 42 9 82 93 25 18 62 84 44 83 87 99 44 64 78 53 77 79 59 89 47 11 ]
[90 92 30 82 29 8 30 58 73 49 51 73 41 33 60 32 14 55 62 62 47 14 20 48 95 36 94 39 26 89 10 39 15 44 90 47 65 84 2 62 33 40 27 31 88 15 14 50 59 18 58 0 63 36 76 41 40 83 35 63 35 9 4 3 17 89 23 99 26 71 95 4 57 93 86 84 35 95 11 95 19 40 37 24 10 16 81 84 44 2 74 66 86 30 92 53 61 87 45 28 ]
[34 44 37 95 49 2 25 0 14 37 93 27 32 40 52 36 62 87 45 22 52 8 50 8 28 72 71 13 36 27 7 51 71 73 57 73 27 35 82 18 64 10 90 47 19 25 33 27 37 94 84 58 0 7 97 91 74 77 17 11 98 25 35 78 0 21 62 54 0 63 28 98 48 8 85 69 80 22 40 92 72 19 32 38 51 13 25 42 64 36 15 69 33 35 88 21 70 23 93 72 ]
[93 80 58 24 6 36 88 22 0 57 82 5 22 75 96 25 76 66 0 57 83 73 56 74 42 52 0 32 16 39 4 48 82 15 99 35 73 9 11 73 30 2 51 75 72 83 73 95 28 68 11 95 91 0 81 34 17 37 65 29 37 75 27 28 4 9 22 37 73 39 92 14 23 10 57 51 85 96 58 57 52 92 4 6 89 31 51 66 60 18 65 5 92 49 10 34 40 91 45 69 ]
[95 91 3 88 10 13 98 28 0 94 16 74 56 38 88 43 70 92 66 42 72 4 95 75 69 11 3 97 43 72 58 92 72 91 82 73 72 98 33 97 50 0 75 25 62 55 48 42 19 38 16 86 84 60 0 83 18 81 95 95 46 57 55 92 87 70 83 82 67 50 36 88 6 48 45 10 79 53 0 19 63 76 81 93 44 18 35 4 71 15 67 3 49 28 33 31 12 41 46 69 ]
[84 39 73 94 89 77 90 72 42 2 54 51 8 96 6 76 71 60 12 79 84 8 36 52 1 38 32 19 50 46 49 33 72 94 23 62 73 52 17 55 51 45 11 65 21 87 53 84 78 85 53 5 15 55 64 0 10 31 27 46 51 50 96 70 57 79 4 14 53 81 58 68 87 78 18 3 63 91 68 8 1 90 43 19 8 4 85 74 40 39 98 86 38 12 75 17 57 11 56 4 ]
[58 4 71 13 79 28 17 85 84 29 49 84 56 75 32 13 88 71 30 33 36 78 89 66 55 88 58 89 37 63 46 9 56 40 19 14 1 9 10 34 11 56 22 90 18 99 98 7 22 4 38 71 81 30 83 63 0 52 33 85 10 17 6 42 50 58 74 19 72 62 72 6 18 29 48 7 39 74 4 62 93 36 72 1 50 78 52 43 91 52 93 66 41 23 12 29 19 64 71 77 ]
[27 66 40 49 42 63 21 60 28 95 86 57 35 60 20 28 6 43 0 69 60 34 64 89 60 71 82 55 74 80 63 69 67 58 65 37 37 37 24 74 86 50 51 46 94 39 0 18 66 92 23 95 56 58 17 47 84 0 69 21 10 14 79 89 48 1 1 57 85 93 0 52 73 32 62 38 93 55 62 35 69 15 97 10 59 78 49 19 56 10 40 2 4 47 22 22 87 21 18 83 ]
[28 76 28 65 10 34 14 85 87 3 64 46 52 24 21 67 41 65 42 59 30 45 43 72 41 93 26 89 13 95 36 23 4 32 66 67 31 5 24 0 99 87 0 57 6 78 25 78 30 30 78 47 54 80 12 44 65 83 0 59 59 3 30 60 3 63 56 51 23 33 12 43 5 12 28 97 5 35 37 89 40 64 93 78 2 90 86 83 58 72 37 67 28 33 93 54 87 36 33 96 ]
[39 88 97 66 91 5 45 21 91 90 37 10 96 55 17 67 26 58 88 97 69 62 11 66 88 71 26 8 25 95 68 6 87 39 83 54 87 27 13 98 81 30 4 23 54 6 52 29 32 53 90 43 99 23 19 6 34 49 39 0 93 80 71 44 42 26 7 74 72 54 7 58 12 64 40 34 29 45 9 91 18 29 16 35 39 31 19 71 57 98 30 82 43 2 10 39 35 84 95 46 ]
[40 66 1 67 97 49 15 80 43 65 9 27 98 48 70 15 97 15 45 62 25 2 41 14 1 98 97 22 3 23 99 50 33 69 96 20 31 97 41 44 91 74 33 67 22 95 36 49 56 26 43 36 91 81 55 50 62 23 35 82 0 93 41 30 27 27 11 2 78 1 90 98 1 9 29 45 26 53 73 39 51 34 53 37 24 41 74 40 84 5 34 51 89 15 21 82 0 82 72 49 ]
[98 80 21 99 59 58 64 41 0 84 34 54 70 9 50 95 14 85 49 28 21 26 31 8 57 48 94 35 21 89 24 10 21 42 63 39 29 48 62 71 78 12 89 26 55 83 79 89 94 76 62 51 52 58 49 62 45 55 16 96 30 0 80 8 22 55 42 92 93 81 62 95 91 48 55 45 41 49 29 3 60 12 94 2 26 58 93 33 44 46 26 84 56 2 32 31 18 28 71 95 ]
[80 26 84 88 82 7 85 77 60 34 87 52 89 59 58 19 52 87 54 85 87 22 84 86 25 76 87 4 63 94 58 69 85 7 39 21 84 27 96 98 3 83 78 4 93 39 74 95 46 9 13 24 82 42 1 75 46 2 68 5 47 95 0 2 70 43 34 30 24 91 48 21 13 5 45 92 77 7 87 82 46 75 72 19 65 34 87 99 36 68 20 92 27 61 15 82 91 4 94 0 ]
[73 48 68 32 76 7 95 53 27 17 87 72 84 98 30 74 96 74 80 94 47 3 59 99 55 15 62 30 15 37 53 80 79 19 80 43 52 22 34 68 72 89 90 27 57 83 90 99 26 46 9 38 96 78 89 29 61 90 99 24 97 0 92 0 68 51 6 0 87 87 95 80 40 24 13 62 26 13 30 27 33 70 75 11 1 75 97 65 34 37 11 56 12 49 3 94 32 25 80 45 ]
[16 91 39 45 77 92 61 47 88 89 1 75 7 79 82 68 70 16 3 80 98 40 27 48 12 1 72 13 56 66 18 73 28 36 10 32 8 23 41 32 65 91 16 46 15 72 20 1 89 29 77 18 88 4 82 59 44 40 25 3 80 80 11 33 0 33 1 16 9 93 74 26 80 19 19 40 53 35 24 40 31 27 18 20 60 5 47 21 48 40 49 83 35 38 69 6 84 10 39 88 ]
[8 57 33 25 37 82 70 30 70 65 59 39 52 97 24 50 31 32 75 15 6 61 14 97 19 36 16 8 44 19 98 8 36 54 60 14 58 67 81 20 97 19 2 4 76 55 56 4 51 31 34 9 6 71 13 53 85 37 59 53 44 99 25 59 77 0 56 44 75 30 49 69 16 16 59 70 12 47 51 62 59 93 44 67 27 19 16 44 94 67 27 21 59 52 86 34 71 51 49 50 ]
[53 25 24 26 61 17 38 29 87 93 42 74 39 38 32 77 36 2 50 66 12 90 58 64 51 40 59 18 80 65 36 73 53 96 41 80 12 70 33 29 32 92 81 65 55 94 33 59 61 64 45 21 26 91 53 7 63 24 66 23 71 72 5 32 48 15 0 66 61 76 4 57 1 48 98 77 96 36 83 40 60 77 21 45 82 88 46 17 91 43 52 59 96 45 68 80 34 84 74 50 ]
[86 64 39 88 18 40 72 43 24 66 66 8 34 78 9 53 65 58 60 86 57 80 48 27 12 57 3 74 50 84 38 21 62 90 46 7 14 54 43 34 38 71 17 77 25 4 42 11 73 92 47 76 65 53 32 51 86 15 16 80 32 56 98 89 36 18 34 0 66 53 55 31 47 40 53 83 21 38 79 19 56 40 15 76 76 55 59 16 52 40 21 71 49 20 78 42 70 49 7 70 ]
[63 22 69 39 31 21 46 26 2 55 68 87 52 92 58 69 63 42 91 89 66 17 99 27 65 39 75 28 51 43 84 33 86 45 38 16 50 43 4 92 15 10 39 80 15 20 0 82 11 60 97 9 15 82 5 66 47 77 44 18 86 61 14 25 12 31 87 12 0 56 71 14 11 82 38 86 86 37 45 6 16 50 5 48 63 65 8 96 14 32 78 52 99 36 2 48 66 0 80 62 ]
[72 22 31 13 71 1 4 82 66 99 36 10 57 39 86 22 88 7 77 33 60 29 32 25 98 85 82 70 5 18 29 46 91 86 69 10 61 14 64 87 44 56 69 79 54 42 35 75 32 92 60 89 92 42 53 59 11 24 93 48 33 93 23 18 73 50 20 21 46 0 51 96 46 69 24 27 30 91 99 55 54 3 33 7 51 92 40 22 22 56 62 73 14 63 28 4 67 64 69 5 ]
[80 63 28 23 63 59 20 29 9 70 43 68 33 97 80 21 90 39 30 43 45 36 16 12 54 54 89 45 90 28 32 4 45 25 36 58 66 65 19 83 0 3 13 41 78 50 79 11 9 28 38 93 77 41 11 80 43 96 49 9 67 29 18 46 60 90 52 62 22 22 0 95 27 87 23 15 35 67 46 74 14 71 58 21 2 6 68 50 48 50 40 96 53 42 74 29 65 55 33 85 ]
[25 87 75 52 85 38 71 50 32 16 94 6 46 8 58 41 3 98 42 46 81 52 33 71 85 32 80 26 31 91 28 18 13 27 21 30 59 11 99 37 69 71 14 0 50 61 66 56 30 90 27 86 38 86 21 47 75 19 28 34 35 8 95 5 89 95 82 24 26 37 57 0 45 54 49 21 32 72 52 93 98 33 71 35 40 34 89 53 64 98 17 14 23 5 87 59 83 39 67 13 ]
[7 4 43 57 72 64 71 13 91 93 9 4 2 98 78 62 76 89 21 84 34 94 54 28 65 81 18 44 67 80 27 34 42 93 21 92 61 46 43 77 50 98 52 96 75 2 2 18 34 88 0 7 67 60 44 44 45 50 22 65 97 0 46 25 5 77 19 92 55 16 85 2 0 36 33 0 28 31 56 89 95 0 98 57 8 2 98 33 5 86 24 47 64 24 90 9 84 99 8 54 ]
[61 47 41 28 60 59 13 51 85 7 77 58 20 10 75 73 37 89 92 78 67 36 82 97 71 32 45 66 61 99 43 8 5 95 92 59 90 73 88 63 30 68 73 45 49 22 53 40 0 78 34 98 32 94 76 11 25 32 78 53 74 43 37 14 68 33 88 94 28 72 71 33 35 0 71 69 84 82 40 52 38 1 31 36 33 88 68 58 32 24 43 60 69 71 81 39 22 50 78 65 ]
[53 20 40 33 78 71 41 16 23 57 10 51 17 97 26 13 16 25 24 67 47 65 24 55 9 42 28 11 6 18 94 82 51 39 6 45 72 18 9 41 73 64 67 1 96 78 10 85 51 13 15 21 56 3 40 85 27 33 26 55 12 90 83 12 36 17 65 55 20 4 45 88 29 20 0 56 32 86 38 26 76 53 52 85 4 16 51 36 83 13 82 99 88 22 11 84 7 5 25 25 ]
[21 33 86 91 48 71 10 48 56 71 9 90 90 67 77 22 75 62 70 82 95 96 4 41 18 29 36 29 82 55 14 8 23 14 29 57 86 61 42 89 79 82 9 0 95 6 40 0 94 47 39 65 45 39 92 11 95 34 5 69 6 6 28 7 45 83 97 20 95 4 31 38 24 26 11 0 88 61 92 75 73 73 7 99 25 32 10 47 70 68 52 56 1 6 14 87 85 96 17 85 ]
[56 97 38 53 95 48 69 30 43 32 89 1 28 52 0 15 2 27 48 0 33 70 40 50 64 55 29 11 73 99 12 70 72 26 9 9 63 72 18 72 85 95 37 76 15 84 98 31 6 52 11 67 79 81 7 9 19 2 34 95 86 79 35 68 75 32 88 84 7 81 78 60 99 14 69 21 0 59 19 82 6 76 48 18 33 95 16 56 4 90 32 35 88 25 44 50 76 37 38 37 ]
[1 59 63 61 13 54 21 6 26 97 75 6 1 51 55 72 5 78 44 34 48 55 5 78 73 85 79 57 40 79 15 92 86 87 81 95 96 30 20 5 21 49 65 46 82 6 28 75 80 83 97 51 59 20 8 42 12 43 87 92 0 2 89 95 16 3 11 20 36 30 63 32 93 71 30 29 10 0 34 66 87 75 58 5 34 63 87 58 10 97 82 90 60 41 93 36 3 26 40 24 ]
[76 92 63 8 52 20 10 69 12 4 44 76 39 97 69 94 0 18 1 74 39 25 12 95 81 59 42 98 74 92 27 59 35 99 52 75 80 78 97 27 69 47 91 42 79 54 38 14 96 93 80 42 67 65 95 72 38 38 68 19 59 65 42 36 61 17 69 97 62 11 98 26 30 64 16 9 23 50 0 35 68 38 70 44 45 97 45 80 20 76 82 41 20 53 62 26 41 99 47 48 ]
[44 19 92 73 38 74 73 88 73 70 91 92 35 72 11 46 27 51 15 16 34 4 86 71 68 27 65 10 15 37 69 4 56 12 8 88 21 6 22 49 47 30 28 91 49 7 28 92 97 68 28 27 57 6 81 49 34 56 26 91 79 88 78 72 80 4 56 50 83 69 33 25 70 80 91 49 72 42 16 0 39 3 74 7 55 25 62 60 46 85 13 27 65 56 75 23 56 22 22 32 ]
[0 93 59 31 0 29 44 30 81 3 79 86 35 92 18 41 70 8 40 77 96 44 96 42 30 60 59 69 9 2 69 43 53 77 31 51 57 30 25 88 52 32 79 79 49 43 70 9 71 80 19 53 86 10 64 49 11 34 92 31 82 53 12 13 58 14 21 12 20 46 92 53 67 15 53 54 83 31 16 19 0 40 28 42 39 96 78 41 24 24 98 57 77 28 36 3 53 69 12 1 ]
[35 67 69 75 86 42 86 31 59 62 76 36 94 36 48 92 29 39 1 60 7 61 47 88 35 8 46 65 80 3 84 33 66 53 37 94 34 1 95 65 52 88 53 77 6 29 34 27 54 63 93 83 14 61 0 71 18 9 34 51 98 0 48 29 34 21 41 26 34 15 83 8 80 93 34 72 71 39 24 87 74 0 73 7 38 34 20 75 97 85 66 16 36 3 79 33 41 73 64 3 ]
[10 85 43 11 36 88 43 55 83 2 23 68 97 23 74 95 99 93 17 66 19 9 87 99 98 27 27 10 80 95 8 39 16 0 94 77 0 67 80 26 71 61 59 58 84 53 88 93 58 40 34 4 64 10 85 20 3 44 89 27 61 96 98 24 8 68 97 91 40 4 66 73 76 62 5 25 60 96 24 50 6 15 0 13 86 70 1 11 80 23 17 22 9 0 13 32 38 90 43 61 ]
[52 2 87 93 58 9 97 88 41 24 28 14 82 28 72 71 16 80 12 25 33 1 32 99 14 80 27 30 78 65 55 28 99 19 91 19 51 80 91 41 23 9 13 49 11 66 93 59 99 5 70 82 71 20 49 83 72 46 89 60 33 23 44 96 78 65 69 57 23 15 77 15 68 15 84 60 73 48 33 81 71 60 27 0 62 27 4 65 42 10 16 42 51 8 93 91 37 0 79 47 ]
[92 10 66 80 28 39 79 56 20 28 61 96 73 62 31 2 20 52 13 63 81 72 23 84 34 16 68 52 53 86 51 29 3 16 0 4 69 20 26 31 85 0 74 10 99 22 12 12 55 17 38 45 44 30 68 61 96 71 56 71 45 90 99 19 42 12 49 98 62 14 12 22 71 44 16 4 47 55 96 77 62 3 60 13 0 41 94 74 26 22 82 59 83 80 90 47 19 26 58 90 ]
[43 0 90 6 31 16 3 48 91 87 61 32 26 11 18 32 35 58 26 0 80 0 73 39 28 56 24 73 50 35 27 59 77 84 43 65 63 83 23 29 31 74 70 43 78 68 66 49 14 11 8 50 44 31 38 83 57 58 79 56 10 28 68 76 1 60 32 49 19 3 10 37 33 9 65 52 9 10 51 47 80 13 24 7 62 0 34 13 59 8 79 24 17 78 36 5 74 14 28 16 ]
[81 6 87 85 65 3 52 72 89 66 64 77 98 8 47 79 76 76 17 33 90 76 59 76 85 95 20 8 98 47 79 44 67 62 83 2 36 7 72 85 16 87 86 54 16 44 87 63 38 18 91 64 6 40 63 38 15 92 50 19 32 67 16 10 59 93 76 41 38 13 52 54 84 53 85 68 12 20 10 50 48 96 19 74 17 96 0 71 99 29 3 12 48 76 73 8 15 40 79 11 ]
[32 24 96 71 33 66 72 26 67 81 6 21 54 37 49 6 13 53 32 66 24 60 26 64 63 19 62 74 15 73 67 65 63 70 67 90 55 67 54 51 34 59 52 1 78 44 39 28 52 24 32 67 59 63 20 80 35 69 21 64 28 37 71 19 0 94 94 45 84 79 11 92 94 44 36 7 55 74 1 64 86 75 49 72 64 33 34 0 2 45 48 58 69 81 14 56 62 97 55 9 ]
[95 67 94 24 33 21 78 71 31 79 5 56 98 96 50 76 27 80 58 45 99 68 5 88 36 76 96 56 74 69 72 57 7 91 49 75 16 72 23 14 15 55 51 86 9 89 43 48 11 17 47 91 39 26 6 99 11 83 48 92 52 83 68 25 29 19 94 42 91 53 69 68 95 63 44 14 38 42 24 78 42 99 19 18 32 12 30 57 0 41 97 62 98 25 5 60 76 59 82 20 ]
[8 10 50 30 94 81 73 47 60 43 84 97 79 77 76 93 13 93 53 18 87 79 7 2 80 52 75 89 2 15 85 94 47 33 92 46 47 61 38 13 93 53 56 28 17 1 46 55 21 84 21 88 15 69 76 56 90 52 39 62 24 44 8 1 41 16 19 9 61 26 57 84 10 80 5 12 14 5 68 57 20 65 83 92 83 67 75 80 95 0 14 80 41 32 18 80 60 80 99 49 ]
[78 53 16 89 4 8 82 13 68 66 43 40 30 54 18 48 52 87 99 13 45 15 69 31 10 49 56 57 9 56 56 43 70 24 64 86 30 2 84 57 38 73 66 6 60 92 22 1 9 74 86 70 35 39 72 29 87 53 6 52 86 75 91 13 84 81 53 51 73 70 29 23 16 46 41 56 69 71 99 42 22 71 33 48 82 86 39 99 0 39 0 21 38 79 42 50 36 22 98 13 ]
[8 85 9 21 1 51 88 73 94 62 86 56 82 49 93 51 22 30 79 76 81 81 88 68 41 48 76 59 5 68 95 52 43 73 18 28 41 93 46 45 82 33 75 3 27 51 22 72 86 54 68 18 31 48 44 85 25 18 61 77 26 51 78 45 31 94 73 74 43 12 81 49 9 67 96 94 77 50 62 76 37 53 85 88 4 67 57 14 57 25 34 0 26 35 25 5 35 73 20 60 ]
[26 53 0 43 76 48 58 61 86 58 32 6 85 70 74 37 17 67 19 53 72 56 83 13 57 81 3 16 84 75 65 76 86 78 50 90 30 89 20 35 18 42 67 28 96 81 7 1 60 6 53 24 6 70 14 85 98 47 53 76 3 93 86 85 45 67 83 63 14 58 27 44 77 66 9 9 92 57 19 66 75 92 92 96 90 19 95 66 69 25 66 81 0 99 56 64 27 54 71 30 ]
[52 27 49 31 74 70 75 90 11 42 15 17 89 48 11 45 24 17 59 19 31 91 99 38 39 98 58 47 53 93 50 6 66 49 14 82 94 45 89 66 33 27 11 3 26 25 45 9 66 45 28 17 42 54 63 51 61 49 41 35 91 61 35 58 68 20 17 78 99 86 25 25 99 51 13 89 18 6 52 28 39 55 9 18 68 84 22 51 69 67 25 72 27 0 46 54 2 23 28 66 ]
[22 21 30 45 5 33 31 75 57 32 2 30 65 45 15 13 27 40 34 85 9 36 39 87 99 77 9 97 86 98 42 99 36 5 48 13 90 51 60 86 91 3 10 52 4 41 51 17 96 66 46 45 85 56 42 49 73 52 10 3 27 59 71 23 25 58 95 72 75 31 79 74 97 28 23 76 5 79 1 14 59 71 19 90 63 95 90 23 17 21 23 65 89 99 0 21 84 2 52 62 ]
[68 8 83 23 40 98 59 33 18 0 16 90 51 25 87 25 90 60 61 29 94 76 20 83 61 32 41 47 95 14 27 36 19 42 6 98 35 47 92 53 26 96 13 41 93 60 49 4 59 26 96 69 95 51 3 10 86 60 73 52 61 76 68 44 96 78 35 12 20 56 97 32 31 9 35 33 40 59 50 88 20 32 21 6 33 54 21 62 33 29 34 15 91 53 33 0 9 91 91 14 ]
[36 52 76 41 42 95 93 44 74 15 83 23 82 98 68 45 33 13 62 54 39 5 18 85 50 0 37 31 43 58 12 16 66 95 33 8 10 12 81 74 0 5 27 37 95 49 38 14 38 45 21 30 71 91 41 12 34 56 12 90 10 77 4 15 73 78 15 50 88 34 44 96 41 34 80 91 91 65 81 33 81 29 71 40 18 56 54 52 75 4 70 90 59 74 81 63 0 74 20 54 ]
[89 42 54 2 56 14 63 54 46 21 80 74 38 34 58 17 13 44 29 67 10 62 94 61 34 18 37 47 96 17 64 68 75 76 47 28 25 91 54 62 85 1 77 89 39 10 52 50 47 35 40 18 34 66 76 33 89 29 1 85 75 22 14 16 66 13 71 29 14 83 68 19 2 49 62 29 74 9 49 92 49 59 2 35 63 7 5 84 64 8 72 72 26 3 27 49 15 0 91 63 ]
[83 14 25 29 68 90 2 89 26 37 0 65 18 34 98 92 25 13 38 63 99 86 40 55 86 75 88 67 23 49 96 75 17 52 16 7 56 68 94 29 22 93 59 30 91 43 2 74 35 74 1 99 58 3 95 89 51 90 48 70 1 32 52 51 85 23 64 18 16 12 73 78 28 47 42 36 15 78 5 87 78 30 60 47 9 21 73 63 91 94 76 53 49 41 70 28 28 83 0 96 ]
[96 61 6 75 79 81 46 98 31 81 41 35 9 53 37 41 14 39 45 42 12 41 27 91 47 17 9 71 90 19 37 72 15 91 4 23 91 99 76 28 68 38 30 27 6 32 25 89 46 72 77 27 93 20 69 25 71 88 91 95 23 1 49 15 72 60 44 12 2 22 25 80 12 57 41 44 6 72 35 80 59 27 59 18 45 44 71 93 82 18 98 76 37 35 37 30 6 77 12 0 ]
];
