nbGenes = 100;
preference = [[0 32 49 6 61 92 96 6 7 81 76 78 17 70 80 12 40 57 39 15 26 13 33 71 87 43 42 63 72 55 22 83 51 87 70 74 46 5 42 60 25 4 56 43 37 38 74 73 43 61 97 80 15 18 56 62 67 28 54 48 59 45 53 16 57 77 55 12 39 32 49 24 50 69 31 85 50 20 1 53 30 18 22 55 70 78 85 66 92 35 42 42 20 35 58 93 35 33 23 35 ]
[72 0 11 54 7 26 72 54 54 81 19 57 15 70 93 49 63 43 25 2 71 90 19 6 32 63 90 96 43 74 92 35 15 40 92 43 6 10 59 2 52 23 17 5 3 45 74 68 50 71 70 29 90 68 63 44 53 5 95 23 49 34 38 89 72 99 93 68 18 39 0 3 46 3 67 58 67 88 33 35 10 24 86 16 17 1 31 82 23 49 48 14 11 44 6 75 22 86 61 74 ]
[45 54 0 48 95 33 1 9 59 61 13 38 55 53 24 25 91 42 28 53 80 96 91 91 61 58 10 35 25 60 90 24 40 19 89 49 94 67 35 26 34 42 1 96 78 50 94 98 1 74 13 73 36 25 53 1 45 29 11 48 14 18 75 5 0 21 58 30 83 81 90 53 18 6 71 78 40 8 14 8 50 70 60 95 74 10 86 67 50 31 38 74 58 33 12 82 68 9 57 24 ]
[7 95 10 0 7 94 98 99 9 19 51 78 68 39 28 78 51 26 81 91 46 6 44 17 19 7 39 61 10 24 41 13 3 79 17 59 21 79 35 81 43 33 31 48 4 79 8 79 36 73 0 58 28 84 37 72 91 38 29 90 27 4 25 97 83 90 84 8 46 1 19 9 43 75 55 81 73 30 51 65 99 80 95 34 31 72 11 40 3 98 79 66 84 53 62 5 86 65 18 27 ]
[23 8 10 58 0 32 73 63 28 56 18 72 29 82 13 68 98 18 34 20 93 16 48 3 0 16 24 12 92 28 64 39 0 35 77 69 22 24 68 78 19 60 95 77 89 28 84 24 18 39 43 73 60 59 75 89 42 9 63 52 14 39 36 30 12 48 2 93 56 82 90 18 70 29 16 18 35 61 8 40 37 19 57 9 99 80 93 13 26 16 6 43 76 46 59 10 0 10 39 14 ]
[66 23 69 23 95 0 46 72 67 69 96 7 2 77 50 81 71 21 39 31 84 80 90 72 87 71 80 32 59 54 47 67 32 92 51 24 87 93 81 21 90 96 47 73 12 86 17 43 27 83 31 9 30 47 25 57 49 99 83 34 13 95 39 32 82 16 42 24 66 22 33 42 61 57 53 56 22 53 21 39 15 84 85 66 68 38 64 54 73 55 6 43 99 8 69 28 1 3 51 90 ]
[91 86 30 74 28 85 0 49 77 81 42 81 68 58 47 62 64 50 17 24 99 43 66 21 64 68 49 53 9 27 24 9 71 91 99 15 15 46 30 58 62 42 51 1 70 85 84 78 14 64 92 94 13 96 44 90 24 81 56 86 2 40 93 76 74 23 68 92 9 14 45 68 63 65 31 51 68 95 67 21 17 92 0 97 82 65 94 22 15 80 14 42 5 54 86 53 31 20 76 33 ]
[37 54 19 38 40 70 99 0 42 24 57 80 18 74 24 65 41 88 57 18 92 14 16 62 25 66 70 6 84 44 94 17 13 79 3 47 23 80 26 12 44 77 77 84 87 56 15 98 36 75 40 72 25 28 50 8 56 12 70 2 4 37 28 92 4 96 79 3 77 51 26 16 0 24 45 71 20 23 3 39 24 50 92 77 91 95 40 80 94 1 61 42 27 36 97 82 77 13 6 59 ]
[31 95 80 25 82 6 41 94 0 68 62 86 21 13 82 35 59 84 22 53 37 82 82 55 96 2 74 46 79 19 45 95 54 83 11 65 5 96 32 61 14 75 32 91 87 42 58 37 57 76 12 44 99 11 20 62 95 67 4 11 4 76 97 57 76 93 95 62 78 68 14 49 0 4 17 99 72 67 22 79 69 70 7 79 40 32 45 93 62 36 52 24 39 25 42 18 88 9 71 65 ]
[16 21 60 10 14 40 92 19 91 0 5 98 0 78 92 41 18 34 25 95 44 97 21 40 81 70 25 93 88 34 15 18 63 38 35 22 10 89 22 80 82 98 80 52 16 43 25 49 44 68 11 94 5 90 46 20 72 80 19 15 44 7 22 43 31 21 28 38 50 26 68 74 57 73 40 55 79 19 49 25 83 52 17 86 34 19 16 87 92 32 9 91 62 70 81 59 36 72 44 9 ]
[6 7 14 65 26 74 57 69 19 62 0 60 23 95 34 68 10 31 71 60 91 65 55 65 48 25 39 51 29 51 73 3 9 72 28 88 5 58 79 38 82 42 0 19 42 18 14 24 31 16 93 18 35 85 96 65 74 87 29 12 43 88 86 40 76 95 89 41 47 77 97 76 3 21 7 92 33 43 32 76 54 31 71 47 20 84 10 88 64 29 8 0 57 58 26 52 84 9 20 45 ]
[0 13 9 84 43 29 45 13 5 80 74 0 39 7 63 82 30 35 96 25 18 49 11 25 85 50 91 97 97 16 20 23 28 43 90 98 97 42 79 86 53 47 79 47 15 61 21 10 8 74 67 40 0 63 33 23 6 27 25 72 24 38 23 38 29 52 39 32 71 97 14 76 36 75 97 45 81 33 93 69 81 98 71 0 33 83 80 8 60 22 21 91 64 24 36 56 17 64 81 53 ]
[93 9 25 17 99 7 30 17 96 33 39 33 0 37 82 88 24 46 44 99 71 24 19 99 44 78 4 83 22 7 53 36 3 2 52 57 44 71 47 81 79 28 44 18 69 52 73 30 6 63 57 34 81 85 38 8 43 46 64 18 55 18 33 98 32 73 47 37 94 87 29 77 93 59 72 83 60 36 97 7 15 47 32 52 49 78 86 41 6 44 15 88 96 82 1 82 33 4 62 75 ]
[98 54 40 21 84 36 13 62 97 82 68 41 35 0 20 64 91 17 98 43 56 87 5 12 42 9 22 65 68 26 16 32 48 16 18 57 42 31 90 65 72 42 6 29 67 5 15 8 96 19 48 89 44 54 65 53 72 29 72 21 31 48 71 54 12 83 17 19 61 27 6 0 48 44 6 23 53 67 91 43 8 87 81 3 35 10 4 27 44 8 85 32 21 57 79 55 51 99 97 26 ]
[14 16 65 72 40 90 50 93 26 52 99 28 38 91 0 87 57 82 23 9 29 86 86 36 33 62 84 10 72 0 36 30 14 90 27 14 58 31 94 91 12 88 96 26 12 53 61 46 82 19 14 70 54 68 82 61 14 18 28 83 10 76 2 81 8 13 20 13 67 54 51 77 45 12 63 2 76 60 65 9 4 82 4 4 39 22 97 55 53 14 47 39 38 95 47 18 31 3 0 44 ]
[98 33 7 1 54 5 16 51 83 85 41 33 2 67 67 0 63 25 51 80 85 7 90 28 43 47 27 27 34 0 18 21 88 14 13 54 40 43 79 73 86 54 89 7 67 59 81 72 4 92 46 81 81 25 93 5 64 26 45 53 85 32 64 94 36 57 87 74 61 1 82 98 30 29 65 29 8 1 4 32 47 23 83 67 64 55 36 56 31 37 20 74 45 68 91 4 25 16 57 92 ]
[6 28 4 71 80 12 35 59 75 99 98 68 62 70 73 97 0 14 32 45 10 78 93 3 35 32 80 83 92 71 14 79 64 64 4 95 49 28 99 16 59 7 74 29 60 60 4 84 83 24 15 11 24 33 17 45 52 76 9 11 59 72 48 26 87 18 24 31 5 32 73 74 86 72 16 72 79 89 30 79 51 96 53 63 77 37 64 79 91 28 12 2 47 12 97 40 68 0 30 28 ]
[70 30 93 75 69 43 75 19 33 38 83 75 85 21 43 46 44 0 0 72 6 57 3 49 21 78 97 30 99 22 54 0 35 27 97 83 31 81 82 49 63 32 77 13 0 36 5 55 36 46 93 34 20 29 39 79 38 83 91 65 91 34 77 96 52 67 4 38 77 37 44 39 90 37 75 15 23 71 8 66 74 99 65 82 56 53 31 34 90 98 81 69 95 17 66 78 38 49 73 56 ]
[79 92 82 45 72 5 62 36 4 32 80 2 66 90 54 55 70 90 0 9 87 64 24 82 88 11 4 32 65 93 70 1 8 22 69 12 92 73 26 28 72 89 39 68 79 48 67 1 37 5 6 26 39 91 99 67 8 13 74 18 66 3 57 95 39 71 68 48 60 48 86 35 41 61 62 35 10 88 59 21 41 49 30 16 34 49 26 51 74 98 72 55 11 87 22 39 91 77 95 19 ]
[8 33 36 98 34 12 23 15 61 27 99 4 61 70 71 54 56 64 32 0 44 84 98 40 25 83 27 9 38 95 22 31 8 89 33 3 19 29 12 28 61 94 76 45 60 94 42 7 59 12 36 30 91 79 34 43 58 66 5 79 8 25 49 80 58 23 29 90 31 85 53 90 86 63 78 40 23 49 85 76 83 89 18 97 81 45 1 9 27 73 5 24 96 86 99 40 92 31 22 56 ]
[95 1 52 52 1 42 47 56 23 35 98 81 45 87 8 30 69 34 31 40 0 41 70 88 20 1 84 46 2 98 1 23 16 34 54 69 38 16 34 13 70 81 99 69 98 89 70 19 59 7 86 88 51 8 64 27 49 72 16 2 14 25 76 9 86 24 77 32 5 30 68 74 61 22 30 27 92 63 94 83 18 84 68 33 14 6 68 65 80 83 1 50 86 47 88 97 14 23 92 89 ]
[52 37 49 82 96 71 43 4 57 10 8 45 86 75 1 79 82 22 59 17 54 0 26 0 18 1 49 30 9 27 33 80 19 49 18 0 2 63 91 2 65 76 25 4 37 2 7 44 84 29 93 56 25 51 75 52 98 42 68 19 34 9 45 45 30 14 43 3 13 92 48 79 38 30 50 53 76 11 61 45 77 70 3 7 14 24 23 28 45 85 62 61 93 76 22 57 27 41 88 80 ]
[94 40 89 52 11 27 20 53 18 78 35 30 66 18 49 51 6 81 59 44 61 76 0 10 60 97 67 78 7 43 70 59 76 44 11 0 49 90 89 9 53 4 75 21 71 33 21 11 66 23 77 25 13 96 36 87 24 0 24 58 28 8 93 67 99 33 27 34 39 40 51 88 98 57 77 73 26 76 4 89 85 99 41 67 11 16 22 77 82 66 31 46 22 38 83 82 99 28 38 15 ]
[14 69 45 7 3 29 76 97 69 3 85 92 7 73 54 32 18 65 54 3 30 36 38 0 52 90 43 37 1 42 48 49 48 29 41 43 31 12 35 98 46 13 61 74 19 8 74 56 87 82 68 30 87 81 2 14 35 14 89 83 15 51 54 92 22 95 66 34 45 41 69 20 2 3 3 70 16 3 84 15 66 16 43 84 4 51 32 10 79 81 21 45 40 58 4 52 32 80 33 25 ]
[84 12 90 35 21 77 58 80 6 49 71 12 43 25 69 84 11 60 47 85 73 10 50 99 0 11 19 86 89 32 15 42 89 42 62 54 43 35 5 86 40 36 4 31 45 37 80 24 93 97 71 84 32 59 2 79 16 15 39 36 52 80 13 39 58 77 72 76 97 82 77 95 52 29 75 93 67 33 77 76 54 82 4 77 35 35 42 50 98 78 27 41 49 86 82 95 67 12 70 78 ]
[99 74 54 3 62 81 31 71 72 25 22 26 28 21 66 71 58 53 69 16 51 73 90 77 49 0 54 62 77 68 90 6 67 26 25 25 11 23 81 19 31 6 23 0 97 77 87 56 43 17 70 14 63 48 52 12 75 85 39 56 32 77 35 51 55 22 55 34 82 58 14 91 72 76 57 68 57 62 81 32 50 16 97 42 60 47 90 73 19 65 60 65 98 6 19 30 59 32 43 91 ]
[59 61 37 70 70 79 49 50 92 39 31 97 28 70 22 92 2 16 37 62 97 14 12 36 90 61 0 98 56 42 83 33 66 96 79 45 94 56 49 95 64 9 14 65 12 34 60 78 81 12 40 29 97 44 46 95 42 76 21 74 48 89 3 12 24 89 11 73 76 0 64 48 71 27 65 78 14 40 61 37 28 58 97 9 15 99 38 15 37 22 92 24 12 53 40 27 52 9 63 57 ]
[1 67 38 99 99 14 47 86 99 11 98 41 97 47 77 7 8 97 49 76 63 40 51 25 25 4 63 0 41 28 87 37 50 23 46 6 95 76 44 61 24 30 8 9 81 91 71 80 63 52 71 60 68 16 98 76 24 23 87 79 31 57 89 13 99 2 93 93 39 16 91 94 33 3 93 63 66 6 47 45 35 30 97 19 67 3 26 78 25 92 76 32 29 71 34 62 40 46 83 61 ]
[99 76 12 81 33 25 64 62 84 65 22 35 14 15 18 76 96 11 55 55 98 39 71 87 17 68 82 90 0 52 43 31 36 9 41 81 95 40 65 70 28 12 82 51 70 78 50 94 80 44 75 61 73 68 59 61 85 28 90 68 84 53 10 88 19 93 53 42 93 60 98 80 51 52 52 94 88 56 75 5 23 12 31 1 40 22 52 92 9 20 97 79 26 81 6 40 70 15 29 98 ]
[79 96 6 69 53 71 78 74 83 36 39 5 69 77 91 62 88 43 91 62 73 55 43 73 60 66 67 36 63 0 94 65 35 65 19 47 12 99 80 66 38 39 53 32 29 39 94 17 87 10 62 9 82 16 81 14 78 45 95 55 7 48 76 10 92 4 27 82 77 51 46 95 30 89 35 5 85 24 36 45 14 9 41 31 90 15 69 99 6 70 44 66 56 70 94 75 33 16 96 93 ]
[6 99 20 54 55 98 84 2 58 93 35 69 81 54 94 33 24 31 58 39 60 60 26 71 77 11 50 64 18 45 0 45 13 63 22 11 32 20 65 73 77 36 91 38 84 20 58 41 31 38 10 73 6 77 12 33 66 69 47 30 62 80 67 5 80 36 22 32 54 16 94 40 36 91 99 38 47 10 50 16 72 10 7 88 4 64 18 51 62 64 80 56 3 56 68 96 77 98 29 54 ]
[56 16 49 34 22 74 95 66 14 13 66 84 87 49 92 90 18 71 78 54 58 42 38 89 35 40 60 93 89 0 77 0 76 74 43 21 75 52 86 28 82 24 90 32 60 62 78 49 68 22 42 76 69 84 16 23 94 82 50 45 1 63 49 3 43 47 61 47 6 10 37 74 44 67 15 24 71 90 53 85 6 75 97 26 34 11 2 92 44 54 62 31 79 33 44 70 81 24 99 70 ]
[12 26 2 75 9 27 6 81 6 83 53 14 30 99 72 20 37 58 59 17 70 41 76 67 12 20 24 56 33 59 44 54 0 68 70 91 21 98 56 18 24 96 49 15 89 71 40 74 43 91 75 65 47 97 52 61 64 85 39 31 57 50 91 69 90 7 82 77 42 72 25 23 19 65 89 69 31 49 6 94 98 85 19 22 75 58 86 20 58 51 17 64 10 17 57 69 41 47 68 85 ]
[21 66 53 30 46 59 18 21 51 3 88 73 30 64 46 99 37 62 60 75 52 76 90 84 65 39 87 26 36 83 99 0 49 0 63 98 4 40 34 74 99 30 25 90 53 3 27 69 90 22 68 95 33 51 27 32 48 94 87 97 53 16 16 92 36 95 1 46 49 2 10 70 95 18 55 6 60 95 67 33 92 76 94 76 16 81 35 22 99 14 45 58 17 88 33 0 73 80 49 19 ]
[92 66 65 51 22 7 41 52 60 71 36 12 9 63 40 39 25 93 71 51 54 39 63 79 89 27 83 12 76 12 68 84 25 68 0 15 16 83 24 3 88 77 96 50 54 95 64 33 5 76 27 30 54 91 96 99 59 89 3 16 20 83 45 83 77 65 78 49 22 40 95 25 9 29 40 36 41 46 69 89 99 62 61 93 31 59 49 40 4 80 80 68 52 13 78 69 20 77 6 10 ]
[81 54 30 68 59 54 26 37 59 54 37 62 9 66 74 49 7 23 78 24 33 94 43 2 98 78 18 8 13 97 55 5 86 62 29 0 64 34 29 84 83 43 89 56 55 60 39 37 75 62 1 25 52 9 76 2 93 57 67 18 80 53 4 84 22 66 55 51 68 73 71 26 2 9 12 58 31 99 16 39 40 41 33 90 65 70 18 20 81 14 37 96 76 26 63 45 55 7 5 79 ]
[94 36 11 87 91 77 56 61 31 0 19 56 77 77 20 12 74 1 32 8 58 49 59 49 16 20 38 31 64 66 94 39 9 87 7 30 0 52 99 78 80 52 0 70 96 81 25 42 89 16 46 45 83 16 66 73 61 61 90 28 43 73 34 17 23 54 46 2 60 55 27 28 35 17 64 56 54 46 6 60 57 7 54 76 19 60 63 34 70 79 1 91 31 97 72 86 15 59 79 24 ]
[28 25 94 25 73 41 1 4 19 87 69 53 23 64 9 20 92 5 57 13 79 59 11 78 93 20 58 63 61 8 61 65 60 63 52 16 2 0 70 22 22 29 13 65 82 7 12 64 54 46 58 36 86 44 66 71 51 95 7 23 45 49 91 64 52 73 42 69 20 10 20 63 73 23 10 27 26 17 33 66 76 8 95 55 90 14 77 11 86 31 43 53 41 2 90 21 9 11 42 6 ]
[27 9 60 13 37 62 85 85 65 32 34 17 43 19 80 50 76 78 49 84 37 62 62 81 51 38 94 80 61 7 47 0 14 25 28 16 30 58 0 53 38 23 40 24 70 50 0 55 64 44 35 50 58 53 96 9 49 18 57 37 13 94 10 78 47 10 34 67 34 81 21 61 28 39 25 37 74 28 17 18 5 34 56 92 36 80 50 93 89 87 91 76 0 4 32 26 41 78 37 26 ]
[81 85 2 66 73 14 35 81 28 68 0 81 23 4 39 41 49 92 25 53 66 48 61 91 97 46 72 43 52 73 28 93 73 59 60 93 14 92 66 0 75 47 34 99 63 25 11 31 65 71 15 15 76 96 14 8 16 4 67 85 2 88 13 21 38 71 26 35 48 22 97 82 27 66 62 70 15 42 33 52 70 87 72 80 79 20 34 58 29 58 0 59 95 23 56 53 46 30 65 59 ]
[22 30 33 99 41 96 17 11 62 16 26 51 83 67 61 94 40 73 42 70 57 61 36 34 63 96 12 97 96 62 97 11 69 3 46 93 18 11 40 59 0 69 0 64 55 97 89 29 45 50 97 76 83 49 25 43 59 72 25 66 42 96 44 82 59 85 93 12 85 45 65 23 35 80 82 98 81 95 91 1 15 4 62 40 19 7 28 85 67 23 53 9 36 98 83 80 75 68 12 33 ]
[71 17 60 82 41 34 53 96 60 19 67 66 49 41 1 60 15 17 40 43 38 38 50 94 84 34 41 68 84 63 55 73 98 61 52 16 39 36 27 78 85 0 38 23 30 78 98 85 34 43 48 52 1 78 71 57 3 23 8 96 8 3 25 5 18 10 27 83 7 46 64 96 26 22 52 69 8 52 97 24 41 8 21 54 96 54 33 29 77 9 13 70 19 94 93 82 2 41 29 72 ]
[55 2 64 75 56 2 26 6 84 77 27 35 81 36 27 21 14 21 7 2 74 94 6 19 0 58 31 41 97 38 86 76 9 45 56 47 17 38 20 54 96 75 0 23 9 38 34 70 45 13 94 54 7 30 27 78 6 75 98 64 10 79 77 81 45 20 2 89 52 38 2 19 6 74 76 52 44 1 99 28 84 6 84 87 58 55 56 42 96 16 53 37 81 81 62 91 94 7 10 53 ]
[79 79 36 52 79 76 51 58 4 79 0 1 23 33 59 16 77 32 85 97 20 90 76 61 5 0 22 43 69 25 92 13 28 88 49 15 32 34 75 4 55 43 50 0 54 74 28 66 42 38 32 32 62 68 90 45 80 24 25 40 52 52 64 86 66 71 16 43 64 98 25 44 34 79 35 60 92 84 0 69 2 90 87 45 16 65 94 30 52 96 72 7 95 78 17 15 79 45 47 79 ]
[85 46 42 37 92 90 46 51 18 17 75 27 49 94 6 61 89 14 87 35 6 91 4 85 8 54 20 78 93 81 34 44 58 90 38 50 31 30 45 6 88 28 13 85 0 21 67 84 9 10 0 34 36 79 79 17 43 89 98 96 20 28 38 27 91 75 65 28 20 36 34 49 27 81 54 11 73 15 29 7 33 20 73 8 76 82 27 55 32 58 9 45 27 21 36 33 63 76 98 62 ]
[45 32 22 86 42 15 8 35 23 38 83 84 28 1 79 75 25 32 81 3 91 58 37 83 81 6 3 8 76 30 54 27 62 29 14 40 53 94 2 11 63 85 12 51 28 0 95 41 37 74 10 71 38 98 41 91 98 23 16 44 55 12 18 51 76 60 11 82 75 30 74 67 19 2 68 73 37 48 4 61 86 91 98 36 50 83 22 44 81 4 83 45 77 26 59 90 5 14 56 28 ]
[95 61 43 11 76 11 62 74 68 83 54 37 1 72 46 57 57 48 65 46 94 76 10 79 81 28 71 70 61 17 81 38 8 8 75 50 97 44 52 87 85 60 25 86 10 30 0 35 53 57 1 60 31 40 27 12 81 18 82 18 38 91 23 97 58 68 95 92 72 52 6 91 74 9 34 54 66 43 59 48 42 53 20 70 77 52 80 39 13 27 68 0 15 75 90 54 25 69 58 99 ]
[87 2 74 91 41 7 59 17 92 47 48 86 81 99 75 90 29 0 29 63 16 58 74 89 66 64 57 6 12 58 93 82 75 40 97 9 48 82 0 18 38 86 85 33 83 28 2 0 2 17 98 27 28 13 56 8 43 27 75 74 95 68 2 15 45 66 61 90 24 83 88 18 87 28 2 27 48 34 92 94 36 87 32 39 1 74 58 45 27 97 10 41 97 64 37 88 18 67 63 57 ]
[16 23 4 34 77 47 30 70 57 68 55 49 79 59 81 89 42 26 23 14 98 49 29 48 62 3 87 34 92 27 98 58 90 60 67 34 78 78 98 7 59 7 21 68 82 80 52 75 0 7 76 24 87 15 19 18 35 34 40 91 42 41 20 85 59 35 98 32 60 23 95 79 33 51 75 38 97 71 48 53 77 57 48 56 58 11 77 87 28 3 11 5 88 47 13 37 97 29 19 80 ]
[11 6 41 76 3 42 30 63 48 22 1 1 28 53 51 78 63 33 51 32 78 77 29 48 21 53 37 50 2 44 70 39 58 5 9 10 44 32 45 64 88 48 45 72 48 50 50 90 25 0 94 39 63 19 87 32 74 36 24 30 26 77 16 80 33 65 97 21 16 88 88 42 29 55 88 29 24 9 57 79 72 7 36 16 44 87 67 91 78 9 99 53 6 16 83 82 33 76 69 12 ]
[90 15 15 80 31 28 30 11 2 19 1 57 22 24 0 58 51 26 93 89 9 63 4 83 71 34 34 17 74 87 38 73 55 97 65 87 4 2 6 81 44 86 58 70 68 56 80 84 79 87 0 81 32 27 74 92 76 51 0 20 60 78 87 32 46 33 36 95 89 92 96 56 52 51 94 44 69 39 80 63 22 28 45 33 30 85 46 69 70 23 61 21 92 57 58 94 34 84 40 96 ]
[72 52 22 48 61 37 60 39 76 33 46 68 25 20 58 21 32 64 46 48 16 19 12 19 59 23 1 98 4 23 97 88 50 4 34 51 32 6 91 24 28 63 94 33 38 99 81 72 47 43 84 0 54 6 85 30 21 25 14 30 64 25 21 75 15 30 87 31 4 6 61 32 30 84 17 16 18 96 39 96 30 12 73 65 33 3 7 67 19 49 90 30 76 98 57 94 74 25 57 39 ]
[73 59 35 46 67 77 9 92 49 50 10 19 17 35 78 36 19 25 89 25 97 72 7 44 52 2 44 81 77 54 90 94 21 11 30 33 57 7 68 87 47 86 74 98 51 66 48 28 57 77 41 62 0 71 89 62 85 55 34 4 32 10 82 4 82 89 58 84 3 2 53 30 47 14 47 56 79 25 38 36 72 18 72 97 29 39 15 57 24 25 44 38 24 52 3 12 94 95 73 31 ]
[45 88 4 62 6 14 80 90 58 7 10 80 89 44 3 72 37 93 42 68 57 83 95 98 21 84 82 26 32 80 68 15 28 61 38 53 74 8 56 71 25 27 2 89 88 2 81 26 0 8 92 4 47 0 71 96 10 38 1 75 71 34 34 90 30 89 25 72 35 49 83 84 25 77 67 35 94 0 38 41 0 45 82 31 94 5 56 26 20 96 64 87 59 21 16 73 66 95 99 16 ]
[83 80 48 53 76 47 19 19 0 93 17 57 31 36 12 72 43 33 18 87 24 89 65 58 4 99 62 54 76 30 47 66 1 51 1 6 93 33 15 27 48 25 61 79 5 46 39 69 97 7 56 60 74 52 0 43 54 24 36 23 19 71 87 65 93 7 46 71 41 82 3 84 96 12 84 81 57 39 74 55 24 10 27 35 54 52 91 68 64 71 70 72 52 83 27 40 75 0 33 23 ]
[55 12 1 32 35 51 54 94 6 44 81 4 50 1 39 39 15 5 28 82 86 92 37 61 1 63 93 22 4 78 34 37 63 66 28 14 36 37 70 95 78 2 49 2 6 37 78 84 1 18 25 95 97 73 41 0 22 17 92 47 70 4 46 86 28 55 56 40 86 38 16 13 79 88 19 66 22 42 93 3 90 88 77 7 53 52 55 41 66 68 84 63 52 16 4 61 93 18 79 10 ]
[83 52 12 42 88 6 68 69 99 22 66 68 21 7 84 54 16 60 76 60 16 44 30 94 29 18 3 16 10 82 77 1 71 8 57 91 25 60 74 16 1 82 50 9 17 43 78 53 58 0 78 54 55 56 28 35 0 69 85 60 15 63 82 4 63 33 21 22 23 32 20 41 33 20 27 79 67 41 51 41 66 54 54 37 81 66 87 29 59 67 47 69 33 21 78 50 14 94 13 66 ]
[32 87 72 19 24 43 18 68 41 54 27 23 88 75 61 4 30 22 50 80 54 42 24 86 49 44 36 71 48 92 25 94 10 96 70 84 8 53 67 61 6 27 60 72 51 36 96 30 46 2 27 52 99 12 45 67 26 0 46 97 25 94 36 4 39 9 90 66 71 45 60 94 12 51 96 11 99 18 37 88 45 94 52 93 54 18 81 3 60 83 7 84 48 62 72 23 30 19 49 21 ]
[89 53 64 20 36 95 83 38 17 23 65 46 85 61 52 5 84 31 68 43 66 35 86 19 4 93 33 9 45 91 48 44 74 60 68 74 43 27 92 69 46 53 16 59 48 73 85 22 10 78 71 14 41 73 12 28 30 97 0 99 78 44 55 13 41 93 82 1 82 89 28 73 70 83 88 55 45 85 36 39 21 84 83 7 40 53 10 74 95 53 9 57 78 81 79 26 95 74 6 92 ]
[2 28 46 61 31 38 85 12 54 32 58 32 67 27 81 52 98 61 98 25 74 86 87 1 20 81 34 87 79 61 6 24 53 17 63 86 91 32 10 23 87 28 81 24 27 79 10 66 31 93 15 95 81 12 68 46 74 87 52 0 31 48 89 13 56 42 72 62 14 83 13 29 58 5 91 48 6 57 49 71 17 83 77 84 93 10 88 63 23 66 2 14 43 34 66 46 24 95 59 91 ]
[5 58 53 99 27 87 83 99 19 86 96 29 26 17 75 6 19 34 60 53 17 51 63 10 8 87 83 52 26 8 27 93 12 93 40 19 90 58 93 95 42 82 60 0 76 77 16 80 87 82 28 16 57 98 27 37 94 3 60 67 0 89 90 60 65 62 15 5 25 17 21 90 12 89 99 64 11 95 78 8 75 97 12 3 94 36 55 77 66 12 46 19 0 39 88 11 46 56 24 2 ]
[73 33 26 21 93 15 46 56 98 55 68 91 97 93 51 57 94 6 59 55 34 12 14 3 37 95 60 20 94 67 24 63 44 16 87 55 94 76 69 57 74 53 13 30 63 92 87 55 68 80 47 31 95 28 42 78 90 90 61 65 8 0 56 98 56 3 65 9 72 57 19 54 71 76 10 6 54 13 85 94 75 48 5 24 19 55 55 96 31 20 26 66 97 68 93 40 20 45 26 8 ]
[63 8 55 75 1 8 47 42 59 62 82 94 95 17 42 39 60 85 25 92 78 98 9 21 8 59 20 92 84 86 18 70 5 97 80 78 2 29 56 0 30 88 45 60 7 49 14 74 11 80 59 9 30 53 65 38 39 44 72 72 59 82 0 5 77 61 3 37 74 0 57 89 33 18 70 21 15 66 55 13 95 78 48 54 20 53 63 19 98 0 24 71 35 47 39 35 42 40 7 98 ]
[59 39 11 20 53 26 63 93 56 7 0 20 97 72 45 17 92 8 42 21 80 78 65 88 67 36 78 26 62 3 38 1 55 55 18 81 93 12 62 22 95 65 9 43 85 14 25 31 40 62 98 94 58 6 1 18 49 18 14 73 20 43 48 0 44 47 3 20 32 1 59 57 79 17 37 32 28 37 69 15 14 68 27 62 4 32 16 76 77 82 59 62 63 39 66 60 98 44 17 9 ]
[76 40 29 2 81 66 41 18 94 19 0 39 77 26 48 66 96 55 65 53 71 96 53 90 61 74 87 4 2 2 89 91 52 17 72 41 69 43 23 91 65 53 80 22 5 81 38 24 14 56 40 70 42 31 57 82 23 88 1 54 18 17 17 31 0 78 85 12 24 84 57 76 19 78 30 12 36 24 22 10 13 18 94 92 60 37 47 71 38 34 5 24 63 75 24 16 40 94 94 69 ]
[43 6 80 23 55 45 3 82 11 3 9 87 6 84 62 1 9 29 53 93 72 80 34 53 12 45 91 89 71 79 0 41 79 81 57 94 62 40 30 85 5 10 91 47 45 81 26 67 39 83 58 38 31 96 1 53 12 7 57 89 99 47 20 20 42 0 48 99 31 11 5 96 26 21 80 98 9 77 59 93 45 58 19 8 94 9 74 66 44 87 49 9 48 96 81 52 31 28 21 15 ]
[53 96 53 14 8 87 77 30 1 25 43 15 64 36 22 22 5 6 23 94 17 91 29 1 36 45 67 86 81 48 61 77 82 24 25 12 49 69 78 54 94 9 40 24 77 5 12 49 28 97 65 63 75 83 95 36 57 25 87 18 2 80 86 6 32 35 0 90 45 20 13 40 92 80 99 57 91 8 5 62 49 58 60 75 54 1 2 79 6 13 53 38 65 5 38 69 75 13 15 20 ]
[80 34 66 41 13 85 21 52 24 6 87 9 73 29 18 68 70 50 66 81 68 31 79 21 21 61 71 85 15 36 92 0 98 68 64 19 82 55 49 43 55 35 98 74 73 35 23 95 8 81 31 94 69 28 22 0 59 39 33 18 79 62 71 46 27 64 86 0 95 4 18 92 75 90 46 38 36 76 22 44 51 64 81 39 63 90 73 16 90 62 97 0 81 83 82 74 76 96 4 33 ]
[92 1 23 41 18 35 97 92 81 88 53 36 0 82 72 0 56 66 11 80 67 58 83 71 54 64 58 23 80 84 22 74 0 2 36 68 12 1 34 55 94 16 18 44 63 97 45 88 24 7 91 86 55 45 17 10 62 71 95 51 13 30 51 83 34 0 93 6 0 30 59 47 52 33 0 5 4 92 5 0 29 94 56 38 37 63 69 12 16 3 92 83 26 66 6 25 55 10 38 50 ]
[97 67 46 4 97 78 9 27 25 73 85 14 58 35 34 17 88 1 49 13 83 97 89 94 32 60 53 26 87 17 77 9 9 33 63 78 95 23 82 20 6 97 89 7 47 19 37 85 25 63 42 65 26 3 11 36 81 74 87 59 99 83 47 63 86 65 18 5 67 0 46 1 99 91 64 82 82 29 75 82 90 52 61 66 75 11 35 83 89 12 15 21 51 82 56 53 87 26 73 89 ]
[51 47 54 74 32 49 78 56 13 43 54 62 7 37 63 13 73 6 77 8 75 40 78 51 32 91 37 84 22 14 71 22 59 21 26 70 73 88 91 22 31 63 0 55 81 13 77 55 21 3 96 75 1 70 57 56 60 68 51 35 57 85 35 31 9 14 0 55 77 98 0 24 34 47 52 39 32 16 63 80 22 75 46 7 50 2 45 68 46 55 1 15 94 3 12 65 30 49 4 82 ]
[77 6 5 23 11 71 25 7 28 32 29 97 4 18 3 94 97 64 95 68 21 72 13 99 12 59 21 59 30 76 94 0 43 54 38 81 81 31 32 28 88 84 35 13 82 22 79 98 30 6 77 21 2 1 6 10 95 88 11 6 21 28 9 3 97 66 51 96 41 34 61 0 66 8 86 94 75 1 11 45 32 60 24 88 92 99 47 7 68 58 32 40 5 35 32 68 80 59 82 50 ]
[80 32 9 25 4 41 28 22 59 8 54 51 53 50 36 40 47 29 91 20 61 89 38 66 84 39 70 8 98 8 79 18 36 80 47 65 51 23 45 13 93 64 77 37 59 30 2 25 6 79 81 89 9 45 75 7 47 2 5 74 96 86 51 16 0 55 45 23 98 44 34 41 0 71 21 48 29 7 2 45 37 47 84 90 5 7 21 74 0 48 68 73 89 28 5 26 61 81 72 50 ]
[78 23 33 31 10 47 11 17 84 9 75 41 34 19 86 57 17 48 12 52 43 68 11 0 8 88 76 50 62 12 7 57 13 67 94 83 82 53 84 62 0 18 74 92 4 62 96 69 45 4 59 3 47 77 58 52 39 13 18 40 97 64 54 78 3 73 20 93 52 47 57 68 29 0 68 6 49 27 13 11 16 35 15 38 18 1 52 74 96 29 74 35 98 53 57 91 49 87 56 50 ]
[8 12 78 27 37 69 71 74 32 0 20 38 75 12 16 38 85 62 50 10 88 93 91 28 50 54 61 34 90 82 13 24 0 7 52 31 75 96 40 85 52 53 80 42 54 18 71 64 59 85 30 58 7 59 22 33 83 84 55 95 42 68 31 52 80 98 27 97 0 46 11 0 9 78 0 71 53 49 15 11 27 75 52 80 41 17 95 81 23 51 66 59 30 67 13 40 1 47 97 86 ]
[72 72 37 64 29 44 98 73 31 66 25 2 33 86 6 96 58 76 82 55 85 37 79 58 65 63 75 36 15 12 9 14 69 69 75 0 29 40 16 74 46 93 12 1 91 29 79 67 97 39 20 40 58 2 90 12 82 28 3 69 67 23 86 74 93 60 67 72 11 17 59 21 59 59 5 0 35 68 22 65 40 57 18 33 99 94 43 16 46 54 10 39 4 78 19 46 57 96 92 38 ]
[5 18 4 24 6 25 46 49 18 15 62 62 88 17 19 27 5 97 4 83 41 81 86 42 39 51 59 74 68 27 32 29 54 1 65 14 98 55 91 77 18 12 95 65 31 0 83 6 2 61 38 94 31 36 57 36 82 49 88 69 47 8 49 55 63 42 50 74 22 7 91 44 24 9 61 63 0 50 62 76 9 44 14 11 8 92 70 6 7 50 4 2 62 68 93 36 49 93 16 24 ]
[68 22 91 40 93 1 75 79 28 99 75 42 58 5 77 35 84 72 7 52 61 96 2 47 99 54 18 90 70 43 61 59 56 20 61 40 22 28 16 93 52 72 88 95 12 14 31 28 69 16 47 98 49 85 24 50 23 89 59 56 33 16 44 34 29 54 16 17 94 49 15 56 2 31 30 45 58 0 71 70 14 50 8 19 62 9 16 94 63 82 63 43 68 92 97 65 1 25 40 75 ]
[87 13 80 30 85 14 72 42 17 70 13 29 55 79 84 97 90 94 81 32 66 41 7 38 49 29 75 56 36 3 88 52 93 3 98 54 99 90 91 55 57 66 93 38 33 98 32 28 11 50 21 13 50 25 83 79 74 5 28 8 56 87 27 39 97 77 83 51 63 78 16 27 24 94 29 64 15 84 0 56 67 85 40 5 2 98 16 7 13 47 87 74 97 92 99 81 23 29 36 95 ]
[48 46 32 80 69 45 49 66 95 48 81 2 34 9 12 99 29 81 94 40 85 23 33 7 15 9 46 99 63 41 20 55 1 70 52 37 11 62 88 27 90 14 5 69 74 97 62 50 74 86 91 59 29 3 87 93 22 15 97 33 41 35 36 49 11 53 49 88 46 50 15 32 10 81 77 22 2 92 10 0 61 43 50 79 4 14 18 31 68 88 31 74 99 81 8 70 6 58 75 48 ]
[62 7 58 43 23 56 65 90 62 27 20 76 14 51 28 68 74 32 48 60 42 45 82 24 52 9 12 95 92 34 93 82 59 17 51 28 19 71 69 21 39 96 66 10 71 71 58 10 25 77 98 70 67 13 53 16 67 81 96 24 18 99 94 40 4 96 35 23 88 43 18 36 60 96 56 27 90 33 77 14 0 7 95 2 30 84 80 0 28 32 47 4 96 16 37 4 68 43 70 1 ]
[95 40 65 7 30 2 40 12 33 59 40 36 95 48 52 22 64 44 45 92 98 44 48 29 22 96 52 85 62 27 92 54 83 44 54 86 48 32 56 93 21 81 65 1 43 26 75 46 19 30 28 51 15 46 99 26 5 54 69 46 21 73 27 55 69 54 40 99 28 83 46 92 80 10 30 38 39 89 49 0 43 0 49 64 45 92 97 55 69 81 47 34 78 66 54 74 81 11 96 45 ]
[97 51 96 49 29 86 89 0 58 43 19 20 69 73 45 89 21 92 41 61 66 93 60 2 81 29 55 14 25 32 70 33 66 8 2 80 62 9 0 62 87 9 42 18 63 30 94 17 54 50 93 40 60 88 34 72 63 82 30 40 1 22 91 43 72 82 31 55 29 89 85 90 11 65 23 31 82 14 11 37 48 6 0 97 23 45 38 66 70 26 45 32 1 57 78 20 32 43 22 64 ]
[20 59 63 98 1 82 35 52 8 59 40 99 61 91 92 87 5 91 21 82 70 33 77 95 90 5 35 7 57 39 74 45 49 97 60 5 40 61 77 70 11 8 43 31 84 82 89 77 80 98 49 48 49 85 15 11 26 95 33 31 82 45 50 44 54 22 86 66 55 21 31 39 73 5 70 0 85 22 78 88 6 70 10 0 59 16 14 90 1 5 29 48 77 61 77 84 30 13 54 28 ]
[16 81 90 26 96 39 43 16 46 48 5 6 2 77 82 49 85 22 57 41 97 63 90 68 94 40 33 66 68 3 31 98 64 79 66 98 1 3 40 64 74 39 35 49 2 87 40 58 74 51 14 23 25 45 25 98 93 0 47 41 71 37 15 91 67 24 78 72 30 8 28 97 6 15 57 62 7 89 48 72 39 77 62 30 0 32 94 80 96 88 88 84 13 91 88 35 99 7 58 1 ]
[74 72 12 22 86 21 82 5 58 48 79 53 73 70 76 56 82 59 94 74 98 7 83 98 16 73 13 71 25 77 68 57 88 3 9 30 93 19 67 55 16 73 98 94 30 9 74 60 74 6 72 89 5 46 67 86 34 77 10 72 13 83 20 68 65 44 52 47 43 34 91 98 50 65 11 78 67 20 50 97 69 5 46 39 63 0 41 68 31 91 48 11 23 32 31 39 87 23 22 16 ]
[36 59 40 60 13 14 95 29 73 59 25 47 22 93 1 97 52 89 72 52 55 96 66 98 30 61 72 24 36 14 53 8 53 14 7 52 96 85 79 45 61 29 14 21 28 88 65 38 20 33 42 42 77 65 73 59 96 75 33 74 76 90 4 40 13 19 2 12 3 30 42 87 44 53 99 61 21 46 43 61 2 48 48 41 33 70 0 52 66 9 52 17 78 17 13 49 84 2 62 55 ]
[76 49 70 50 36 11 44 39 40 79 0 44 74 35 68 98 97 16 72 78 74 7 97 98 62 63 75 70 94 60 58 40 87 68 40 12 31 48 20 75 52 68 4 67 44 90 21 98 24 51 53 82 98 62 12 3 43 44 31 23 88 12 89 88 97 91 65 51 16 22 42 82 38 71 6 92 32 55 44 81 76 61 58 56 5 60 46 0 68 1 9 80 86 39 62 48 40 36 75 60 ]
[59 41 44 17 54 6 33 40 22 82 52 3 10 73 49 79 67 29 75 10 39 26 83 13 55 3 13 17 54 21 88 26 54 53 54 49 48 17 98 91 96 43 30 23 66 37 1 50 63 56 96 92 81 81 9 82 80 90 43 38 1 28 13 57 38 8 16 42 79 47 91 87 43 6 2 8 13 56 7 71 15 67 88 6 68 7 69 13 0 33 50 31 76 47 22 80 43 42 86 53 ]
[50 76 29 51 68 42 34 90 16 83 3 59 78 5 85 84 31 0 32 11 41 10 6 90 34 97 10 40 30 61 30 97 6 69 4 63 98 14 89 58 79 34 68 60 92 55 3 87 87 24 79 27 20 76 79 7 60 32 28 7 17 0 85 54 13 46 56 82 63 28 44 14 78 98 46 51 58 13 73 99 76 20 30 27 49 21 60 89 50 0 71 58 57 24 21 41 62 47 29 81 ]
[19 42 59 8 17 91 72 37 15 30 10 10 27 83 64 95 41 54 97 35 27 34 3 75 69 20 95 31 56 76 51 55 74 5 19 58 18 4 29 84 89 18 92 4 94 67 22 35 18 21 74 98 79 74 16 44 33 38 6 99 12 7 58 56 17 58 51 17 13 9 97 58 89 80 30 58 48 89 39 52 39 4 84 87 17 60 16 39 85 7 0 25 69 25 82 66 77 99 19 88 ]
[32 86 61 57 61 77 32 10 39 35 92 51 83 12 27 3 81 80 79 69 6 2 72 68 62 19 74 66 58 8 47 27 86 95 24 6 93 16 52 49 95 36 69 56 86 37 30 57 63 56 74 58 52 8 49 2 22 32 28 80 62 65 41 11 20 70 3 25 37 63 73 52 46 39 36 56 70 23 84 49 48 8 6 38 64 63 86 72 49 70 78 0 18 55 51 87 3 94 22 41 ]
[5 62 28 1 19 31 92 92 21 49 12 28 65 66 7 19 76 41 5 76 47 97 23 93 86 55 31 2 88 20 45 97 35 88 28 77 45 29 99 45 87 53 94 95 44 36 39 43 9 21 7 80 2 18 86 61 14 7 86 38 93 44 78 19 19 57 24 79 70 83 80 33 68 10 24 44 79 73 53 82 38 31 51 87 72 46 97 35 39 31 50 72 0 54 76 41 34 91 93 51 ]
[94 40 79 55 85 60 69 39 80 20 69 49 70 1 61 86 50 4 19 34 38 15 35 60 57 55 64 63 72 88 80 55 47 70 68 89 53 37 50 50 47 65 76 92 49 29 95 25 38 53 95 15 90 21 31 99 85 66 96 8 67 97 91 97 79 95 93 4 19 52 71 7 84 6 61 74 12 26 77 74 53 83 4 5 62 50 53 87 11 48 50 21 22 0 43 33 81 27 50 57 ]
[19 5 10 31 77 25 9 87 86 36 59 72 12 0 15 86 68 51 59 94 7 69 73 65 87 53 70 52 20 2 6 91 59 93 60 96 67 34 68 21 32 41 80 3 98 75 64 57 54 59 34 83 78 71 61 80 31 49 97 47 1 65 24 49 71 20 44 8 41 39 9 12 41 17 60 36 9 9 82 70 2 63 67 68 69 29 67 85 39 17 73 83 4 48 0 56 2 47 49 13 ]
[30 32 56 42 29 43 39 89 60 26 88 74 59 18 37 5 66 66 46 92 86 98 59 84 87 27 56 73 97 81 6 9 44 73 95 26 96 34 10 49 96 65 96 25 86 93 17 13 43 45 4 41 50 93 78 4 24 65 59 52 74 65 71 43 1 33 22 25 62 64 47 28 89 45 7 92 35 34 45 44 93 74 72 13 10 94 50 55 90 53 90 48 63 26 44 0 22 16 40 15 ]
[98 4 56 31 86 77 71 52 72 34 45 27 4 38 36 14 90 24 9 38 10 65 8 48 97 99 4 59 46 54 38 17 29 24 58 2 5 78 87 94 37 87 58 72 96 6 42 47 32 81 21 18 9 35 46 83 35 68 56 15 6 66 99 18 66 35 34 15 77 28 35 61 63 53 24 79 2 60 67 79 35 44 90 47 62 87 94 54 4 2 54 39 72 75 79 89 0 47 56 8 ]
[89 73 66 44 54 50 48 69 3 10 98 96 97 27 6 32 32 37 76 39 74 12 82 78 54 60 30 25 36 15 59 1 79 46 78 46 87 94 82 49 98 68 49 91 40 35 15 33 16 88 56 67 21 57 28 64 96 25 51 6 8 84 66 44 21 89 51 23 57 39 46 55 3 77 31 10 47 4 92 37 16 24 78 73 55 29 37 69 91 39 14 23 40 53 49 16 54 0 7 42 ]
[60 42 2 9 14 80 26 96 74 28 49 30 64 0 22 60 84 36 12 99 64 11 77 1 19 62 34 41 16 99 44 19 66 92 75 56 67 78 90 35 87 45 37 9 84 28 98 68 55 98 81 98 61 63 47 83 17 40 61 61 20 37 99 57 60 76 65 56 29 9 51 94 86 75 49 13 14 12 62 14 77 86 72 84 43 50 9 45 31 77 31 87 94 99 97 61 88 52 0 7 ]
[57 76 8 85 16 61 67 65 28 99 28 4 13 55 78 9 14 63 12 98 65 64 75 97 74 24 43 43 66 53 65 39 5 90 23 50 22 18 87 41 34 86 56 35 51 30 51 50 81 69 33 99 37 76 13 14 71 91 21 95 65 21 52 98 55 69 41 23 42 60 39 4 97 9 21 51 79 9 98 40 92 38 44 75 55 68 93 16 73 7 91 50 83 52 55 56 51 14 20 0 ]
];
