nbGenes = 100;
preference = [[0 2 42 44 61 0 78 27 49 90 48 38 72 78 84 75 88 55 31 55 13 26 38 82 55 10 85 30 99 66 81 70 68 46 42 41 74 35 74 56 11 76 52 21 69 78 91 27 3 51 80 56 31 48 5 74 34 98 40 35 42 51 37 93 39 0 97 37 98 41 1 36 45 61 81 8 3 71 60 42 69 89 22 65 62 86 46 21 74 16 21 24 15 99 77 79 78 99 21 62 ]
[77 0 19 87 99 67 24 2 16 83 52 30 72 51 37 41 84 31 21 29 88 30 48 92 28 39 66 51 87 97 93 15 61 97 28 32 47 90 39 49 85 48 6 11 33 67 2 18 98 17 83 6 92 33 45 87 30 91 19 72 70 59 37 70 92 57 2 19 98 12 1 8 58 27 62 18 26 76 84 39 29 26 69 50 23 10 36 68 55 42 85 47 89 46 1 56 25 18 13 86 ]
[55 66 0 9 68 33 46 24 99 58 76 35 83 83 17 56 26 21 29 7 60 6 7 13 87 34 97 42 50 52 28 71 38 3 85 83 46 61 51 72 94 82 89 72 58 19 41 44 87 29 48 50 30 76 4 73 32 32 27 86 27 59 32 59 46 63 35 26 90 92 34 6 7 64 32 13 98 0 0 20 14 38 10 33 39 94 46 73 53 20 45 82 62 1 1 32 96 67 27 49 ]
[29 61 87 0 26 26 93 48 79 51 11 44 36 23 47 71 24 81 15 22 68 78 19 52 18 59 50 2 50 31 4 76 21 56 23 89 64 62 24 33 78 81 51 41 13 2 53 22 97 83 90 65 75 78 91 77 79 15 71 73 49 41 36 82 11 32 92 3 17 6 24 55 71 82 48 31 35 22 16 16 1 58 57 70 2 14 93 80 12 2 39 38 98 54 90 92 47 66 41 4 ]
[41 5 20 80 0 19 90 54 4 45 5 82 55 5 83 38 93 46 13 25 31 71 20 95 55 87 43 24 90 84 99 81 29 62 56 49 54 34 72 69 64 99 38 41 45 6 22 35 40 83 69 22 55 14 92 79 3 15 99 96 80 2 17 65 20 51 80 19 13 14 79 19 76 28 27 56 3 32 70 71 79 44 89 10 60 36 49 40 13 73 39 55 9 36 18 85 74 75 75 45 ]
[9 63 63 53 17 0 58 87 61 15 80 12 16 42 33 78 61 27 76 9 82 44 7 67 90 49 12 43 54 51 44 49 75 76 77 40 4 40 34 4 45 62 96 47 91 88 55 50 60 42 88 63 87 52 75 63 12 57 37 97 12 26 0 70 85 50 92 96 45 90 78 88 26 74 70 31 46 38 54 82 78 51 12 41 31 24 92 80 24 3 65 66 62 10 91 1 1 74 87 92 ]
[3 82 60 21 10 11 0 18 17 61 92 8 73 59 90 14 99 98 72 68 12 69 38 12 23 59 10 53 84 21 94 45 51 46 41 52 84 30 55 1 62 88 86 4 63 66 25 59 91 68 17 66 83 5 11 83 43 84 11 55 86 20 89 13 46 85 42 72 32 64 75 12 31 77 27 39 66 14 89 67 21 82 33 26 83 16 54 9 19 54 56 45 24 81 84 26 49 86 83 87 ]
[46 12 87 30 37 68 10 0 75 1 22 69 77 75 21 33 15 20 81 29 93 85 67 65 17 84 45 4 10 55 73 82 68 19 61 27 89 62 48 71 21 42 12 30 32 55 31 63 41 17 19 63 27 17 57 53 40 90 37 13 96 32 74 75 29 70 12 62 14 31 4 45 43 61 46 32 86 59 54 48 52 14 10 61 23 83 11 34 55 92 0 44 14 97 8 82 71 75 44 91 ]
[57 60 25 27 62 47 98 66 0 22 43 7 97 11 43 6 43 74 5 85 37 12 25 21 70 10 20 16 33 60 67 8 54 45 36 61 96 48 44 48 80 81 68 7 47 95 29 80 64 27 62 77 92 61 17 70 2 56 44 63 46 96 41 81 67 39 55 89 67 38 17 34 82 28 56 70 92 79 63 87 77 84 62 59 96 7 97 93 48 45 19 28 98 63 98 15 87 89 35 22 ]
[9 39 63 88 83 41 65 47 46 0 81 24 13 69 1 76 77 6 6 72 50 75 38 6 44 16 70 72 64 38 12 90 58 46 23 61 7 52 39 90 57 76 6 95 67 83 47 71 3 39 27 81 60 65 65 14 0 79 0 65 59 29 32 91 14 8 73 35 84 10 7 45 94 24 44 85 4 12 74 23 4 60 64 47 79 87 87 8 94 94 67 99 12 35 31 89 59 57 48 78 ]
[72 52 39 25 93 34 24 53 47 54 0 51 4 51 61 30 54 16 30 71 32 87 67 32 18 48 9 35 40 92 96 61 40 91 69 34 23 84 39 46 24 49 60 19 96 22 63 90 95 1 34 26 56 89 68 70 18 21 38 90 2 1 45 13 76 9 2 41 49 39 67 96 96 40 50 14 17 55 21 32 19 27 87 17 15 20 22 41 99 4 47 52 99 4 82 33 1 86 85 10 ]
[64 46 1 66 63 0 52 48 23 38 86 0 38 45 71 84 34 25 19 50 77 42 32 92 38 62 74 31 23 59 64 6 7 67 11 60 33 92 30 28 45 35 90 66 60 43 8 68 91 63 82 38 97 60 66 25 45 82 33 49 16 0 85 23 63 14 44 54 18 28 12 14 25 84 77 61 34 46 74 95 1 27 3 26 83 79 39 71 13 90 60 47 22 77 32 21 72 62 69 72 ]
[14 40 31 82 5 28 68 82 35 62 25 66 0 18 69 56 16 30 24 42 21 16 60 52 55 46 25 65 70 5 22 11 96 67 59 77 42 95 33 81 33 17 78 5 68 3 52 24 76 35 86 83 64 39 10 80 65 86 53 85 42 89 69 7 48 87 97 81 61 13 56 8 24 73 34 42 73 75 17 25 92 38 40 33 64 78 97 22 84 7 83 67 41 92 87 74 17 86 96 67 ]
[38 19 65 82 70 93 46 65 85 25 82 68 42 0 14 69 17 33 91 74 6 45 0 51 96 10 97 31 64 87 26 48 27 84 43 35 23 18 21 77 55 88 77 31 34 77 5 67 60 3 93 71 15 2 96 96 62 35 95 91 3 83 91 34 75 10 79 44 87 6 6 71 2 14 89 69 48 26 40 89 61 31 92 3 70 0 82 19 87 39 94 17 22 40 27 88 74 74 0 53 ]
[75 52 88 43 54 36 50 98 34 65 8 62 89 14 0 75 47 44 5 28 71 36 81 34 74 47 14 77 77 95 70 78 36 49 49 0 82 19 50 12 21 11 56 24 14 43 53 66 84 64 52 57 15 0 13 32 39 26 96 16 58 20 39 6 87 25 61 91 58 58 80 55 74 41 88 6 43 36 58 30 33 48 53 45 47 55 20 0 4 81 37 71 9 34 49 58 31 11 90 67 ]
[32 73 37 81 69 43 40 3 1 22 70 52 92 24 16 0 23 90 19 48 71 72 46 98 22 39 70 90 6 17 96 7 31 95 76 18 95 35 1 72 30 55 20 36 96 26 55 64 80 47 32 57 33 89 17 10 36 83 81 85 39 15 41 13 74 83 74 62 40 47 37 76 4 62 35 86 29 99 6 41 1 99 92 25 34 24 36 64 32 94 84 62 28 68 43 34 87 53 26 88 ]
[1 6 17 66 17 16 86 68 75 43 91 35 6 14 67 3 0 10 73 60 35 52 4 45 40 17 21 1 71 14 81 77 14 41 55 2 38 99 83 79 69 5 96 51 93 62 59 21 63 11 20 80 95 89 8 38 41 71 67 47 80 31 23 48 63 18 2 55 43 59 31 20 40 33 37 6 63 19 5 21 38 58 89 56 92 32 49 91 32 24 42 49 29 89 22 18 80 13 95 49 ]
[52 47 60 90 17 52 34 54 18 62 99 15 87 87 33 88 49 0 94 73 17 25 66 95 7 39 95 33 77 88 16 86 38 71 35 88 76 68 97 24 61 44 66 60 26 93 77 88 23 27 4 16 25 16 36 36 99 11 34 5 63 88 37 30 22 99 47 65 54 81 88 19 78 82 8 2 71 59 98 49 9 71 61 44 11 20 24 22 86 98 4 10 21 88 71 84 9 17 81 51 ]
[45 43 95 32 42 49 7 94 11 92 60 0 78 32 69 46 35 34 0 58 21 59 70 85 11 54 29 61 93 22 76 90 16 86 77 70 3 25 88 63 49 47 36 2 57 39 45 26 21 22 45 32 46 63 59 5 74 78 44 97 5 91 77 13 79 62 51 39 16 6 92 4 60 74 32 45 90 81 50 74 45 90 67 75 33 7 0 31 80 19 25 23 95 26 82 68 10 58 60 59 ]
[94 12 50 51 58 69 51 11 58 64 92 70 36 50 95 12 66 20 32 0 54 9 66 35 13 93 66 10 86 69 41 37 33 50 60 34 82 49 45 36 10 98 19 83 10 11 27 78 12 70 87 32 85 13 51 66 24 83 4 94 75 45 63 10 76 5 84 26 73 83 55 24 97 12 6 28 42 80 52 11 68 86 5 67 58 61 4 50 8 4 51 53 3 82 3 62 84 81 32 67 ]
[48 56 11 86 56 42 83 48 22 63 58 69 39 95 26 41 68 34 68 20 0 95 92 95 73 49 83 11 17 11 76 6 52 10 95 43 75 82 77 82 14 89 55 26 3 88 71 73 88 76 29 54 21 37 50 40 9 84 62 63 87 58 72 21 12 49 8 38 95 86 51 17 86 58 48 65 58 28 4 88 89 28 88 99 77 22 34 55 17 45 78 6 15 89 4 30 8 10 17 80 ]
[78 49 93 76 25 51 68 0 77 69 41 72 8 30 13 28 70 20 30 83 10 0 89 48 15 29 48 28 24 42 33 56 80 41 27 9 94 80 71 42 44 35 57 33 52 90 94 39 99 75 70 35 21 11 85 8 91 65 42 10 39 18 76 89 79 75 49 65 87 39 34 77 66 75 90 35 38 25 94 73 59 52 90 38 32 12 86 66 23 83 84 78 59 10 1 13 87 68 2 57 ]
[31 62 43 48 50 53 58 26 61 44 23 70 44 11 42 62 20 92 19 29 74 7 0 97 9 83 7 55 12 49 70 44 35 22 68 0 18 73 28 5 20 20 36 22 40 8 71 92 96 92 98 82 32 36 4 4 84 77 94 72 67 42 93 68 75 53 10 56 17 25 42 56 69 61 2 3 56 40 24 82 84 68 35 75 29 86 69 3 53 70 63 81 44 73 45 51 17 80 70 93 ]
[16 9 85 16 59 75 63 85 87 49 51 17 82 51 53 20 88 81 9 80 69 7 64 0 24 74 13 48 84 42 86 47 1 7 18 78 92 95 88 36 57 95 39 52 80 56 68 53 5 6 1 67 99 75 18 12 8 4 39 7 32 58 87 28 55 69 11 22 51 72 61 91 52 71 34 44 27 13 29 68 65 93 43 83 29 44 38 88 63 45 69 84 51 42 7 25 0 40 18 21 ]
[74 63 44 13 72 85 22 60 70 81 5 67 70 12 74 21 87 83 64 2 54 57 3 31 0 39 75 46 20 7 97 9 24 28 26 58 15 1 73 85 80 14 32 10 90 80 49 81 53 18 49 69 46 27 16 71 59 42 93 40 1 40 10 4 63 20 58 29 41 64 90 69 13 38 17 56 46 0 39 93 79 94 47 30 26 94 69 2 83 84 25 82 72 83 2 25 19 32 92 37 ]
[21 75 47 83 86 4 24 64 62 55 68 64 21 3 32 11 35 57 50 63 88 90 65 16 64 0 9 28 4 91 1 68 58 89 36 83 2 29 18 77 23 35 9 27 54 9 19 86 10 82 54 37 75 46 6 81 11 62 16 18 44 64 41 7 99 18 56 27 56 65 43 21 22 58 37 2 65 50 92 61 14 53 47 97 80 89 6 18 63 30 9 17 81 53 1 57 0 5 25 20 ]
[27 16 44 51 36 70 97 26 93 87 8 44 92 21 32 28 16 56 23 69 7 96 73 70 48 5 0 63 65 68 53 46 56 80 23 4 22 3 80 44 52 7 92 34 35 15 88 88 25 68 20 34 47 20 53 52 12 46 55 28 81 20 2 7 13 62 19 3 41 24 35 22 24 87 53 1 41 63 19 4 28 91 23 72 68 24 97 92 55 24 63 89 89 1 5 78 37 1 9 97 ]
[67 30 21 77 94 70 10 66 5 31 80 47 4 3 73 3 33 53 71 75 76 22 60 89 34 6 20 0 20 74 55 0 30 14 75 62 97 11 29 58 78 64 7 98 66 79 52 56 64 49 92 83 59 46 2 98 85 1 70 61 17 61 57 31 8 23 67 97 16 97 97 33 4 94 15 68 9 84 71 48 37 17 8 26 77 71 3 12 21 36 16 27 82 69 25 51 78 26 70 26 ]
[68 99 1 24 2 40 88 34 33 68 57 85 99 74 26 13 7 11 92 58 66 87 18 44 27 88 77 90 0 68 38 13 4 90 19 62 61 26 93 62 79 81 51 68 61 92 49 15 12 55 39 33 80 78 95 44 93 55 3 6 64 33 43 48 37 74 89 74 13 24 87 26 74 35 19 19 83 5 22 63 55 78 39 58 20 65 48 11 63 83 49 22 7 54 42 86 46 22 97 4 ]
[10 48 54 31 12 23 49 88 55 80 44 98 85 83 56 1 85 74 72 14 30 78 3 67 60 6 34 89 31 0 70 98 4 32 7 94 27 56 98 42 1 2 1 9 97 36 45 14 60 79 93 72 54 78 6 55 32 4 95 5 27 61 79 27 60 0 23 93 13 82 41 78 86 28 58 81 49 82 71 78 81 17 62 12 9 70 82 87 70 91 27 14 42 69 56 11 91 60 79 79 ]
[28 77 24 63 73 56 8 59 55 23 31 65 39 60 4 41 21 19 5 86 51 95 52 52 31 79 2 83 50 15 0 80 12 56 54 81 30 13 12 87 59 38 28 46 25 9 2 47 22 90 13 50 72 46 31 96 20 16 61 99 31 12 87 26 57 69 93 3 31 4 97 52 39 72 53 96 68 47 31 3 8 99 85 55 29 39 82 11 47 43 74 13 55 57 32 31 90 59 38 84 ]
[17 14 94 92 24 27 30 9 69 80 95 12 29 73 15 33 75 76 54 87 18 26 22 53 98 36 61 6 35 39 84 0 27 40 53 62 86 10 31 88 89 46 22 92 57 9 10 20 2 10 72 4 81 59 59 20 46 32 75 81 97 65 72 5 38 53 66 73 67 21 9 18 75 67 22 88 19 83 60 22 32 3 87 78 45 54 94 60 78 42 74 59 46 82 90 38 71 27 23 24 ]
[91 22 38 72 49 95 88 2 65 30 19 36 36 27 9 99 49 20 31 13 60 67 88 97 26 43 73 21 19 58 84 50 0 90 58 37 39 92 75 6 46 84 16 52 48 40 80 4 18 40 69 77 20 21 1 22 45 19 57 93 92 60 33 0 62 55 94 53 56 22 77 23 52 27 96 75 52 11 98 48 80 29 82 43 3 90 38 48 37 95 24 0 83 79 63 31 15 54 20 64 ]
[36 73 15 34 73 30 71 7 81 45 96 0 41 34 94 64 76 54 31 86 63 90 49 61 15 55 57 97 5 25 68 64 52 0 56 66 20 4 9 40 96 60 48 16 91 36 7 65 38 63 31 87 34 88 32 4 78 45 83 9 31 17 31 47 57 72 21 27 3 64 59 94 49 60 65 42 71 58 90 35 67 87 40 35 8 95 68 74 30 87 26 67 5 96 2 60 49 37 51 53 ]
[78 13 35 37 49 49 18 18 42 3 8 88 44 75 47 33 41 85 10 23 87 86 69 14 15 43 25 21 15 75 92 13 4 33 0 1 43 91 88 2 93 12 77 84 87 73 71 65 52 39 0 34 4 45 44 0 20 81 72 16 26 10 74 92 44 19 21 23 92 58 57 16 97 3 59 69 68 85 77 18 90 74 38 0 73 32 15 44 77 61 51 59 20 70 57 41 64 82 65 12 ]
[77 94 7 87 3 29 96 88 39 84 57 20 86 57 16 27 7 24 81 18 6 66 73 2 0 49 8 61 65 86 94 70 98 32 24 0 99 48 20 42 42 42 10 26 28 67 91 12 32 74 2 17 8 52 40 13 26 60 63 62 22 53 35 22 2 88 6 6 61 54 57 96 59 20 44 98 70 57 63 66 60 57 32 55 54 20 82 15 83 13 16 6 82 61 80 45 63 56 96 0 ]
[84 67 74 28 13 9 5 58 34 23 80 14 71 84 61 40 26 48 58 57 22 26 69 92 86 83 31 64 72 3 19 84 5 4 34 89 0 67 47 65 27 19 71 34 93 68 21 14 83 48 39 31 21 50 50 25 0 22 50 72 98 45 67 9 67 95 59 45 82 93 74 10 80 4 96 34 72 15 48 47 7 12 77 43 25 3 35 46 28 3 91 76 94 94 17 25 12 24 54 93 ]
[40 9 74 3 63 45 19 23 72 32 23 44 58 69 34 17 12 69 87 13 91 80 0 4 41 28 2 35 19 52 17 43 56 12 64 9 75 0 96 4 32 4 5 77 37 25 72 59 18 55 46 86 11 89 41 82 73 13 14 63 18 44 30 12 44 32 6 13 68 89 93 1 94 32 45 18 4 51 62 20 86 35 38 16 88 18 57 27 66 59 41 35 3 98 44 26 65 24 85 12 ]
[29 39 20 16 98 48 3 95 72 37 42 53 58 58 71 11 83 64 54 18 72 36 5 29 66 26 70 56 6 20 35 29 93 72 37 68 29 88 0 97 86 62 14 21 88 42 96 22 17 50 11 85 64 60 39 39 19 9 4 97 19 82 38 55 17 8 90 5 51 96 68 84 44 10 14 88 23 38 52 53 48 3 17 97 70 21 37 26 98 10 89 63 43 81 14 77 13 85 10 32 ]
[52 38 13 41 56 15 71 86 46 34 85 50 11 21 92 80 20 48 77 92 51 26 2 58 23 80 29 11 81 9 85 64 36 50 4 30 57 5 98 0 86 51 19 63 38 86 94 33 3 24 34 27 11 45 22 7 24 25 4 60 50 99 44 67 72 5 63 12 96 29 97 57 20 53 58 79 52 90 19 36 85 38 0 68 48 11 88 26 94 61 50 75 56 61 95 28 7 69 16 31 ]
[88 17 96 92 44 93 25 57 28 1 86 98 35 5 79 7 0 43 67 15 27 49 12 83 82 89 76 10 41 90 95 69 89 61 50 52 2 11 3 40 0 93 96 63 44 33 96 64 93 93 63 95 14 95 1 38 63 60 92 14 52 43 60 7 82 59 31 75 39 37 22 45 32 89 66 48 82 67 1 50 56 45 10 72 22 39 19 37 43 33 68 18 21 96 68 57 33 81 52 28 ]
[43 54 41 54 89 74 6 50 11 65 52 56 35 91 7 19 5 55 6 57 27 58 73 92 34 60 46 53 37 34 39 12 96 94 80 93 40 21 60 5 35 0 50 25 94 37 58 45 72 89 51 13 78 88 48 47 98 50 12 93 89 1 83 93 30 92 60 55 59 77 40 91 18 97 50 51 4 45 18 22 40 39 30 66 1 57 82 68 91 53 87 31 66 50 47 76 47 16 5 53 ]
[83 44 33 40 40 33 26 98 1 99 78 53 52 4 2 53 41 22 54 50 76 59 70 9 95 59 78 14 30 69 14 10 60 84 42 30 79 83 60 6 83 51 0 33 70 40 36 87 61 58 9 42 45 70 39 91 82 20 23 55 50 18 8 85 28 16 18 84 76 18 18 7 59 75 26 35 56 41 23 88 80 41 69 49 56 22 76 53 52 13 70 41 95 76 89 53 85 17 4 20 ]
[25 66 64 14 46 98 44 94 23 53 20 66 81 94 61 51 74 38 70 19 74 33 95 21 64 39 54 54 9 97 77 82 89 87 68 35 11 45 4 14 79 41 42 0 5 20 81 96 29 8 5 38 86 28 60 26 6 33 38 59 65 78 35 96 56 60 30 22 27 95 60 36 14 90 27 26 47 76 0 55 74 2 94 2 89 46 77 87 93 3 88 14 95 49 67 40 45 72 52 45 ]
[93 55 67 10 90 34 55 67 3 63 32 29 98 9 89 34 65 26 27 84 57 72 3 18 89 47 8 3 1 90 99 43 64 85 54 59 59 44 20 4 77 4 19 38 0 81 43 49 48 43 61 58 57 29 84 50 97 60 53 30 15 87 50 16 81 37 42 17 86 31 32 45 33 30 25 43 74 2 20 64 36 18 50 68 12 29 54 1 97 52 95 7 96 53 64 79 66 44 40 28 ]
[71 22 42 77 14 27 14 46 29 52 42 39 88 37 9 1 60 50 8 98 47 58 47 97 90 95 17 92 12 42 56 17 10 66 53 24 30 16 15 10 35 47 34 78 87 0 16 2 80 53 44 48 89 71 93 21 40 98 95 50 82 29 52 84 43 31 95 30 83 37 23 65 25 42 26 39 58 24 63 29 57 52 20 91 96 10 5 47 6 80 3 7 54 49 7 54 27 81 93 47 ]
[94 89 65 18 68 58 30 76 24 78 26 71 3 63 13 14 35 47 98 42 13 56 74 25 69 80 86 48 71 25 12 34 40 0 18 26 41 58 70 24 51 10 25 98 22 78 0 79 79 3 85 27 43 24 79 88 10 0 86 90 15 75 56 10 58 70 84 76 42 98 91 18 74 61 64 55 16 89 23 78 96 69 43 13 46 14 80 80 32 39 84 21 66 77 42 38 80 93 75 88 ]
[52 58 80 91 5 53 40 68 25 83 94 28 94 2 49 1 44 11 52 17 15 58 30 56 8 84 36 89 50 73 44 0 74 8 3 60 36 45 76 74 47 17 95 36 70 73 51 0 38 83 55 67 50 9 14 36 53 74 28 31 3 33 22 12 53 87 57 83 17 86 88 76 8 11 79 85 12 68 96 56 59 14 67 13 90 28 33 12 83 21 62 0 88 90 68 62 35 10 18 22 ]
[54 30 82 53 99 54 72 12 47 29 90 15 75 51 75 44 76 32 16 62 92 46 43 1 7 5 84 43 56 46 29 18 58 88 69 32 92 97 19 87 68 62 16 29 86 77 83 88 0 26 79 92 24 4 16 29 26 78 83 58 21 39 54 98 93 23 34 99 40 6 9 98 40 96 70 94 72 92 61 73 11 0 73 9 69 35 58 94 90 10 59 8 61 89 19 88 2 21 60 62 ]
[69 81 10 95 19 43 47 28 79 10 39 83 87 90 74 88 43 99 24 93 26 17 17 48 16 59 8 57 61 38 73 71 96 77 86 21 64 62 54 47 33 87 1 28 2 60 75 83 45 0 65 53 43 1 32 70 89 28 29 43 63 63 55 57 5 66 71 77 75 35 45 12 41 96 66 78 87 23 29 42 43 22 99 86 95 25 28 47 5 95 87 55 2 5 27 49 45 73 15 69 ]
[24 68 98 43 99 25 97 0 2 96 96 29 19 69 65 1 42 87 19 8 38 78 77 34 86 74 48 68 70 43 97 52 44 86 19 13 59 0 9 55 85 94 95 7 28 32 77 82 65 33 0 54 91 68 61 95 56 23 63 71 69 53 35 19 47 95 15 74 78 24 86 64 56 17 65 79 7 44 56 85 21 41 11 0 66 94 24 81 31 52 32 35 38 3 14 21 95 54 4 3 ]
[89 20 84 56 2 84 3 19 33 94 23 55 36 56 3 16 45 37 73 66 57 61 41 8 95 62 49 59 57 14 5 63 51 11 92 48 17 77 26 37 91 59 96 27 81 37 45 26 89 55 6 0 99 34 73 6 86 32 50 32 21 22 53 92 4 46 7 80 79 36 45 36 63 10 18 38 67 99 66 37 16 74 16 2 57 62 98 14 85 86 56 53 80 96 86 34 50 56 16 40 ]
[96 34 91 25 34 43 98 88 36 35 58 85 15 71 20 93 62 96 13 68 91 39 62 99 66 56 32 60 96 36 24 56 88 31 84 84 69 62 20 35 54 68 51 9 74 72 75 65 44 26 74 10 0 49 30 73 90 80 18 56 27 30 16 45 15 47 91 66 19 92 44 19 6 99 44 61 35 18 59 27 18 34 4 4 55 66 83 34 10 84 47 45 39 4 60 87 25 22 91 97 ]
[3 9 72 19 62 70 5 63 51 41 75 47 67 42 39 67 83 56 75 4 26 68 69 29 37 91 41 22 46 16 54 95 69 10 63 15 78 25 69 76 77 68 28 5 31 8 65 88 65 14 63 12 58 0 88 74 49 45 54 46 11 0 30 18 5 67 16 83 7 13 76 13 52 77 2 28 94 27 45 61 79 72 48 88 69 19 90 32 61 52 20 87 35 87 13 85 46 4 93 31 ]
[59 75 34 37 24 51 29 37 71 51 26 10 72 88 45 97 87 20 41 88 27 63 71 88 22 12 47 43 37 11 99 13 56 51 76 65 57 83 24 4 4 36 93 12 87 67 29 13 63 64 54 51 64 27 0 24 30 99 48 72 15 7 24 70 72 98 51 95 0 78 39 47 14 95 68 52 2 37 49 96 47 91 15 40 49 64 42 52 18 98 64 55 85 86 90 78 9 88 68 25 ]
[73 33 6 54 58 77 27 49 99 32 37 30 14 62 59 77 91 89 9 4 57 31 49 29 37 97 59 86 22 8 27 17 70 20 96 73 26 41 52 66 59 10 19 94 41 39 48 55 78 63 20 69 64 66 7 0 34 14 32 42 19 38 18 20 29 25 20 50 41 65 56 48 29 92 51 87 94 8 93 75 22 51 92 8 85 90 52 30 91 33 14 15 87 40 35 63 36 56 16 41 ]
[21 14 43 6 97 19 80 18 9 58 91 68 37 4 79 98 51 35 63 67 64 17 94 30 16 81 53 10 73 9 23 3 97 71 12 78 72 17 89 30 26 46 26 80 31 50 42 17 29 48 30 58 70 38 25 64 0 46 78 18 84 87 8 68 15 27 49 86 92 9 45 26 40 25 85 48 31 28 64 26 65 50 22 31 81 56 35 90 7 85 72 70 11 62 55 40 34 99 38 49 ]
[82 69 55 41 58 72 41 13 24 37 96 1 91 57 70 57 76 98 98 70 10 86 38 18 54 69 61 13 34 99 39 34 61 50 83 83 51 3 54 56 12 29 63 86 43 6 47 5 66 4 74 35 66 80 29 77 21 0 43 73 6 98 31 36 13 85 18 81 90 92 68 49 81 12 85 57 8 72 76 46 56 86 2 21 44 17 74 55 65 54 37 43 64 16 81 36 21 9 22 81 ]
[21 93 32 52 18 16 34 9 51 67 68 84 28 43 66 14 85 56 41 24 98 52 91 54 77 32 60 11 13 78 23 56 87 64 44 71 59 0 9 91 50 52 41 5 9 43 11 35 75 29 72 21 81 50 16 81 68 7 0 67 79 55 80 44 31 17 60 29 70 26 94 35 47 66 2 69 18 84 22 90 34 27 3 33 57 0 41 44 56 99 63 0 2 27 95 36 71 47 73 37 ]
[83 75 69 64 61 1 48 24 47 64 3 26 30 29 19 73 40 32 38 60 29 68 10 17 64 9 73 97 31 30 17 54 40 62 24 16 28 18 99 19 22 11 84 4 68 96 46 8 99 79 60 32 41 69 74 8 47 8 86 0 78 51 41 17 56 28 63 0 12 20 12 46 69 74 38 3 92 88 69 1 94 78 14 93 8 95 41 46 10 66 17 86 82 18 62 6 23 58 34 44 ]
[19 45 3 58 1 96 79 1 31 54 45 13 6 39 73 55 43 1 38 48 15 24 81 83 92 46 9 89 77 61 13 93 74 82 88 40 80 7 41 31 89 31 82 59 60 59 14 77 54 81 14 25 59 92 2 97 9 31 68 12 0 90 31 47 73 5 99 14 27 14 22 55 62 28 12 98 76 65 49 8 50 81 23 64 35 67 15 82 6 3 37 52 63 26 60 61 23 14 25 31 ]
[20 31 13 63 5 28 31 45 19 20 4 63 83 7 29 52 91 26 73 0 40 3 8 68 47 4 91 22 51 32 27 26 21 44 54 73 34 69 71 58 22 88 17 81 60 74 32 63 56 4 84 66 46 82 72 28 57 56 65 65 39 0 2 14 84 80 30 60 50 23 71 90 59 29 1 60 55 93 51 35 40 76 38 27 14 36 24 78 4 77 44 13 69 68 82 74 61 47 37 41 ]
[86 47 24 23 3 33 79 66 25 82 71 0 61 18 36 98 70 59 39 22 59 68 9 49 37 91 36 40 23 30 38 78 20 3 83 85 43 0 96 69 29 11 25 89 71 16 74 20 95 51 79 93 29 26 90 8 50 99 91 81 59 93 0 52 18 88 57 23 94 84 60 60 54 29 59 94 60 60 1 16 12 31 46 97 32 20 96 57 10 81 72 39 95 31 54 59 27 99 62 61 ]
[18 37 36 3 33 12 28 59 38 1 37 50 38 21 75 89 3 70 89 32 84 36 47 6 40 31 61 37 91 97 37 63 21 42 38 18 34 53 54 46 60 92 23 6 81 72 75 32 8 3 54 8 49 58 75 23 31 10 47 76 61 41 3 0 38 61 29 38 87 23 52 21 83 79 32 22 0 43 0 35 90 15 43 48 67 80 75 78 22 21 43 19 20 33 77 21 85 33 34 52 ]
[55 83 21 83 22 47 50 41 22 85 30 22 97 28 56 28 74 20 1 84 68 35 24 61 56 83 40 68 89 62 35 6 66 2 93 14 7 36 84 2 12 16 94 19 20 83 81 0 56 56 83 57 37 9 4 53 14 82 33 89 72 90 24 45 0 26 11 39 91 31 93 93 61 77 12 73 42 57 65 12 46 97 14 27 24 79 28 58 95 61 42 0 37 16 59 70 27 29 2 85 ]
[20 11 11 94 22 74 88 37 24 99 33 48 18 38 60 45 24 80 92 40 39 68 1 61 73 76 27 4 8 85 91 48 50 24 12 45 28 31 78 65 64 54 4 19 12 38 82 97 94 13 9 17 79 89 26 96 9 73 8 33 97 75 87 8 59 0 3 46 67 11 80 24 23 12 72 96 45 98 9 28 5 81 76 15 11 53 10 77 8 76 74 53 94 52 38 23 93 46 99 30 ]
[45 84 30 81 25 1 80 51 75 7 56 59 55 63 30 90 92 46 3 67 89 52 19 38 63 25 76 28 32 58 86 37 92 70 82 56 1 81 38 10 48 7 80 8 36 2 38 27 91 49 67 69 55 4 8 37 37 88 5 36 5 79 45 97 51 78 0 64 45 55 48 76 80 42 57 55 3 3 74 61 32 0 8 37 13 48 96 35 83 58 19 7 11 0 76 78 54 42 49 90 ]
[31 10 86 9 1 87 71 85 4 52 8 5 38 87 34 13 13 66 21 67 77 32 29 27 40 23 99 35 54 88 49 11 18 93 12 39 36 51 35 82 25 54 15 52 49 98 45 43 48 22 23 43 29 99 46 61 5 11 33 50 57 76 32 96 45 20 97 0 11 62 46 0 91 96 13 62 46 2 69 80 30 42 61 47 25 77 39 2 3 99 38 47 99 53 82 53 43 15 70 95 ]
[77 79 57 53 33 75 98 97 89 87 90 67 40 5 77 13 70 57 23 14 33 96 10 71 26 48 9 14 40 33 90 45 32 28 61 31 32 82 41 79 79 89 97 39 24 68 23 72 55 5 70 14 44 81 46 42 20 0 32 31 62 21 33 59 49 65 56 60 0 86 53 90 23 85 6 48 90 52 57 38 48 58 42 28 85 69 62 28 84 6 88 32 52 62 85 9 80 38 43 13 ]
[60 20 46 26 92 97 19 55 6 20 79 96 42 57 96 25 53 54 31 37 66 15 51 26 62 6 3 72 81 90 46 71 48 0 5 30 62 67 62 35 40 72 66 53 72 3 65 53 26 27 19 14 17 5 43 15 30 23 73 69 2 54 32 76 56 47 24 16 33 0 53 94 92 5 51 73 65 97 1 63 52 14 7 27 90 90 71 85 81 9 60 88 49 70 58 40 15 73 2 54 ]
[11 55 98 74 86 10 72 79 69 74 15 39 88 22 21 75 35 50 74 60 85 64 86 53 93 28 94 10 74 57 88 21 53 66 84 34 57 53 11 1 32 90 98 79 55 62 0 66 63 35 11 85 49 15 56 52 63 14 65 75 45 88 75 46 0 9 60 9 38 85 0 66 2 71 96 76 80 14 66 61 17 14 65 94 35 69 31 16 75 0 61 4 78 5 34 15 91 6 57 96 ]
[88 61 87 71 57 84 93 6 35 53 42 20 58 90 51 73 57 50 25 84 39 11 38 53 59 33 90 88 91 39 57 35 98 92 90 35 27 52 76 35 79 60 29 70 73 8 28 62 38 57 99 35 79 36 69 1 26 1 20 74 32 23 6 17 94 48 87 14 88 11 59 0 50 62 42 6 25 18 66 12 29 71 68 47 10 37 57 72 21 74 95 44 61 84 89 39 74 90 54 94 ]
[45 27 76 60 92 84 95 10 74 56 89 63 87 30 44 2 35 30 86 20 27 33 1 40 94 93 22 30 27 55 16 72 59 73 17 5 73 70 91 30 33 85 66 79 82 17 99 65 14 73 26 75 50 83 11 7 84 78 1 34 15 37 82 11 24 51 29 96 91 0 33 29 0 61 11 58 70 28 11 24 22 50 26 90 53 26 70 93 75 25 90 47 25 20 54 76 25 9 5 99 ]
[66 69 7 21 51 54 96 84 35 86 30 21 20 70 95 15 52 79 98 78 36 32 52 10 24 25 93 58 69 12 82 1 29 77 16 19 74 35 40 86 81 87 21 24 94 33 75 54 46 88 86 9 0 95 70 1 34 88 48 59 70 93 82 35 15 96 38 57 36 60 45 69 66 0 35 17 20 7 57 75 62 41 12 79 63 78 73 78 9 79 62 87 5 10 46 88 87 38 80 11 ]
[75 71 89 85 24 84 40 1 31 97 45 1 6 54 37 22 30 60 19 55 42 44 4 86 43 56 99 26 33 90 87 23 52 58 79 35 14 98 39 15 92 68 20 33 37 53 24 59 42 51 90 8 36 99 24 96 42 70 66 96 14 65 60 46 66 78 47 89 34 52 69 92 43 70 0 78 87 20 87 96 82 36 37 11 55 26 72 99 29 91 42 37 40 92 67 67 87 96 66 3 ]
[23 31 24 14 68 82 12 17 8 30 84 47 90 45 26 46 17 58 22 46 40 30 47 25 90 53 4 13 89 55 60 46 31 35 3 73 32 45 34 72 59 98 59 25 80 10 73 75 77 99 54 19 94 69 39 3 42 23 81 64 40 57 6 90 7 55 25 22 32 98 65 6 51 42 77 0 52 33 43 14 53 11 78 28 52 25 23 61 96 58 19 67 9 74 28 8 81 85 21 68 ]
[45 9 78 45 14 23 74 93 28 97 30 9 23 83 62 85 51 18 12 51 65 88 45 46 4 51 15 71 23 39 38 87 81 14 58 65 94 52 85 52 20 57 55 16 93 63 47 35 10 10 30 70 96 69 1 43 10 96 51 26 36 7 74 85 64 17 48 4 62 81 47 63 67 13 25 95 0 53 88 99 34 31 74 96 88 97 93 69 76 51 73 52 75 85 24 3 43 48 20 2 ]
[31 51 61 27 13 90 75 91 25 85 89 23 57 24 37 23 53 22 43 46 45 66 33 94 37 1 13 32 28 27 6 99 25 61 91 43 20 89 63 95 88 98 66 90 1 63 76 0 88 65 87 57 94 98 85 75 14 64 28 64 98 27 31 12 65 31 92 63 10 36 56 61 37 36 4 33 80 0 32 28 76 15 21 53 3 64 18 70 53 78 9 32 62 37 31 78 71 83 62 65 ]
[62 25 34 48 24 44 63 48 73 14 7 7 18 83 39 4 49 80 71 50 51 41 66 30 4 9 28 89 67 20 56 18 92 18 12 85 26 80 61 9 35 5 97 3 77 57 3 54 95 50 67 46 97 40 36 46 17 79 21 73 12 35 65 80 96 23 20 97 56 30 42 36 0 9 25 59 74 92 0 76 22 12 79 22 43 10 70 25 65 49 58 8 58 75 87 34 11 99 13 24 ]
[34 31 0 61 16 46 76 95 12 36 53 46 61 56 59 5 89 77 12 13 57 91 52 23 35 54 64 83 77 50 45 75 56 36 77 70 91 59 19 17 61 6 61 65 77 16 44 79 35 58 61 4 41 58 85 40 0 11 3 56 63 76 26 47 36 84 34 15 87 41 39 15 70 30 70 32 70 96 40 0 56 56 89 52 56 96 68 76 59 74 65 4 96 3 25 78 31 95 45 16 ]
[74 31 10 85 82 30 75 21 62 79 66 74 18 18 39 50 32 73 31 40 91 83 2 97 45 18 8 36 35 13 23 43 49 44 54 13 91 67 4 12 88 48 38 87 7 89 59 85 89 76 15 66 86 88 19 38 70 17 2 47 4 75 33 71 3 89 59 64 41 87 28 97 21 58 56 14 19 12 58 46 0 76 99 58 14 85 17 29 7 31 21 25 93 0 69 77 24 85 10 6 ]
[30 94 53 62 77 53 59 1 12 84 79 75 40 56 88 47 40 77 91 59 92 40 47 6 29 35 63 25 35 3 58 3 92 19 92 97 9 19 94 32 65 56 80 91 20 41 76 10 78 92 88 61 98 80 58 63 67 63 66 60 41 22 71 86 33 25 73 98 0 66 6 42 61 20 69 16 52 39 18 58 48 0 54 26 43 59 51 61 46 57 2 96 22 11 2 12 56 94 2 53 ]
[86 98 59 10 28 39 38 66 0 69 92 58 57 25 96 35 15 8 61 53 66 64 73 88 79 78 74 13 57 79 19 68 96 16 99 4 65 16 71 1 55 16 46 28 67 98 50 45 22 73 10 78 77 52 71 77 21 3 75 79 7 55 29 90 61 72 34 34 28 22 45 33 18 80 98 98 75 30 57 99 80 8 0 59 61 2 10 49 79 85 53 47 23 99 90 34 38 22 92 7 ]
[42 68 3 75 30 28 3 6 27 10 3 22 84 81 9 97 88 12 96 42 70 47 52 28 82 36 89 51 37 66 83 26 34 51 28 65 97 11 39 58 7 74 66 17 75 68 59 93 61 34 72 80 27 87 63 13 0 96 99 45 84 66 34 5 7 76 99 58 78 60 74 7 3 54 78 74 37 28 1 81 82 92 15 0 73 49 40 2 23 72 34 18 98 31 52 69 83 7 11 21 ]
[90 70 14 94 93 79 87 11 71 97 47 1 83 47 37 63 35 72 20 70 92 51 27 36 51 15 14 3 18 35 77 83 36 66 6 52 22 21 5 78 11 51 66 83 49 55 59 97 36 76 69 95 92 26 39 44 56 60 71 84 42 88 41 89 25 23 56 54 91 45 31 2 96 94 91 18 42 80 27 56 28 41 36 89 0 43 87 15 61 7 14 59 26 88 26 95 92 8 64 79 ]
[15 57 67 73 43 75 79 21 77 32 89 63 18 56 53 73 61 6 69 25 63 63 37 33 9 19 82 91 44 7 62 65 24 69 37 3 77 36 50 42 48 63 79 61 48 49 23 87 29 72 31 72 88 26 31 86 0 10 49 84 33 92 7 1 45 56 32 77 87 17 19 71 73 50 5 93 60 34 12 71 22 72 10 62 91 0 99 68 34 55 63 49 85 46 15 15 33 1 12 81 ]
[56 76 22 32 0 65 31 12 27 44 87 9 69 55 7 4 25 58 57 99 99 36 91 74 94 88 82 92 71 27 58 24 37 54 6 63 11 13 22 72 62 86 30 37 71 29 88 77 10 47 15 76 84 42 92 56 69 46 29 92 44 70 93 82 10 24 7 91 54 91 9 80 68 39 84 88 44 4 90 76 54 8 19 71 10 3 0 82 44 35 49 96 41 53 26 29 65 54 21 70 ]
[39 77 12 63 34 73 41 23 7 76 44 73 44 92 32 90 25 21 75 97 61 91 98 11 37 73 27 55 44 35 35 78 71 8 3 58 18 27 1 73 55 57 64 84 47 48 84 45 97 73 49 48 8 46 45 6 72 4 78 22 95 89 6 59 37 82 38 69 30 32 4 6 12 91 20 52 3 74 79 38 10 15 83 36 36 75 32 0 29 53 59 44 5 61 50 87 90 29 60 10 ]
[81 68 20 95 46 14 96 58 18 19 71 10 42 34 30 3 74 11 63 6 2 49 42 29 74 36 18 35 92 34 54 25 47 44 18 3 99 43 78 57 22 54 46 64 83 52 22 57 73 62 83 38 55 48 53 46 88 0 76 47 87 30 3 94 2 70 27 91 5 90 52 47 85 26 17 71 18 70 98 69 73 80 8 94 33 40 54 75 0 65 22 12 26 80 16 90 12 39 26 25 ]
[41 56 44 3 6 57 62 19 82 91 11 55 74 77 32 13 68 12 7 9 67 4 68 38 61 52 78 92 73 80 95 33 34 57 61 88 88 27 96 12 43 66 25 63 72 63 27 17 77 63 83 23 14 75 7 66 1 46 9 40 98 62 7 59 42 53 66 46 60 68 28 84 42 19 34 31 6 77 33 99 5 84 23 28 84 62 94 81 76 0 66 56 61 24 54 70 80 66 73 31 ]
[74 0 58 65 8 71 38 0 86 98 52 44 40 30 85 24 33 19 99 26 93 99 90 79 10 1 35 22 30 21 11 75 32 25 13 39 59 35 39 13 97 73 92 5 0 71 86 42 45 89 11 41 92 92 66 94 60 99 42 50 80 71 52 5 52 51 35 84 28 11 64 46 1 76 57 52 94 40 78 71 45 45 12 8 78 59 0 19 75 22 0 82 41 19 38 72 93 1 12 38 ]
[16 1 87 97 18 30 53 61 47 61 84 98 14 45 97 50 94 74 52 61 2 95 62 56 29 33 59 81 98 24 82 0 30 89 14 3 48 99 99 17 93 74 83 97 78 17 98 14 96 63 83 45 26 89 79 5 66 21 52 93 94 80 14 51 36 41 16 48 74 61 31 34 27 25 85 39 16 84 60 6 75 6 96 82 53 46 86 40 91 86 72 0 48 89 28 26 64 69 67 13 ]
[75 57 53 5 34 41 11 82 21 39 99 4 64 73 89 62 31 46 70 29 35 97 3 91 63 20 92 1 23 34 30 51 27 21 65 47 55 83 21 60 48 41 22 77 5 7 43 85 65 3 62 10 33 73 70 67 85 91 39 13 17 62 35 46 10 10 83 37 1 47 54 64 51 71 68 95 71 40 57 50 56 16 85 50 85 4 6 2 0 52 55 96 0 92 77 52 47 61 42 35 ]
[27 5 3 46 94 57 8 93 94 59 65 57 39 20 64 76 73 6 94 9 14 21 0 17 93 71 84 6 40 17 21 77 52 67 48 88 54 62 18 64 21 77 58 72 92 3 4 19 30 15 68 58 41 89 69 1 6 98 67 52 36 1 51 79 45 98 24 49 99 14 78 83 55 58 40 96 50 69 10 61 22 55 39 99 93 89 39 48 14 83 96 21 43 0 94 0 84 7 59 96 ]
[13 52 7 31 12 5 90 14 82 16 13 38 92 25 85 34 29 47 65 67 14 39 62 48 74 66 57 44 38 92 45 18 90 91 55 56 79 87 26 53 62 51 52 43 42 38 70 50 68 83 25 29 45 68 78 61 61 28 83 73 96 28 95 69 62 89 32 24 5 0 19 52 1 91 85 85 84 40 31 43 83 6 22 84 77 95 91 83 41 70 54 50 55 33 0 21 65 24 15 34 ]
[85 91 52 34 22 79 9 47 17 96 26 72 94 54 90 6 61 51 1 62 6 45 24 77 10 53 27 58 24 50 55 42 72 55 30 96 36 54 54 79 94 69 34 30 64 86 49 16 71 29 3 70 79 99 8 23 14 29 97 37 22 35 37 57 15 48 64 54 0 82 49 40 4 0 23 95 83 5 34 68 20 84 12 96 89 50 46 96 33 33 20 14 76 99 34 0 52 68 94 17 ]
[49 14 76 77 1 77 85 62 7 9 47 98 22 7 18 67 73 86 43 20 92 7 74 90 29 54 23 30 70 59 87 64 62 20 3 27 59 98 89 79 86 54 75 9 67 7 27 45 45 85 34 85 99 56 25 97 31 87 56 1 26 1 50 64 80 63 93 64 0 60 79 80 92 53 59 18 47 67 19 15 59 59 11 66 22 84 11 56 37 10 41 7 98 28 98 9 0 2 78 13 ]
[90 19 94 10 71 42 71 95 63 30 51 39 32 8 4 52 60 66 45 98 22 30 39 57 67 51 47 33 39 30 52 63 61 81 74 71 43 89 62 62 98 68 16 89 51 23 3 96 89 0 37 16 15 51 96 90 77 53 5 89 54 11 65 45 13 60 44 61 79 92 45 7 49 41 53 59 27 96 4 13 28 35 81 73 50 70 38 28 24 12 90 39 98 65 66 63 21 0 90 61 ]
[30 29 86 48 44 72 72 31 72 37 95 95 96 9 41 21 18 88 72 88 59 16 18 75 27 29 55 25 49 75 22 86 22 97 64 98 12 30 80 10 32 34 38 15 21 22 42 50 92 4 25 5 55 19 64 39 86 78 47 81 11 34 58 80 61 48 28 87 9 37 3 15 50 23 26 79 26 17 65 95 64 63 40 17 57 58 84 30 80 62 99 17 38 18 29 41 62 67 0 71 ]
[75 69 62 35 60 3 99 98 98 37 42 90 60 54 9 17 4 71 88 76 18 93 82 46 96 47 90 62 20 20 13 96 96 94 88 86 26 39 32 2 26 9 5 5 94 52 89 34 79 20 21 89 84 65 43 62 66 51 5 31 61 76 42 16 11 37 21 67 52 62 53 52 47 65 66 22 13 65 9 5 38 66 55 92 33 51 58 33 96 74 75 7 46 80 88 70 21 14 70 0 ]
];
