nbGenes = 100;
preference = [[0 33 85 33 83 85 82 64 27 68 55 66 1 33 90 25 97 58 42 13 29 48 2 86 53 54 76 51 54 71 71 49 73 88 87 10 30 4 74 6 73 62 1 76 51 4 34 99 28 82 85 84 94 64 92 67 95 10 30 3 65 44 32 2 0 90 1 83 54 16 61 38 57 70 48 64 88 53 93 88 47 65 13 74 67 65 75 90 60 76 67 12 79 85 60 92 46 51 21 87 ]
[49 0 42 42 1 83 8 17 47 17 43 88 61 0 85 0 24 3 2 71 0 28 17 71 79 18 1 14 7 60 93 48 71 6 36 65 35 49 1 34 35 54 21 34 69 20 66 42 77 75 71 89 46 45 33 71 78 39 27 6 49 92 46 67 51 40 13 70 81 46 96 83 87 74 71 14 87 67 75 59 64 64 26 46 22 92 22 91 41 39 9 61 7 66 1 90 60 18 45 39 ]
[1 13 0 90 95 16 80 80 22 4 98 17 54 56 26 86 83 4 46 75 62 77 15 42 34 28 67 12 64 20 87 42 9 77 12 49 36 42 41 91 54 41 15 45 2 11 93 91 73 69 98 64 35 89 0 40 26 45 23 13 45 64 42 13 64 26 79 50 8 65 93 97 4 1 27 35 42 62 30 94 58 61 39 19 50 45 29 6 91 93 29 54 30 58 37 68 47 68 95 86 ]
[39 51 52 0 35 37 93 96 86 38 24 35 54 43 26 73 0 52 10 91 57 78 67 47 56 45 79 37 51 62 3 28 14 18 39 22 70 42 4 38 14 88 59 37 7 97 51 87 9 2 31 65 7 47 29 84 87 15 85 72 29 81 23 1 50 0 38 25 81 57 32 7 73 78 54 41 58 48 33 68 0 69 98 26 55 53 77 91 85 7 55 69 22 97 17 96 55 83 60 81 ]
[66 87 25 3 0 68 13 40 29 63 4 77 59 85 22 7 19 61 70 86 11 41 41 73 86 14 26 66 87 61 88 32 41 59 23 51 68 98 92 10 99 70 14 22 2 15 36 78 98 93 62 79 59 31 76 81 79 20 85 94 13 71 39 38 5 4 54 0 6 55 52 11 66 45 17 42 53 55 20 20 33 48 32 42 49 37 17 81 55 57 69 25 8 49 51 19 25 8 16 68 ]
[50 73 4 28 79 0 21 22 29 89 35 57 28 3 15 98 4 48 49 56 22 74 19 14 46 89 85 73 6 39 16 64 79 1 61 12 93 44 82 12 66 25 74 73 74 9 86 58 13 30 45 19 86 66 5 84 65 58 50 40 37 51 37 29 0 28 3 79 20 95 31 82 55 74 73 44 13 65 99 48 63 44 21 60 71 55 26 93 34 47 51 74 59 10 26 38 98 11 62 56 ]
[41 59 47 22 39 76 0 57 18 66 26 13 93 42 11 3 51 84 45 89 19 7 32 62 27 60 20 1 41 16 36 7 70 48 99 73 33 6 27 74 45 28 60 25 33 59 83 64 99 59 8 96 0 32 90 85 48 43 74 66 24 51 30 83 0 71 64 74 64 98 62 91 86 95 40 41 30 13 90 21 73 27 2 19 24 44 62 49 49 51 64 71 3 57 74 13 52 55 87 97 ]
[85 17 43 62 17 51 43 0 90 49 66 70 51 82 65 64 4 8 30 49 19 98 58 0 78 9 38 61 41 48 25 43 87 24 82 6 31 30 0 24 58 27 57 94 31 73 91 81 7 29 77 94 65 31 36 52 66 64 35 81 86 51 26 76 33 39 82 36 20 12 44 9 97 28 62 77 47 51 52 77 69 38 32 2 59 38 99 44 91 91 70 18 36 82 21 68 42 5 1 29 ]
[72 49 97 12 78 89 69 36 0 1 62 49 7 70 33 0 33 73 30 6 54 15 88 60 14 8 66 81 88 89 77 84 10 99 32 45 40 74 44 80 29 28 42 86 87 56 0 31 18 28 25 45 73 73 41 11 13 50 38 83 65 99 44 22 41 94 55 76 44 64 41 44 99 62 15 21 26 7 9 38 45 32 23 23 69 24 33 66 11 34 56 88 68 54 53 0 1 32 12 89 ]
[5 56 44 16 39 7 14 35 16 0 5 26 21 20 33 80 22 25 21 10 22 98 34 6 83 36 81 60 56 74 38 49 67 20 53 60 24 69 60 35 68 6 75 87 50 17 98 7 2 14 5 5 55 43 96 0 51 99 93 81 75 39 30 16 74 60 30 75 24 37 2 70 66 26 14 71 15 16 80 46 17 3 90 59 90 77 90 7 44 12 69 5 23 55 96 51 2 38 28 8 ]
[40 86 64 49 74 89 56 81 54 24 0 83 47 62 46 37 75 98 8 13 13 56 67 24 10 26 55 30 12 57 39 17 49 33 29 42 61 65 10 72 68 44 27 67 21 76 60 57 91 11 73 90 69 70 30 28 79 87 3 63 85 37 33 71 52 76 98 42 84 15 16 32 8 42 76 87 86 5 41 84 90 13 36 83 59 75 99 90 74 7 59 38 56 92 15 42 66 38 90 56 ]
[55 10 64 73 15 3 52 51 87 89 14 0 58 50 9 38 13 71 75 13 26 2 36 99 18 69 91 26 48 17 14 21 68 90 4 9 74 43 86 46 28 77 18 99 78 43 38 25 77 40 84 84 47 99 3 76 23 41 16 75 17 0 30 91 29 7 90 87 25 40 25 36 24 32 68 29 60 59 50 75 73 35 31 14 86 6 51 76 18 22 63 67 62 3 84 58 58 84 99 35 ]
[21 99 4 7 96 92 14 5 87 60 9 50 0 92 17 62 58 99 4 24 66 40 95 86 49 28 92 55 15 66 41 40 79 19 73 57 95 61 41 78 41 57 29 75 27 67 69 71 81 98 77 34 33 11 19 90 82 56 19 45 39 25 47 39 18 89 28 44 49 84 72 79 74 49 44 8 11 96 42 74 94 85 2 53 43 13 91 60 13 94 17 37 23 51 27 68 5 81 34 62 ]
[68 95 63 64 35 77 25 17 79 25 68 99 79 0 0 86 94 88 73 42 75 38 30 13 9 87 51 39 55 27 17 34 22 87 48 23 93 30 25 47 25 90 95 60 36 84 16 46 3 81 64 62 92 9 27 4 80 3 80 6 99 20 64 6 50 94 47 51 79 7 35 57 42 76 75 33 67 23 39 98 57 14 1 82 70 94 2 5 21 33 98 92 76 76 80 57 2 40 88 84 ]
[86 62 95 88 69 99 39 81 29 44 73 55 48 29 0 83 45 19 79 61 6 37 54 29 37 35 96 80 4 96 66 23 63 41 85 91 49 27 79 69 87 26 90 13 19 79 50 19 38 99 92 7 8 11 73 43 27 26 47 46 60 41 9 24 99 13 22 60 32 10 16 29 45 78 42 21 95 43 4 66 98 23 46 4 57 80 3 44 44 17 20 27 80 21 0 61 52 94 85 18 ]
[73 33 23 13 84 53 17 77 25 73 78 31 53 49 28 0 5 12 48 53 5 80 48 76 59 86 59 15 86 77 27 13 70 99 65 48 90 76 77 24 81 1 7 37 73 35 59 88 9 88 32 63 23 22 55 95 68 35 88 74 76 41 56 20 28 58 50 53 77 57 56 94 15 56 54 0 96 61 17 8 44 17 9 99 26 1 30 34 0 46 19 46 82 45 91 74 10 65 94 65 ]
[20 64 51 66 98 15 88 65 97 38 47 79 88 88 78 77 0 46 61 80 42 71 21 7 88 85 74 90 36 13 20 10 91 90 55 52 67 38 78 81 71 68 64 61 22 84 83 14 39 15 52 81 93 52 96 29 68 17 15 49 33 94 1 80 44 22 79 89 73 75 36 22 50 91 47 28 48 50 95 33 50 11 71 8 60 90 33 75 51 20 8 6 2 96 5 79 32 28 62 22 ]
[28 89 74 15 62 51 75 81 77 79 94 78 98 61 93 76 70 0 82 9 65 67 33 54 7 64 67 74 90 15 70 81 77 2 62 44 60 26 80 30 64 26 82 24 47 30 84 52 75 61 43 46 70 43 14 15 0 88 75 74 40 82 0 54 71 77 54 97 42 73 38 18 19 44 7 91 24 13 97 97 93 59 60 50 51 12 62 64 25 2 65 81 54 26 8 92 23 60 40 95 ]
[98 25 28 19 75 97 1 90 92 11 89 50 0 42 16 74 80 89 0 88 98 95 81 19 40 1 15 60 96 42 79 64 81 57 66 20 61 85 24 9 76 40 94 66 91 2 17 35 58 42 3 82 52 52 32 17 79 96 57 70 73 86 95 57 26 48 89 54 9 36 0 60 71 78 12 58 64 76 93 4 44 70 40 53 33 41 2 92 43 84 27 45 59 6 60 60 58 65 29 43 ]
[78 24 1 6 36 36 88 5 29 24 23 53 49 40 21 6 59 56 40 0 55 90 10 42 56 1 95 48 46 84 86 69 84 48 74 8 22 6 45 80 50 49 42 44 93 90 48 44 57 22 72 12 95 88 3 14 72 93 7 74 45 62 17 69 19 40 27 24 8 69 88 52 47 32 97 29 7 29 60 67 90 6 33 74 82 35 89 67 74 55 14 92 48 49 18 56 25 57 16 83 ]
[38 88 60 34 45 51 3 34 49 6 68 51 87 86 51 79 48 17 13 46 0 94 17 85 30 6 68 14 77 61 48 0 62 95 55 88 29 53 1 90 34 77 31 85 12 29 43 71 83 11 19 58 15 98 73 36 39 77 56 50 43 52 37 33 82 51 32 10 70 80 46 57 6 91 13 58 76 60 77 29 19 33 61 14 93 78 53 86 85 18 87 62 17 94 85 97 91 10 12 45 ]
[37 1 59 46 11 76 33 78 22 0 87 19 94 16 73 26 52 13 62 80 33 0 34 71 33 83 37 34 6 97 51 8 56 78 54 59 23 24 91 82 82 13 38 31 83 86 99 12 31 3 16 16 65 57 49 66 47 21 25 55 39 70 72 46 78 46 23 96 93 52 76 96 93 60 19 36 2 37 28 44 93 22 37 29 40 43 64 2 91 57 17 73 0 45 93 80 66 41 49 83 ]
[43 9 63 29 38 93 55 69 96 74 16 7 53 58 78 56 96 93 3 10 67 97 0 29 90 43 76 11 72 51 99 13 30 34 17 20 76 29 5 43 10 92 44 70 8 77 42 23 49 93 15 15 38 78 55 60 90 89 74 39 81 36 91 35 56 25 14 85 0 15 5 55 10 89 65 66 73 61 40 69 61 98 45 51 8 74 85 8 54 92 62 54 68 45 24 63 37 27 63 6 ]
[98 47 41 4 66 76 26 62 47 83 40 96 58 58 40 87 47 39 58 34 82 58 22 0 34 61 43 15 75 35 38 66 1 48 99 47 86 53 27 36 64 88 91 81 66 2 59 60 77 48 42 38 18 14 29 90 76 40 98 61 47 65 37 19 59 5 13 47 4 1 31 82 78 22 0 67 89 39 2 15 25 56 84 72 71 38 10 93 22 4 6 78 3 33 48 49 29 27 39 29 ]
[75 79 84 52 33 60 87 93 5 67 0 53 90 38 87 61 99 6 32 11 13 72 28 21 0 44 8 4 39 12 82 71 74 46 97 59 83 16 40 90 60 89 16 10 24 71 20 47 39 35 56 24 28 87 57 89 73 12 6 97 37 36 94 69 32 73 84 95 69 52 3 91 62 90 98 78 31 34 93 2 19 19 97 14 86 27 8 30 14 73 33 18 99 30 91 94 87 50 52 34 ]
[10 18 41 1 6 7 95 54 84 48 45 72 54 9 46 78 78 43 8 2 65 28 44 57 77 0 32 49 51 88 63 86 8 8 29 26 59 95 9 95 86 30 44 37 29 56 44 34 11 66 43 2 78 33 37 29 66 50 37 59 87 44 43 58 50 34 30 30 58 50 14 29 29 92 81 3 67 21 63 31 16 97 42 89 22 16 46 29 17 85 59 97 96 34 83 30 66 36 51 7 ]
[92 87 95 87 37 74 21 92 81 92 39 24 5 14 84 91 44 13 30 97 58 89 14 59 89 98 0 83 31 20 63 71 90 68 8 60 54 82 56 34 16 87 60 71 20 92 51 5 59 38 66 96 20 71 64 20 93 9 86 10 19 66 76 76 57 25 20 71 6 82 38 7 7 17 91 55 2 16 33 54 27 44 93 62 75 14 52 49 65 91 86 41 77 55 83 66 66 70 7 22 ]
[58 50 49 85 34 89 83 13 48 75 41 41 90 56 73 65 10 65 19 41 24 31 67 31 6 69 10 0 6 66 83 40 16 43 86 12 73 3 35 83 92 37 81 58 54 26 44 30 17 39 30 13 53 22 75 73 63 77 30 7 31 77 45 17 3 85 21 91 76 98 14 53 45 87 33 95 2 72 47 99 41 89 10 78 53 53 38 37 65 61 60 41 95 63 97 93 38 46 64 21 ]
[45 25 30 70 17 79 16 85 0 49 28 92 87 64 91 2 76 58 63 54 29 41 99 98 39 8 92 93 0 97 93 21 77 74 41 38 44 76 84 59 89 74 51 25 26 69 67 49 42 92 43 80 73 37 20 12 56 61 14 52 91 2 89 86 54 44 58 73 88 38 50 57 55 71 55 9 75 52 63 32 26 47 57 13 5 32 76 16 10 50 5 29 69 47 30 70 45 15 23 20 ]
[59 91 35 36 15 53 5 7 82 77 18 51 63 64 91 85 42 66 9 15 60 8 61 73 46 29 24 12 83 0 29 88 71 27 71 23 72 1 85 21 53 77 49 19 64 48 16 21 7 49 94 86 35 87 32 84 82 40 45 53 68 46 11 31 5 0 51 4 18 11 90 43 40 45 45 32 88 43 24 61 34 32 37 8 60 82 93 26 93 13 35 47 76 59 74 52 27 79 0 72 ]
[4 96 58 35 24 28 24 58 7 33 91 51 4 19 10 16 71 10 7 77 62 8 14 82 37 18 38 40 49 99 0 88 53 70 69 97 92 46 93 94 94 11 77 53 61 36 40 86 41 30 31 44 63 13 2 55 55 85 2 80 37 34 99 12 15 47 1 84 56 73 52 2 65 54 89 34 97 25 11 48 13 5 64 80 28 55 51 89 76 37 16 23 10 50 60 94 59 60 23 27 ]
[68 16 1 7 60 10 32 89 56 61 82 45 36 63 87 84 63 44 53 65 16 88 57 46 30 20 43 28 56 96 38 0 49 8 16 92 69 84 29 63 90 87 72 43 68 96 65 86 60 9 14 41 25 72 27 86 62 17 94 71 48 65 73 72 9 9 3 26 63 31 73 73 69 27 27 26 58 11 30 68 35 6 52 84 82 84 99 65 22 27 8 19 88 35 78 0 34 96 92 58 ]
[24 56 99 83 5 89 79 76 60 48 62 85 39 59 8 28 97 5 34 70 0 21 3 86 63 43 80 81 25 64 3 26 0 42 5 71 50 99 91 45 80 13 76 83 86 69 11 66 58 26 44 48 89 3 60 86 53 54 64 31 4 13 49 10 6 3 73 18 1 79 74 31 90 99 51 58 65 25 58 47 27 51 13 12 11 98 39 24 14 29 45 99 18 48 93 93 53 40 92 75 ]
[37 78 50 30 5 65 48 24 30 43 9 83 88 28 95 48 62 39 61 9 35 3 32 10 71 24 18 99 5 58 53 45 18 0 66 10 25 92 68 17 52 27 55 70 49 55 33 49 97 18 67 22 28 75 24 95 79 77 93 67 75 18 19 73 31 84 76 65 62 79 52 93 3 37 96 90 48 24 8 18 91 10 79 80 29 23 47 3 33 27 89 63 72 75 35 10 66 38 47 29 ]
[63 69 42 99 26 59 91 92 9 98 14 77 68 49 41 73 6 69 3 91 38 0 53 46 86 54 23 80 43 9 23 0 38 22 0 47 30 40 13 40 53 7 32 26 55 27 80 11 25 22 13 60 30 85 82 88 49 42 39 69 27 37 62 9 61 11 23 47 72 78 44 62 88 35 10 2 79 47 12 91 71 84 19 29 24 41 96 92 77 50 49 72 89 15 88 87 75 12 63 78 ]
[7 69 30 12 17 80 10 19 34 43 8 33 13 23 5 84 7 5 41 62 71 32 22 23 81 27 24 43 70 29 12 84 10 57 98 0 42 4 73 1 1 91 91 42 59 70 97 48 65 66 74 30 47 40 96 75 36 70 89 89 38 93 25 61 32 85 21 16 10 42 20 35 54 57 83 6 5 21 60 5 57 66 76 11 72 74 95 76 65 13 99 81 97 23 62 83 1 7 22 75 ]
[63 95 57 41 32 12 95 92 11 5 58 73 2 35 22 54 64 89 96 74 3 77 38 80 87 49 65 49 49 42 52 16 52 40 51 49 0 31 52 11 77 21 96 44 63 58 53 3 99 49 99 42 92 47 17 88 85 10 68 62 99 47 53 86 47 23 6 97 8 73 95 99 76 79 8 16 21 52 3 78 56 81 80 46 23 17 92 83 62 15 42 24 0 89 85 37 35 28 19 49 ]
[25 71 15 60 81 39 27 22 22 2 38 33 66 77 67 28 14 13 48 36 68 44 33 98 6 3 88 38 81 65 60 45 33 36 82 19 11 0 27 54 23 85 34 85 79 42 17 97 50 53 22 72 86 57 49 93 80 47 60 36 69 44 46 12 21 85 37 20 65 29 85 19 79 86 39 24 72 48 13 26 64 54 20 44 44 51 37 16 96 58 52 9 18 60 3 88 16 83 12 47 ]
[62 21 77 7 98 37 73 93 10 65 82 65 31 98 80 4 69 59 12 66 59 96 43 56 34 56 60 46 89 67 58 97 77 63 7 27 42 90 0 30 28 45 62 1 81 49 52 0 52 5 62 40 11 2 54 91 44 90 6 25 85 67 16 88 73 32 96 43 74 51 24 73 79 41 49 33 82 8 35 33 74 25 24 31 86 36 9 2 52 88 2 37 22 52 59 56 8 60 92 11 ]
[3 51 28 49 39 39 67 63 92 64 90 59 75 50 17 14 47 82 33 37 17 15 71 35 98 95 66 55 17 8 94 16 6 57 37 23 54 56 14 0 66 67 52 7 65 0 26 92 44 19 59 62 62 33 75 91 21 71 26 7 87 5 43 47 83 22 89 45 6 22 58 38 8 36 19 66 20 88 28 32 93 28 84 0 97 55 88 91 37 59 77 34 82 38 47 85 27 35 97 58 ]
[3 29 16 78 28 5 87 13 72 13 95 88 67 7 17 76 92 86 20 3 73 47 21 84 57 44 98 23 41 66 88 40 55 14 54 54 9 79 98 61 0 50 39 19 4 31 42 9 43 35 86 68 60 94 36 66 2 80 97 12 87 91 81 6 42 83 48 83 60 57 58 20 73 83 67 56 75 96 33 47 50 65 99 22 19 88 95 54 81 63 88 90 67 39 64 91 2 87 39 68 ]
[92 2 94 39 0 61 51 62 38 23 6 23 38 25 25 15 22 23 58 86 52 66 41 22 35 26 34 92 30 89 41 66 13 49 9 96 59 62 13 11 22 0 4 17 13 46 3 21 21 74 2 61 82 29 4 48 78 27 16 70 61 58 58 13 76 98 16 58 69 16 54 54 18 36 64 52 45 33 24 7 14 65 16 45 11 50 89 9 93 19 36 38 92 24 60 81 28 48 76 4 ]
[4 4 96 21 24 9 87 6 4 74 75 56 93 18 95 31 87 25 35 14 91 37 35 18 29 76 10 47 58 3 48 64 21 61 28 84 79 17 94 61 29 81 0 52 98 36 97 64 3 53 62 17 51 78 69 74 84 92 83 73 61 42 31 39 2 83 33 18 11 50 8 62 21 70 58 96 47 85 66 8 35 42 66 77 26 58 17 39 15 81 80 76 0 74 67 33 20 94 14 59 ]
[48 81 89 22 12 58 85 76 87 56 19 88 21 70 62 92 47 21 27 71 15 33 42 8 39 46 97 53 89 97 32 61 58 59 9 80 26 56 60 87 47 23 28 0 77 55 71 93 50 66 66 36 10 95 37 46 25 56 3 44 31 65 52 38 90 91 75 61 45 65 50 47 53 87 13 25 17 62 48 96 42 77 11 5 49 62 48 37 92 28 25 43 20 22 56 2 67 37 5 79 ]
[83 66 26 95 30 73 82 5 38 75 9 49 6 31 54 96 36 39 44 65 53 40 84 91 86 68 55 74 50 40 23 12 88 27 72 95 38 41 93 47 17 1 98 51 0 5 22 68 88 68 13 68 35 5 99 38 0 60 65 16 83 75 25 95 76 99 50 49 34 51 13 34 67 0 7 93 50 21 94 39 53 48 33 18 20 18 95 87 62 68 82 56 3 25 77 22 8 80 32 51 ]
[18 67 76 70 43 26 92 60 19 70 0 3 63 61 17 19 19 87 45 57 6 31 5 89 86 6 71 34 35 45 18 80 20 61 39 88 34 60 85 19 76 96 94 29 80 0 46 8 25 99 76 34 70 47 99 83 56 95 76 59 79 53 35 49 37 57 50 84 49 33 65 70 27 42 21 36 60 18 31 53 48 80 80 48 25 32 71 95 57 54 90 63 87 74 76 8 50 25 8 35 ]
[98 56 72 93 73 86 15 49 14 13 14 92 76 43 33 25 57 7 85 52 66 42 61 12 54 16 32 86 71 3 39 39 8 43 70 27 94 15 20 72 85 48 23 17 34 57 0 47 56 59 72 44 87 33 74 2 5 92 1 7 24 42 89 25 16 32 6 11 13 51 52 75 24 63 57 47 52 18 62 60 6 76 43 56 64 23 68 74 37 89 88 37 2 51 51 77 33 57 91 1 ]
[83 95 98 58 54 60 92 59 47 29 10 81 62 92 75 29 49 88 88 1 70 63 9 73 31 29 74 79 89 26 28 54 70 67 13 44 71 38 80 97 74 73 97 61 47 22 8 0 98 0 74 44 5 28 33 71 33 90 30 6 83 79 57 45 94 56 35 67 30 6 31 13 39 20 9 96 28 6 24 55 43 33 91 3 56 26 93 19 8 66 1 18 17 89 61 73 72 55 54 12 ]
[41 68 8 88 48 14 77 2 99 57 35 61 73 54 80 28 20 91 68 42 90 54 47 16 8 12 99 56 92 12 59 74 67 55 40 15 93 58 30 73 18 44 83 43 53 65 97 70 0 93 66 50 33 98 19 89 64 50 96 87 55 84 91 55 89 85 28 68 4 7 18 78 68 62 41 80 73 7 87 34 99 14 72 74 6 28 78 24 33 91 29 36 79 87 9 79 22 10 1 40 ]
[82 44 61 76 91 60 24 67 42 3 80 0 36 58 29 86 30 78 84 93 72 30 20 72 11 61 37 47 39 40 95 66 11 34 16 90 23 96 29 41 64 20 43 30 40 44 17 66 28 0 42 42 89 36 11 47 49 36 7 45 14 23 89 66 30 75 98 93 11 73 90 59 77 16 44 20 45 52 65 83 36 78 72 24 88 97 98 36 32 29 38 41 59 28 24 91 43 59 76 45 ]
[36 58 16 11 63 42 58 51 12 77 97 43 37 40 44 55 84 85 75 61 49 53 93 60 56 18 29 18 81 31 22 62 24 94 67 69 96 56 36 51 46 89 3 18 43 52 97 9 81 12 0 15 73 44 88 17 44 25 11 11 70 53 57 71 99 7 97 81 11 24 59 61 23 21 99 53 75 58 72 2 32 23 22 85 53 72 11 50 14 28 66 79 34 78 56 42 35 75 87 57 ]
[39 38 43 84 95 45 31 38 93 15 81 97 53 25 42 30 10 69 91 49 56 95 69 94 4 64 88 58 37 1 3 10 3 7 64 45 36 47 96 86 59 4 73 98 73 82 52 87 52 50 69 0 45 11 78 17 63 29 32 5 33 85 38 78 30 31 76 55 40 76 92 83 98 70 67 51 45 62 36 96 22 74 6 8 32 51 50 40 96 70 27 77 94 78 45 51 76 53 94 26 ]
[44 8 55 52 92 0 20 23 24 55 34 88 3 67 27 98 50 46 74 23 92 46 52 18 81 87 42 75 84 47 23 13 11 61 7 11 76 4 46 35 86 59 82 63 44 88 27 0 46 56 79 63 0 34 94 48 58 3 52 71 2 64 17 42 58 43 64 82 65 44 48 7 89 5 82 4 74 69 22 81 51 66 77 91 43 49 37 39 21 72 77 25 21 38 53 88 53 41 46 45 ]
[48 99 11 53 83 2 83 0 86 19 68 53 17 97 99 4 65 9 45 12 83 68 72 62 17 66 86 91 10 51 20 32 71 41 3 51 3 60 77 69 52 65 73 11 57 91 41 52 33 16 3 67 72 0 19 54 61 82 64 4 37 45 39 71 0 18 9 45 96 86 32 19 37 35 7 40 58 78 60 19 81 14 19 94 14 6 14 50 37 68 75 34 87 58 98 26 9 61 33 66 ]
[89 46 41 6 24 85 9 10 92 20 81 90 53 78 98 39 68 49 40 20 84 94 5 40 4 10 96 91 69 25 92 46 26 26 95 4 80 0 23 63 1 52 17 20 80 40 56 71 21 53 5 49 24 6 0 29 59 47 39 85 42 77 35 4 91 55 56 39 87 66 12 33 7 91 60 52 99 74 41 15 27 80 61 54 27 2 6 43 84 56 48 1 91 1 94 14 43 68 68 55 ]
[34 83 1 94 30 95 66 57 55 38 49 93 1 84 39 64 58 99 32 63 30 40 33 86 39 44 71 85 73 90 70 97 70 45 12 23 69 11 11 33 41 12 23 40 9 97 74 18 1 59 94 47 71 86 25 0 58 2 25 64 37 2 72 58 11 81 7 74 69 80 42 70 75 22 10 25 30 47 92 20 33 77 0 54 6 69 6 79 6 85 97 22 22 36 16 79 71 2 73 14 ]
[13 47 29 47 64 63 40 42 90 75 84 43 39 0 6 13 96 68 6 28 0 72 79 9 72 1 88 82 25 93 74 49 48 56 91 98 11 50 18 18 90 69 70 40 76 19 89 39 51 56 46 28 66 89 6 9 0 30 67 20 73 25 85 36 82 4 21 55 59 98 91 3 96 66 89 28 59 31 82 79 68 16 85 93 67 30 26 4 47 37 42 95 18 58 28 9 13 95 57 6 ]
[63 10 34 43 95 54 17 29 35 54 77 99 78 21 12 76 13 18 82 54 84 4 74 66 45 1 22 73 55 75 35 88 22 92 32 74 88 82 5 3 8 7 40 73 28 37 58 46 27 91 54 66 74 80 73 23 66 0 17 36 35 16 77 99 35 74 25 1 8 14 94 53 55 14 86 40 79 72 66 0 83 14 48 39 93 98 37 97 15 84 51 2 8 66 82 94 49 47 17 28 ]
[26 88 73 75 55 86 8 3 61 2 25 20 62 9 90 33 87 65 1 67 78 63 82 9 91 59 41 58 98 92 50 80 32 43 91 79 46 47 0 56 67 42 75 21 48 29 79 15 45 64 86 50 40 37 61 99 3 1 0 56 59 98 95 48 14 59 21 9 95 78 11 70 28 99 76 76 1 56 31 92 46 24 53 80 43 88 78 77 3 90 84 32 31 18 57 4 87 50 39 64 ]
[54 10 53 26 95 89 34 39 52 13 55 72 47 56 31 10 37 92 49 92 12 50 5 21 25 62 83 21 35 0 53 32 70 33 18 13 91 80 65 16 43 90 71 14 56 99 73 24 31 94 34 99 18 48 64 85 17 45 36 0 51 39 99 63 46 62 60 24 20 74 12 41 1 61 62 48 74 53 13 85 79 39 83 47 8 14 72 83 0 55 91 53 25 27 21 73 64 56 60 98 ]
[74 8 29 89 35 15 42 47 38 24 46 37 79 77 18 93 43 9 16 85 94 79 22 12 81 24 91 86 14 79 74 55 79 4 1 41 29 69 39 74 73 36 10 63 82 32 87 52 86 74 37 15 54 60 64 92 82 57 58 1 0 47 35 60 22 35 7 93 24 84 66 96 20 4 34 27 12 57 22 44 20 53 27 43 67 70 41 21 40 54 6 76 46 28 5 63 89 56 57 92 ]
[85 35 96 66 38 17 68 18 63 92 86 80 89 98 55 56 96 79 97 27 48 10 47 13 79 34 43 58 3 10 84 36 58 21 63 67 82 83 94 44 80 45 37 28 23 52 48 67 93 31 48 3 68 58 54 24 99 76 74 57 48 0 73 45 97 84 94 28 50 20 41 2 55 54 39 28 55 34 65 96 45 19 90 40 15 20 54 27 63 14 70 59 15 28 37 28 54 58 24 72 ]
[62 86 30 34 9 14 7 36 21 99 19 52 44 13 0 53 32 89 64 42 15 52 42 64 11 8 66 51 97 98 30 50 44 90 84 69 80 56 65 30 3 77 81 99 37 21 15 33 5 87 5 63 37 21 33 7 59 6 71 5 30 6 0 62 83 47 58 77 99 84 43 77 76 75 16 78 83 70 59 63 73 51 99 21 95 58 18 61 27 19 9 51 66 57 72 24 67 82 28 49 ]
[36 69 85 24 91 16 22 14 49 71 48 15 48 52 61 8 78 54 41 4 88 64 64 92 0 15 14 65 2 89 77 44 77 82 72 57 90 60 97 74 4 16 1 96 38 36 0 37 68 91 5 16 37 12 84 74 83 28 72 7 35 94 89 0 30 44 22 32 62 38 47 72 87 23 45 67 99 42 96 50 38 45 70 21 78 6 92 12 30 73 6 94 48 27 21 79 62 5 34 9 ]
[96 57 24 28 64 96 34 29 26 58 40 12 32 45 51 95 75 75 24 78 88 25 91 23 55 28 82 86 81 57 10 78 75 46 49 68 44 33 90 61 31 50 43 16 36 98 78 20 84 40 71 72 37 91 9 40 5 0 94 12 57 39 92 43 0 39 66 76 86 15 84 3 92 39 90 89 4 18 37 77 85 2 27 88 43 35 52 98 35 66 60 15 71 76 93 49 95 71 33 18 ]
[12 41 37 13 56 48 82 22 7 96 32 56 29 72 76 16 80 3 90 21 13 41 9 74 46 16 49 6 72 74 17 1 30 51 22 85 23 3 53 50 69 51 32 36 2 43 22 81 54 42 92 10 4 11 65 16 42 88 32 54 47 21 88 90 12 0 76 45 9 77 59 31 20 76 91 73 62 99 92 4 8 53 78 68 92 57 42 86 60 83 31 97 87 24 4 79 29 43 22 18 ]
[21 92 37 76 56 88 61 74 99 54 28 91 90 29 74 16 81 56 44 11 57 46 78 11 34 61 54 5 63 88 92 99 64 69 69 34 11 87 3 60 51 19 3 78 18 95 92 54 91 87 95 95 64 93 33 45 59 62 38 85 41 49 51 36 92 7 0 12 92 26 43 14 40 56 15 51 91 57 84 55 11 66 68 55 55 94 43 15 20 41 40 31 82 63 17 77 17 79 59 89 ]
[36 77 39 4 18 91 20 58 75 82 80 58 62 12 56 87 37 58 55 54 93 31 47 70 25 64 40 51 26 9 92 16 56 25 51 40 98 28 72 3 44 59 54 85 47 9 88 53 76 84 68 74 15 55 93 80 33 52 98 7 92 24 37 39 20 98 13 0 65 52 40 97 83 33 68 6 29 82 71 73 73 17 48 91 36 33 38 59 62 0 74 96 65 42 41 41 87 30 51 76 ]
[60 29 69 91 89 60 27 49 41 16 8 45 9 49 18 77 93 72 5 31 81 63 60 10 56 90 6 64 26 93 32 66 93 21 78 61 57 17 73 79 94 10 3 34 70 13 21 99 38 26 83 23 53 54 2 16 82 71 26 69 4 89 18 53 71 48 53 49 0 34 70 9 7 24 71 7 97 63 96 53 46 65 86 95 44 92 5 46 44 60 68 72 93 0 46 39 16 70 5 12 ]
[70 15 63 26 74 15 82 20 67 12 87 5 67 8 35 74 90 37 75 91 63 41 6 91 60 43 59 41 15 54 4 99 97 24 30 49 59 52 55 68 12 51 86 44 65 2 92 72 16 9 74 16 86 17 17 81 95 15 3 50 99 79 87 43 16 51 24 1 11 0 95 12 61 40 13 75 45 62 24 62 61 64 16 87 40 86 7 96 52 94 17 53 59 78 17 69 15 45 48 37 ]
[20 83 60 50 23 36 65 60 87 10 55 95 7 26 15 90 30 23 48 93 25 42 7 11 69 30 69 97 77 55 21 55 63 42 21 32 76 7 76 35 71 39 49 19 30 51 32 21 54 92 73 74 38 88 40 93 52 41 94 17 54 67 98 51 73 5 26 55 60 44 0 98 20 9 76 38 64 44 7 72 8 61 55 84 92 93 78 28 27 30 41 29 90 23 25 21 75 30 96 41 ]
[6 81 0 33 79 40 30 45 24 85 9 19 47 41 71 73 3 52 18 65 9 52 72 10 70 79 92 36 74 11 34 97 34 17 68 7 65 40 1 69 44 16 39 80 48 55 12 29 14 34 1 84 42 49 62 38 72 24 76 49 26 33 30 16 17 68 48 75 7 91 12 0 34 36 13 24 74 78 80 11 86 90 77 77 84 12 89 36 37 85 9 31 58 64 68 10 93 67 39 5 ]
[87 7 4 67 67 9 98 83 30 54 87 8 92 50 80 8 43 82 19 31 7 8 37 94 25 71 59 57 13 54 3 99 71 32 37 7 22 59 8 53 38 65 19 62 15 74 43 75 96 35 67 96 62 9 99 67 31 90 49 68 89 98 83 30 40 63 75 27 39 24 74 1 0 81 18 63 63 73 53 80 16 88 65 80 53 23 55 54 87 98 85 57 17 2 7 31 30 79 24 84 ]
[8 65 89 80 31 47 65 93 10 43 77 95 24 78 36 25 20 39 35 7 52 57 19 57 83 26 16 1 25 44 47 14 9 75 26 31 8 29 85 83 96 20 11 58 84 73 17 62 94 63 44 74 80 64 19 0 58 22 42 11 74 32 73 24 53 26 38 26 31 20 59 66 29 0 43 45 95 69 74 71 61 51 40 22 59 53 91 50 8 25 40 77 85 16 66 48 79 58 6 8 ]
[31 6 65 78 26 69 94 6 21 22 47 13 10 66 79 67 79 7 37 89 27 96 12 67 60 56 45 61 57 48 57 18 20 90 70 72 90 58 7 60 34 20 5 60 63 60 6 19 66 83 36 84 82 13 58 17 14 24 71 18 7 39 53 24 23 54 45 3 20 46 33 20 4 2 0 46 60 43 10 22 1 59 85 60 95 47 49 12 64 86 89 9 34 0 72 19 87 70 47 94 ]
[87 72 53 4 21 38 12 11 80 44 76 78 92 83 54 94 64 93 57 53 34 40 57 35 53 41 85 72 96 89 59 95 86 70 48 44 21 17 10 25 83 61 23 88 51 95 60 86 87 20 38 64 12 67 59 46 98 25 81 9 43 90 76 8 43 20 34 67 40 18 20 30 40 92 66 0 12 81 29 46 35 49 30 69 93 78 82 66 16 60 55 16 87 71 22 41 79 47 67 90 ]
[21 19 78 95 35 28 1 81 14 97 94 16 89 23 5 2 68 16 71 13 91 88 67 76 98 8 43 38 34 69 49 49 86 77 44 62 43 6 14 22 23 73 7 36 82 46 82 98 98 3 93 35 50 37 6 94 20 85 82 23 63 69 58 61 0 35 92 12 23 2 58 63 91 59 36 78 0 64 65 0 72 35 96 27 31 98 40 65 21 48 41 89 92 90 62 54 64 11 87 59 ]
[66 15 32 29 37 32 43 33 49 40 78 71 23 50 25 54 88 71 27 53 82 83 98 94 33 49 5 86 55 22 41 51 22 82 25 32 29 36 67 86 5 82 31 13 45 47 87 41 4 54 46 85 46 41 7 40 60 67 64 36 59 45 84 96 54 52 68 86 41 85 95 27 94 93 27 13 61 0 82 22 49 64 73 49 68 92 71 82 40 21 68 35 60 65 94 82 69 48 29 59 ]
[26 36 80 93 51 46 91 57 76 64 77 87 95 92 31 13 77 33 16 1 10 98 48 57 29 51 59 69 38 34 78 67 79 6 3 30 87 95 28 80 49 34 15 89 98 14 4 24 42 28 29 41 41 96 67 34 47 59 32 85 4 24 27 5 64 32 49 71 17 54 19 53 59 14 40 38 36 11 0 76 85 49 20 47 62 92 46 34 6 29 61 65 97 74 67 56 59 56 12 36 ]
[27 42 16 6 50 96 28 15 92 51 79 80 4 97 53 70 33 49 91 11 49 21 79 19 24 60 28 41 26 24 34 78 77 44 22 34 92 97 33 18 34 73 65 46 9 78 3 76 76 14 88 85 56 53 49 93 68 78 78 21 83 0 40 21 11 45 45 55 1 49 81 75 0 7 20 68 94 38 55 0 31 18 64 89 15 14 41 63 27 67 32 9 37 13 14 81 93 57 68 59 ]
[41 86 5 24 5 83 66 52 86 77 5 33 54 16 65 59 11 83 4 37 78 80 29 47 61 53 72 97 83 6 76 37 14 53 54 78 17 82 60 91 8 72 19 26 39 37 35 82 12 45 71 1 24 39 81 29 5 21 10 27 2 48 95 72 19 25 54 56 84 66 79 67 1 53 43 33 44 5 49 62 0 0 33 30 10 42 30 0 10 54 39 41 90 4 17 6 20 54 74 96 ]
[41 28 13 2 68 41 28 97 7 7 15 21 88 90 92 9 49 86 57 10 44 4 52 8 10 59 30 82 60 68 28 17 51 17 70 97 11 88 6 38 89 40 97 62 80 49 91 89 61 70 16 92 15 94 85 75 6 46 9 68 79 83 89 29 26 53 60 5 20 3 12 71 86 14 27 35 65 5 82 35 66 0 14 90 30 36 19 94 61 49 1 8 28 75 38 3 72 71 95 87 ]
[52 96 86 64 54 54 65 52 68 12 47 21 92 74 73 31 50 20 46 92 92 79 26 38 13 36 92 84 4 61 16 63 85 22 75 0 30 2 77 56 37 71 94 87 75 58 47 85 57 26 27 3 24 90 93 21 26 25 98 20 98 63 90 19 81 49 41 97 75 52 0 39 92 84 18 18 26 85 88 38 99 23 0 87 0 55 84 84 39 45 99 80 89 54 95 55 95 65 96 27 ]
[91 99 84 46 63 60 86 8 36 74 13 43 64 66 15 31 2 20 21 44 97 74 30 74 62 8 19 52 25 10 46 16 0 5 52 18 13 60 40 37 29 86 21 25 8 95 69 69 69 38 39 61 96 51 14 37 15 52 45 95 66 68 13 95 18 85 13 91 34 44 89 96 20 82 42 8 16 99 72 24 90 73 78 0 41 15 36 59 2 47 8 98 49 62 99 27 92 15 17 76 ]
[75 52 37 73 18 11 38 24 91 37 39 42 42 80 88 64 91 26 89 7 71 16 37 12 75 28 60 47 33 15 69 6 34 12 49 88 12 81 11 26 46 2 84 26 38 75 40 63 93 51 46 15 60 34 3 53 1 31 76 22 21 59 56 29 92 81 96 5 42 64 2 0 73 46 23 95 38 59 10 23 27 31 88 87 0 22 92 50 81 45 80 0 82 90 12 43 43 82 96 63 ]
[45 86 25 60 66 93 21 53 33 68 53 8 55 26 43 7 47 87 83 9 12 59 30 29 18 84 11 17 40 47 87 51 27 97 45 55 3 3 75 77 2 12 68 60 42 11 87 68 58 1 13 33 53 67 95 48 20 37 66 27 44 30 93 2 4 3 15 32 74 92 84 4 38 23 35 67 80 33 68 51 27 89 19 18 9 0 1 89 20 24 9 48 80 53 42 49 57 21 17 93 ]
[84 12 19 7 21 25 55 93 40 60 45 10 50 49 71 28 66 10 48 88 56 14 51 71 96 55 2 47 58 17 82 55 52 87 4 27 70 35 58 18 75 46 43 46 79 11 59 76 94 11 7 98 62 1 1 71 87 29 17 56 74 73 16 45 1 9 79 22 54 25 3 78 33 30 1 76 82 36 38 14 20 31 4 49 88 96 0 92 27 73 78 22 20 73 20 83 56 10 44 25 ]
[43 16 46 75 70 46 6 3 89 27 6 43 68 78 67 92 69 40 88 16 66 14 27 51 22 57 12 27 84 55 97 44 3 62 26 92 52 6 42 37 89 61 39 63 29 55 97 55 97 6 32 36 4 40 43 72 22 76 33 53 20 18 45 41 30 90 21 95 71 1 39 54 53 68 15 93 96 40 69 28 18 25 50 21 82 26 81 0 85 6 91 0 11 55 95 60 2 38 23 51 ]
[26 38 76 54 39 47 38 68 71 88 7 0 41 3 70 0 64 80 21 46 63 6 46 6 64 36 99 39 53 49 37 84 1 88 35 36 8 91 61 4 65 93 49 70 60 36 43 2 32 36 25 85 89 10 0 3 85 51 29 80 92 99 39 55 74 11 87 22 19 39 76 31 72 18 40 0 85 34 84 14 87 52 51 47 8 38 53 8 0 47 93 70 97 79 54 38 9 30 87 27 ]
[4 83 21 11 66 28 41 8 29 60 79 83 12 23 74 6 49 13 66 44 13 59 79 25 0 15 91 22 15 0 80 36 68 9 99 33 10 37 82 62 45 54 24 38 57 60 42 35 26 88 66 6 93 39 84 54 43 61 75 98 82 77 70 77 59 91 70 68 64 3 95 18 27 10 26 9 57 84 73 11 40 97 90 8 19 17 56 9 49 0 91 11 17 34 66 68 41 0 18 39 ]
[27 38 17 51 58 83 22 56 70 36 49 63 6 35 56 12 92 48 3 41 44 77 23 83 60 70 26 62 37 53 54 76 66 9 91 80 99 12 29 2 42 8 93 3 44 14 90 8 68 44 67 42 43 51 71 2 0 57 27 45 14 59 91 98 30 9 83 73 86 49 30 38 16 28 91 74 20 24 7 38 20 47 82 1 4 92 15 48 2 83 0 72 8 26 24 55 7 99 5 7 ]
[39 90 59 46 92 46 62 50 79 20 41 66 47 74 53 5 47 61 58 62 9 10 64 18 28 11 51 72 67 91 57 26 50 33 89 70 88 33 84 81 5 67 11 59 90 44 93 78 77 86 7 2 29 88 77 14 0 10 73 72 9 67 78 16 15 62 50 75 85 6 94 47 76 81 10 99 32 22 98 26 99 99 28 79 35 38 89 91 34 41 37 0 86 43 53 82 56 91 68 3 ]
[39 4 20 50 45 12 92 54 47 53 33 79 27 47 96 64 74 0 86 9 53 60 5 74 21 17 58 98 13 64 64 9 18 85 69 66 79 95 77 24 22 61 83 89 82 13 42 5 64 51 42 21 37 66 55 66 82 62 59 34 10 76 36 48 7 15 94 6 23 57 81 97 9 7 62 53 57 62 74 30 39 38 63 68 44 63 13 55 11 47 44 5 0 52 92 15 13 89 67 97 ]
[80 63 0 58 1 38 42 18 71 43 93 91 30 20 46 34 71 67 45 74 20 19 44 5 98 91 23 23 74 59 69 70 77 94 27 36 9 32 83 88 4 99 43 45 15 57 17 78 70 73 81 74 8 97 25 68 45 17 84 6 48 84 93 84 15 14 60 25 88 12 50 11 53 83 13 70 74 70 29 64 65 97 26 1 34 38 31 78 28 58 28 67 89 0 82 4 93 52 77 40 ]
[78 85 80 91 20 24 39 1 85 21 10 89 23 22 99 50 83 33 69 87 8 32 40 58 52 93 85 63 56 17 86 22 40 59 2 16 70 73 41 76 52 99 63 10 72 73 37 50 49 41 86 31 55 41 68 53 55 82 22 49 91 35 19 18 95 14 85 60 34 64 30 41 21 97 89 64 44 76 82 30 92 52 78 79 48 85 71 35 94 65 39 20 64 63 0 29 64 74 33 68 ]
[60 51 27 55 62 80 29 25 23 97 90 34 62 47 75 1 67 87 86 80 84 61 93 47 55 21 54 15 47 12 73 39 60 32 82 2 52 35 16 96 23 97 77 53 5 54 29 49 3 77 1 45 48 20 19 15 98 41 19 39 33 4 69 2 24 39 63 41 45 89 72 67 88 11 19 80 26 81 6 78 30 76 8 27 11 8 54 16 17 16 83 36 77 64 11 0 90 38 58 22 ]
[27 63 42 38 62 80 34 20 10 43 99 10 90 17 39 76 34 96 19 68 99 87 75 0 67 44 54 46 24 75 64 80 97 44 91 70 44 48 18 67 63 5 66 55 96 3 18 11 83 51 56 14 6 13 75 68 80 41 74 44 4 55 71 25 28 96 31 26 43 63 29 59 14 12 87 37 26 44 0 80 11 99 61 73 23 75 89 0 77 92 5 82 42 31 94 69 0 88 90 28 ]
[63 10 5 22 96 63 73 5 31 31 59 36 85 15 68 15 50 85 37 78 55 37 62 63 71 1 18 88 86 38 71 94 87 18 77 78 2 76 56 5 25 46 41 70 16 30 29 77 59 8 50 82 74 55 6 53 15 15 27 2 64 3 20 68 90 26 0 3 32 47 22 49 89 97 21 79 28 29 40 70 50 94 68 35 6 17 67 95 89 75 47 57 39 93 62 14 59 0 8 11 ]
[70 18 73 21 30 42 13 0 57 21 50 61 67 60 59 35 44 29 31 68 29 82 53 59 17 82 24 8 7 65 94 84 71 24 16 97 76 32 50 17 28 57 91 23 51 27 60 49 96 74 94 37 80 16 79 16 60 31 81 96 13 4 82 78 34 0 92 81 2 22 52 64 72 23 11 25 24 28 4 33 82 19 38 51 9 89 6 87 21 82 96 51 70 72 50 27 52 54 0 36 ]
[96 75 21 90 40 32 37 29 79 28 89 74 36 87 18 20 30 98 1 50 4 23 79 75 47 45 7 62 14 95 31 75 3 28 16 50 15 26 32 16 11 23 21 80 18 52 42 82 50 40 34 72 21 60 1 95 71 49 63 43 97 64 80 98 14 8 66 19 4 21 9 12 78 0 60 1 95 24 74 81 77 68 38 19 97 10 29 18 87 57 69 94 60 63 7 10 71 51 76 0 ]
];
