nbGenes = 100;
preference = [[0 34 23 1 25 52 59 50 26 65 56 23 72 3 27 4 53 72 56 93 60 38 57 81 84 23 94 67 54 32 86 30 69 8 39 40 32 9 47 49 82 39 68 59 39 3 68 36 9 33 26 57 93 36 10 84 42 26 72 35 91 14 97 86 77 52 43 94 52 54 82 4 57 37 11 63 74 48 49 93 18 76 84 12 91 21 75 32 91 23 64 10 37 73 51 98 71 18 93 85 ]
[52 0 16 73 93 51 33 43 11 0 63 92 16 12 18 79 2 65 41 80 20 73 12 72 51 81 7 14 20 22 48 68 35 1 78 32 50 57 42 39 57 46 54 63 1 48 82 2 97 5 39 51 26 1 39 32 63 95 35 12 63 90 28 45 71 79 26 36 88 85 73 16 62 43 57 76 11 8 38 87 42 40 19 22 94 86 83 20 47 34 74 93 82 90 81 65 26 54 81 47 ]
[30 84 0 84 3 44 82 73 22 91 50 67 49 77 94 76 1 56 56 80 39 6 73 46 69 40 18 44 86 83 98 51 52 40 79 39 85 27 16 63 79 63 69 77 90 2 61 75 20 20 83 87 80 64 61 65 90 41 15 21 74 88 6 55 3 58 1 40 96 3 31 16 44 17 29 69 60 5 15 85 7 89 88 87 36 33 19 32 26 78 12 0 93 69 92 78 21 34 88 45 ]
[50 11 23 0 42 94 33 95 72 31 20 26 95 51 97 31 73 64 31 28 56 71 89 29 11 67 16 91 95 70 29 36 21 32 48 38 97 99 48 6 46 5 90 66 8 8 8 85 8 31 71 12 44 45 21 19 87 93 51 4 68 15 93 98 2 29 39 75 91 18 80 95 19 72 39 81 71 67 79 91 70 78 82 39 98 30 74 45 9 17 69 42 84 94 23 9 36 81 36 85 ]
[3 90 41 9 0 47 80 48 46 9 11 14 67 1 73 3 85 54 51 18 64 41 94 55 1 87 86 31 32 5 64 58 99 66 66 68 77 6 3 36 62 76 68 22 31 30 82 14 54 51 73 74 65 2 23 47 34 81 54 87 57 56 40 93 47 52 52 66 20 48 51 75 21 14 78 88 57 59 16 13 96 81 11 49 32 66 22 9 12 62 89 65 39 30 99 95 37 96 31 97 ]
[72 70 6 74 77 0 26 85 22 47 75 81 91 21 2 52 23 68 13 54 78 36 55 20 1 82 53 34 50 43 48 23 8 95 81 7 20 39 83 81 87 72 8 30 83 58 63 90 67 77 81 86 76 23 90 1 94 96 23 91 32 62 30 43 57 79 21 92 69 92 83 90 80 35 25 45 84 5 21 8 64 49 27 74 15 17 75 71 34 76 35 8 30 0 25 63 78 76 83 34 ]
[21 20 32 3 30 16 0 40 0 37 62 1 11 41 93 91 59 43 66 21 22 57 97 21 76 48 52 78 19 75 47 36 44 47 48 66 69 93 87 0 75 62 20 39 20 44 10 23 70 77 41 22 81 2 77 57 94 66 55 47 5 13 75 38 97 45 0 51 87 85 5 14 72 9 69 86 18 62 12 56 51 74 37 10 61 10 29 0 85 28 86 94 35 46 53 89 71 79 12 69 ]
[81 87 42 54 86 44 2 0 25 60 54 36 58 92 76 94 99 95 6 13 45 35 30 61 5 2 9 77 0 84 61 82 56 53 14 56 47 97 5 82 8 49 21 34 54 79 12 9 53 40 59 62 97 46 78 90 14 5 27 49 71 24 84 88 70 63 19 98 11 84 90 86 4 98 10 17 63 7 53 41 25 43 26 12 90 64 14 87 90 56 64 72 90 76 29 78 92 15 53 14 ]
[36 8 27 91 58 88 28 93 0 33 45 65 97 19 73 88 19 55 68 24 47 5 1 2 48 78 27 8 52 82 5 70 93 49 93 56 0 92 5 69 48 96 28 53 11 25 0 73 48 72 35 20 89 27 7 84 87 61 70 33 37 83 86 21 92 46 21 87 9 9 98 86 65 57 78 56 3 37 4 83 52 2 75 93 69 4 50 45 23 41 98 47 27 27 75 41 59 17 96 4 ]
[64 15 83 12 65 55 83 35 26 0 17 37 13 35 79 74 26 85 83 43 16 21 85 36 23 2 39 55 67 30 84 47 85 18 72 68 15 38 13 60 98 21 36 1 3 0 74 61 1 22 37 13 77 77 14 33 89 34 30 49 33 57 11 31 31 59 57 66 27 42 50 16 26 48 64 47 83 47 24 34 10 94 24 73 7 93 38 89 84 46 70 14 75 75 69 10 78 63 17 36 ]
[62 14 10 33 21 61 38 39 94 61 0 74 49 47 13 41 94 63 37 64 95 96 29 91 32 84 28 62 78 33 24 58 47 43 51 14 7 29 29 96 13 87 59 89 91 57 78 8 56 78 94 99 82 64 89 57 13 10 53 27 54 38 31 1 98 98 0 58 36 41 35 61 58 54 3 26 7 39 81 20 76 25 70 62 18 86 35 36 37 85 17 81 23 9 17 19 13 56 28 32 ]
[27 10 57 56 54 57 62 61 60 59 28 0 16 67 86 38 54 21 65 21 8 84 11 99 52 83 69 24 55 29 69 88 61 70 96 52 86 74 85 61 82 57 53 53 62 62 86 19 24 3 46 35 57 0 68 26 48 56 83 86 16 7 68 99 12 31 20 79 95 2 77 70 51 18 78 61 73 11 89 2 90 97 32 34 28 89 90 72 43 17 78 44 43 64 32 7 96 48 65 5 ]
[58 64 49 32 98 47 44 16 77 90 63 24 0 97 3 67 23 34 56 44 37 75 59 88 51 72 42 76 79 13 31 62 81 56 1 66 33 27 20 28 71 24 51 25 49 35 7 94 44 86 40 50 86 41 11 92 57 4 66 78 23 89 39 55 80 9 37 71 65 61 29 69 79 0 97 89 78 4 59 4 21 14 85 63 84 96 13 79 21 21 51 78 54 41 70 97 58 34 77 20 ]
[56 3 89 13 27 36 29 20 36 42 75 15 35 0 53 15 70 32 12 46 12 21 97 15 17 55 26 30 44 92 92 15 97 39 18 78 56 70 59 46 74 88 91 79 19 43 15 74 52 60 8 42 90 33 53 84 69 53 84 79 59 24 48 83 40 40 40 42 12 31 86 80 18 46 18 4 9 37 53 39 64 4 2 81 29 0 67 12 17 59 70 8 56 9 78 43 31 1 55 65 ]
[43 11 58 35 81 11 93 25 56 78 20 47 26 73 0 97 79 29 51 55 99 51 65 21 13 49 86 86 44 0 26 79 42 79 36 43 24 94 40 28 50 27 86 39 7 33 29 93 94 31 53 14 26 63 6 10 71 46 29 61 81 63 54 27 62 72 39 63 86 5 90 89 8 13 87 88 48 51 3 32 43 58 71 41 52 91 59 54 70 0 98 65 64 54 2 97 88 8 88 94 ]
[58 20 56 9 33 60 37 78 62 95 90 14 33 6 79 0 11 71 60 36 33 60 83 98 79 44 31 6 25 33 29 78 35 19 39 81 0 50 42 16 31 2 60 63 69 89 64 39 10 35 76 79 81 4 48 81 70 59 4 57 4 79 2 57 38 24 20 3 79 17 94 14 79 95 7 84 79 80 33 32 44 67 14 96 70 99 71 93 15 90 40 35 78 77 15 34 7 51 70 7 ]
[93 9 13 81 62 20 18 1 16 57 25 33 64 8 40 81 0 27 12 62 86 61 76 63 37 52 11 59 72 74 62 58 47 93 72 69 21 44 33 88 39 84 5 38 2 55 34 25 84 2 99 19 81 4 98 55 69 64 94 37 78 28 36 3 61 71 26 11 30 43 13 80 97 67 4 85 28 78 38 10 32 38 40 19 93 43 57 44 0 96 57 87 31 87 99 53 85 18 9 61 ]
[64 17 55 32 14 83 93 75 97 25 21 28 19 4 47 53 15 0 92 72 99 89 1 86 61 50 50 49 1 51 81 85 21 84 29 99 10 33 91 35 88 25 55 76 26 5 25 77 43 17 33 26 52 55 63 66 60 24 41 13 91 36 70 76 11 19 91 23 68 25 87 7 93 72 61 43 62 93 54 28 32 4 82 85 14 78 97 8 61 35 34 87 96 54 8 89 44 50 82 36 ]
[0 91 79 71 13 90 12 77 81 12 28 82 69 22 38 3 47 7 0 28 12 60 28 48 54 75 34 40 2 40 94 70 23 19 19 18 59 47 67 77 1 33 52 95 51 1 69 58 21 23 43 78 12 83 8 59 60 87 41 27 87 87 71 0 45 3 98 36 55 88 99 0 32 94 76 32 60 20 24 36 78 48 61 43 49 33 23 5 28 84 9 71 51 4 47 53 75 17 60 96 ]
[63 45 55 10 92 83 13 85 31 63 66 30 0 19 17 48 79 2 10 0 15 37 2 55 65 91 90 76 32 30 78 25 36 44 65 74 22 42 45 53 68 3 12 62 29 31 69 63 81 39 77 86 71 46 4 87 85 23 74 62 49 23 58 51 42 63 42 98 84 16 97 73 1 80 61 22 42 19 10 31 51 97 62 57 83 2 44 74 57 25 80 61 64 29 16 43 37 31 66 4 ]
[92 49 5 13 48 75 52 64 33 50 27 53 25 9 27 0 98 81 65 20 0 53 18 84 77 74 68 37 11 27 10 70 24 21 98 64 31 11 96 68 23 67 27 79 62 47 20 40 75 29 83 89 96 87 24 59 59 84 93 25 56 45 13 44 71 12 99 9 68 30 58 36 52 95 98 31 20 12 90 31 12 40 18 93 65 16 80 93 21 52 87 14 77 53 57 96 52 36 86 94 ]
[67 96 20 52 75 14 36 50 65 59 71 55 35 81 48 15 38 91 45 73 38 0 47 1 96 54 34 76 59 92 9 45 12 62 63 60 3 67 45 55 94 87 65 92 84 26 44 98 21 85 41 45 14 66 69 19 3 17 28 56 6 64 98 8 96 21 54 7 60 81 50 0 0 9 30 15 4 71 35 76 14 97 41 77 95 32 83 32 43 87 91 67 50 46 3 44 41 17 22 48 ]
[48 53 3 55 31 40 59 36 64 36 28 7 73 74 3 78 69 31 81 12 64 54 0 95 33 43 1 53 86 30 92 63 12 31 59 13 81 91 1 88 64 61 80 51 82 44 37 82 20 23 3 10 83 64 2 90 35 33 48 83 8 84 42 24 0 42 78 3 28 0 47 60 44 41 92 78 16 82 78 81 47 82 36 97 66 0 2 93 83 8 93 73 34 63 93 61 47 70 69 4 ]
[76 83 51 68 26 38 70 80 85 91 38 57 7 60 49 74 77 81 25 48 53 0 56 0 69 40 34 44 6 18 51 60 24 70 6 87 97 50 78 45 60 9 13 42 82 31 55 36 13 27 40 86 7 81 35 37 61 11 73 36 16 19 41 94 76 78 28 95 14 16 18 22 18 23 45 59 53 35 34 20 1 40 80 78 48 37 72 91 90 27 45 4 74 54 37 6 69 12 78 16 ]
[14 14 22 58 18 19 33 85 52 68 78 1 53 99 10 86 57 81 22 66 43 89 81 78 0 29 71 39 25 92 35 53 57 98 96 32 85 71 12 26 41 72 51 48 79 30 30 4 65 83 95 14 29 65 25 55 53 12 60 78 94 3 93 60 90 90 37 15 82 79 30 5 7 33 52 82 24 84 9 24 34 57 72 22 8 31 65 48 2 42 83 87 92 44 57 34 41 11 7 2 ]
[38 84 14 0 88 0 14 35 8 17 29 74 52 33 92 99 28 16 41 14 98 70 61 75 17 0 43 63 74 77 78 0 11 33 92 46 34 2 20 31 32 60 80 95 38 12 70 3 55 37 80 54 39 55 52 58 94 76 33 64 51 55 13 9 97 63 73 77 3 12 69 90 86 83 65 89 58 26 0 56 61 22 63 11 24 80 28 64 77 52 98 50 28 12 28 21 82 49 99 22 ]
[1 62 21 74 74 28 41 71 28 88 28 13 49 83 19 62 82 88 61 66 2 62 94 64 82 59 0 81 44 65 83 84 99 93 87 94 43 41 51 0 67 29 67 3 24 14 28 16 19 86 93 31 68 65 85 45 55 95 60 93 74 4 77 59 11 8 87 24 97 94 69 68 67 27 16 83 85 28 86 85 54 28 31 23 57 67 3 67 43 85 69 36 92 95 72 15 81 57 20 13 ]
[36 15 43 51 18 38 28 58 65 2 4 76 56 14 99 66 13 33 53 29 70 46 21 2 36 10 42 0 20 23 79 2 19 85 45 95 59 65 22 13 53 94 6 71 22 94 34 58 32 50 35 63 99 30 2 65 55 35 27 53 91 81 96 45 81 63 1 67 36 46 71 89 48 56 88 26 26 54 57 52 45 3 26 22 62 22 55 13 28 0 30 98 45 92 63 46 91 6 65 21 ]
[93 18 33 77 23 32 56 80 72 53 79 61 4 39 72 3 30 70 97 29 68 90 56 22 62 31 79 42 0 28 91 43 30 4 4 85 71 27 3 72 10 83 95 84 94 29 34 55 20 21 19 28 15 4 21 16 0 3 86 2 67 66 8 36 39 88 7 8 3 66 44 11 48 85 85 47 37 45 93 90 34 82 77 39 33 3 79 74 38 84 19 33 37 34 19 34 34 66 58 57 ]
[68 75 14 73 64 88 38 62 73 26 84 80 55 76 91 33 93 85 43 22 74 14 54 77 59 72 42 63 34 0 86 14 85 38 43 87 27 6 13 6 28 47 25 6 78 6 17 44 23 43 3 74 49 46 31 76 32 4 78 38 58 6 70 81 86 35 4 76 82 83 24 69 42 9 8 37 44 0 91 74 31 20 35 42 0 81 67 11 16 58 94 8 78 84 98 71 26 37 31 99 ]
[61 95 74 74 94 8 2 77 39 50 8 91 35 89 99 41 1 92 9 22 38 18 10 4 12 41 37 25 3 18 0 33 44 13 44 19 49 57 59 67 70 74 73 34 88 29 85 34 27 35 76 72 58 22 28 35 77 65 44 46 1 92 45 90 25 84 11 87 44 85 69 32 84 52 31 88 82 2 59 49 39 97 71 35 87 28 90 52 58 51 24 19 19 25 5 13 0 39 26 14 ]
[77 68 78 43 63 36 77 55 45 64 32 25 96 18 99 81 79 88 83 41 91 73 84 36 49 51 2 11 23 78 18 0 54 56 49 23 42 93 92 66 32 55 3 64 63 41 6 97 82 56 55 50 98 5 58 49 32 64 58 76 70 2 50 48 92 23 27 84 19 37 93 0 66 86 48 85 82 0 48 83 49 12 95 14 55 56 51 56 15 33 42 19 79 98 86 88 39 46 10 74 ]
[12 21 14 78 57 1 57 96 97 82 47 86 75 29 71 57 7 83 42 99 78 11 72 82 59 86 0 45 19 35 88 8 0 6 86 37 65 79 99 97 75 72 82 99 87 93 5 33 25 22 60 58 88 28 49 32 68 93 56 19 45 94 22 21 42 71 64 7 79 44 58 81 82 43 14 12 30 88 22 12 87 85 85 66 36 11 74 39 9 4 79 15 78 65 63 0 95 51 34 68 ]
[65 4 77 27 55 59 82 0 94 60 29 92 95 31 72 91 74 97 12 94 65 50 46 16 13 84 81 37 93 32 43 86 54 0 72 72 6 75 34 39 70 60 74 36 59 18 31 69 41 74 71 66 53 98 0 57 73 80 86 98 60 16 80 16 23 91 94 14 58 61 71 25 99 22 65 9 63 16 93 5 55 69 41 53 20 69 55 6 26 5 9 9 38 36 29 18 45 2 98 85 ]
[19 70 40 81 99 21 40 47 70 43 56 39 85 53 69 26 41 94 75 78 43 45 65 50 63 45 88 64 77 41 86 5 17 37 0 1 7 95 15 57 96 21 55 42 50 29 2 7 56 37 13 95 26 42 76 85 96 32 42 9 40 45 90 36 91 80 50 26 16 64 62 63 26 1 45 31 59 91 33 75 62 47 20 43 34 99 40 36 65 77 37 97 12 98 34 36 20 85 54 76 ]
[62 83 3 97 36 23 43 16 59 96 0 25 62 60 97 72 9 62 83 8 56 38 37 55 24 15 57 27 94 4 65 97 2 33 86 0 80 29 52 7 39 39 64 79 72 39 40 71 41 32 2 21 73 29 44 34 16 53 42 15 80 46 70 63 92 52 5 35 35 46 12 23 42 83 50 19 44 73 28 65 67 84 25 33 98 98 36 38 13 38 46 79 94 23 47 53 66 5 77 77 ]
[37 56 66 45 33 66 11 16 62 61 29 15 62 79 89 22 87 34 28 42 92 77 9 6 16 63 25 45 99 53 79 43 39 97 20 49 0 56 99 80 88 82 34 20 40 22 1 54 69 93 54 12 18 47 99 46 38 28 85 6 75 13 42 50 84 22 76 38 68 78 36 15 12 21 25 92 61 9 8 28 9 0 37 53 7 63 12 10 14 89 31 19 44 53 49 54 36 56 62 58 ]
[40 80 2 10 96 17 86 67 45 20 88 39 0 50 93 52 48 4 70 48 34 69 90 16 77 24 3 52 33 80 48 65 29 10 91 26 81 0 23 61 53 92 0 70 63 71 39 19 60 50 3 89 78 93 55 73 17 88 78 22 65 39 22 83 86 91 10 17 38 10 14 84 85 35 60 31 59 21 3 6 13 65 46 52 97 72 8 58 89 40 98 98 83 72 0 30 93 26 90 46 ]
[23 16 96 88 20 48 68 13 78 0 46 16 93 28 58 37 56 41 53 93 41 33 0 94 1 25 54 2 87 61 83 9 53 73 80 19 10 51 0 74 31 65 54 71 78 6 0 33 28 12 50 70 91 43 48 59 9 39 83 53 3 2 61 98 98 73 67 31 5 95 50 80 73 16 14 42 99 81 74 50 91 83 37 40 60 47 73 39 21 30 10 67 42 46 48 86 32 75 54 77 ]
[7 84 35 67 63 42 46 77 39 93 6 95 8 50 12 41 28 60 5 32 87 40 5 8 91 44 83 13 70 25 71 18 58 21 78 61 19 26 84 0 13 73 61 30 55 6 42 27 48 92 46 66 70 62 48 1 16 17 4 36 3 3 26 5 59 26 48 89 35 94 44 84 22 8 97 21 89 11 70 72 6 12 61 56 78 57 1 71 26 12 66 81 34 65 34 69 60 83 57 82 ]
[86 8 37 35 4 77 15 91 13 94 3 3 70 22 61 38 7 11 77 57 69 55 61 22 27 84 92 44 28 86 89 89 57 44 8 18 86 74 30 84 0 0 66 55 58 24 27 7 37 99 53 61 87 83 58 96 77 12 42 59 95 37 51 95 58 24 51 15 79 2 97 81 33 48 13 41 9 14 83 12 45 38 96 77 71 84 15 46 15 47 28 80 83 71 43 22 96 8 7 68 ]
[97 15 95 83 65 68 39 68 75 78 50 89 70 2 92 59 92 39 22 32 45 31 35 31 73 1 54 43 14 75 56 99 34 53 57 82 87 5 58 11 16 0 69 94 3 84 27 86 48 66 32 91 58 74 41 74 82 46 50 94 61 64 4 2 57 6 0 1 53 32 33 50 97 39 33 80 57 0 34 96 54 31 77 95 82 77 89 37 50 23 44 96 15 37 38 59 46 77 33 29 ]
[68 35 1 79 37 57 39 7 28 35 51 43 48 90 44 89 75 48 27 73 2 32 59 55 2 67 97 98 22 8 24 22 6 75 22 16 62 8 47 48 70 39 0 81 27 12 44 26 51 55 41 1 27 26 4 85 54 53 99 87 44 0 4 88 78 19 6 91 83 56 83 28 57 93 2 7 16 95 67 5 3 39 84 44 94 11 87 41 4 42 25 70 72 53 90 79 42 40 92 39 ]
[39 40 44 76 78 67 22 95 99 61 51 50 22 22 42 85 95 7 14 67 11 86 53 84 6 60 15 82 77 43 96 11 23 64 83 3 12 39 50 29 85 86 6 0 44 56 62 51 95 49 25 84 61 70 80 34 80 93 67 56 54 64 83 99 25 98 84 93 92 23 43 90 14 20 28 67 50 24 74 83 90 25 19 45 25 94 98 83 59 29 32 78 54 87 40 41 78 96 97 64 ]
[67 14 13 98 38 1 57 77 46 97 28 0 68 76 64 17 14 1 48 24 21 19 26 12 3 17 73 63 20 64 45 6 52 46 44 89 92 63 6 14 87 8 61 92 0 81 31 35 19 23 18 50 34 13 91 53 23 32 26 22 82 22 20 57 58 6 99 79 57 98 53 54 5 87 96 96 4 32 8 7 86 98 28 9 24 92 89 52 22 73 25 23 56 10 86 67 20 69 69 85 ]
[35 94 62 20 50 5 57 20 77 74 74 54 88 31 65 38 98 80 55 53 85 35 17 80 52 53 44 61 5 2 51 47 25 71 89 35 17 1 97 74 26 42 2 37 27 0 14 85 65 42 27 79 18 29 53 12 14 13 85 76 34 3 59 21 71 42 43 64 63 4 97 70 74 18 27 26 37 53 98 93 59 42 98 98 0 84 23 17 55 19 83 84 0 66 37 67 44 87 0 58 ]
[49 81 46 58 96 44 9 17 78 54 88 2 3 28 37 81 19 39 33 81 12 34 79 62 60 95 13 17 92 92 28 83 80 10 2 31 3 16 75 30 57 79 24 63 60 97 0 17 53 9 28 30 63 28 35 35 2 36 23 81 7 72 18 6 99 50 91 97 86 62 80 46 84 33 31 34 76 74 31 74 66 2 62 40 53 37 20 26 50 60 53 87 59 8 42 59 95 71 9 1 ]
[90 23 2 31 70 24 17 41 58 44 96 94 43 23 75 68 92 69 63 40 84 35 76 47 41 34 33 41 32 7 80 9 11 63 77 94 58 1 44 50 87 21 8 64 2 63 9 0 18 17 21 68 15 76 99 44 29 4 49 86 49 32 17 51 26 89 42 44 60 31 55 14 82 69 69 97 11 51 94 49 86 78 20 31 93 49 26 57 69 99 42 27 65 86 60 30 10 5 29 74 ]
[7 85 42 96 7 18 84 58 96 87 5 53 42 85 59 29 28 29 55 56 38 87 92 72 57 81 12 23 66 12 59 20 69 67 5 94 74 10 41 42 46 18 20 17 70 69 9 94 0 56 19 42 11 72 54 3 42 5 76 88 2 0 40 44 49 67 91 67 10 70 51 98 1 84 88 58 80 5 81 68 71 62 56 86 54 64 13 64 9 90 15 57 2 31 59 41 59 54 91 13 ]
[53 19 71 62 49 37 24 19 63 46 82 41 32 5 93 27 45 89 32 56 81 53 94 73 57 23 41 31 63 87 5 10 88 83 80 20 27 32 56 98 51 45 58 3 36 18 18 98 82 0 94 45 13 43 10 98 63 92 7 14 86 3 15 72 6 66 64 48 42 61 10 39 78 39 17 35 12 41 43 15 36 33 97 48 76 96 75 16 93 66 37 46 25 93 22 94 74 98 10 34 ]
[64 25 94 1 28 7 27 90 11 21 50 75 61 53 40 56 94 13 74 36 14 60 12 63 88 40 6 7 61 77 35 1 53 18 61 9 62 55 16 0 54 89 32 60 84 91 62 19 90 26 0 39 39 78 70 62 86 45 12 88 5 71 28 45 57 30 68 23 32 89 85 30 59 14 75 60 55 93 46 81 67 74 77 20 12 13 65 77 59 19 44 17 82 32 66 14 23 53 22 99 ]
[8 49 86 39 26 30 37 26 34 70 96 0 27 29 37 61 96 62 36 65 47 88 66 35 88 33 45 54 73 0 51 63 30 62 68 59 18 28 18 16 75 71 88 35 0 57 34 99 73 61 55 0 33 92 26 50 95 74 44 93 94 36 55 4 85 41 63 10 18 13 51 16 24 60 36 0 91 56 93 0 83 28 70 18 35 78 52 43 67 34 81 53 10 17 36 73 34 62 27 15 ]
[81 36 5 31 63 44 9 62 27 97 88 12 14 58 8 17 43 28 65 77 78 39 42 55 0 80 67 39 73 85 51 89 27 40 37 76 59 24 38 35 89 96 0 34 48 92 94 43 38 34 31 83 0 84 55 24 77 50 55 89 85 8 6 66 83 67 10 49 79 33 37 48 64 52 62 94 71 58 73 33 42 86 65 82 1 45 69 51 29 30 98 4 7 16 62 81 50 51 70 55 ]
[42 3 73 50 84 89 97 57 49 88 73 66 7 82 1 75 96 63 77 77 23 97 34 44 63 31 87 71 47 93 90 24 42 67 59 42 81 43 15 75 57 58 39 58 50 48 39 84 4 31 28 42 87 0 34 30 76 47 44 46 31 15 55 27 91 74 1 92 69 62 59 13 94 41 40 19 69 65 47 49 19 65 95 41 17 25 0 80 3 11 4 48 84 42 70 90 63 47 58 49 ]
[34 58 13 35 91 75 98 66 93 25 91 76 43 46 63 31 25 65 24 68 11 73 22 85 57 51 65 48 60 40 84 74 54 49 43 78 21 22 47 42 97 95 98 10 74 58 21 75 95 64 55 15 14 36 0 88 27 60 91 56 38 51 12 17 58 61 38 26 4 2 81 22 13 34 82 84 34 1 33 25 43 24 99 58 74 68 85 41 33 28 65 58 50 96 44 8 15 84 15 86 ]
[16 5 59 2 58 26 27 17 49 74 14 47 8 35 81 82 3 64 18 91 23 93 25 73 14 21 89 34 21 34 47 75 26 97 22 41 46 89 45 13 15 60 56 15 16 89 59 69 59 36 28 30 41 27 75 0 45 90 62 59 1 90 94 91 13 38 11 94 58 79 18 9 90 74 8 98 95 99 60 59 2 68 40 19 39 73 89 1 90 67 66 84 99 94 11 66 3 70 84 23 ]
[90 75 40 8 14 78 72 67 35 28 90 52 39 29 62 7 96 45 92 69 19 79 77 16 63 68 61 35 0 30 59 65 17 25 59 93 24 6 71 7 21 6 53 4 86 27 4 59 97 78 96 4 61 2 60 48 0 72 9 90 66 26 18 75 46 69 30 31 79 37 96 95 91 42 48 51 31 98 70 54 71 38 47 34 12 74 67 0 93 72 97 57 37 16 56 41 29 37 42 35 ]
[19 22 35 54 28 75 68 22 8 16 40 36 79 38 38 29 55 38 91 90 19 27 38 1 18 40 14 98 75 39 81 87 28 60 2 98 38 46 44 7 60 45 46 92 3 77 81 42 11 59 41 22 1 41 71 29 87 0 71 70 47 9 20 32 16 19 98 9 59 4 53 77 5 78 41 19 10 66 26 49 80 13 3 83 49 68 80 87 8 0 27 28 27 89 74 62 94 74 47 1 ]
[33 44 73 75 50 78 31 3 99 59 96 23 52 4 20 19 7 98 66 5 40 76 68 63 58 88 15 46 3 40 61 93 28 96 31 32 99 70 4 36 72 39 30 31 95 85 10 4 91 61 91 54 55 71 50 12 45 59 0 33 65 93 33 61 5 37 42 5 57 80 54 4 40 63 29 77 84 59 35 52 78 98 64 89 13 32 39 7 22 2 85 79 77 74 58 23 85 16 20 64 ]
[0 31 19 60 52 14 49 55 16 68 89 33 60 83 75 83 40 65 2 51 12 89 70 55 77 92 84 10 67 37 25 10 71 53 97 71 40 69 83 23 28 11 72 62 27 90 60 36 25 68 61 30 31 97 35 82 79 80 31 0 89 92 40 59 68 58 3 78 2 44 67 13 16 81 81 42 34 33 82 6 85 90 85 81 76 75 65 56 78 12 1 25 84 19 97 99 85 88 50 33 ]
[46 37 80 44 31 39 87 1 31 4 60 43 57 12 34 42 73 8 26 26 64 26 55 51 44 41 28 64 55 28 97 16 95 47 13 67 10 9 75 79 85 60 56 22 38 22 36 83 50 69 44 56 85 75 9 51 69 32 0 64 0 44 28 85 56 28 6 61 76 13 99 93 85 22 82 99 34 95 1 62 43 74 30 74 57 13 10 76 26 87 78 85 9 17 99 28 17 29 81 93 ]
[95 24 67 54 92 48 57 88 47 15 13 96 27 22 18 65 3 24 22 88 81 78 54 21 5 25 10 78 81 83 50 7 72 14 66 90 68 14 35 10 65 37 2 34 95 37 79 75 46 61 11 19 3 49 83 91 10 24 1 2 8 0 55 86 51 47 23 44 40 19 4 49 14 65 50 96 96 90 19 14 16 55 46 79 69 34 31 13 60 8 88 92 63 49 58 13 41 48 14 11 ]
[13 30 93 68 66 91 47 10 89 63 56 64 67 39 49 91 27 22 0 68 35 23 35 75 72 83 57 71 72 2 38 54 16 77 49 23 82 5 98 37 17 94 39 8 21 52 18 85 26 77 18 98 2 8 49 5 69 54 87 78 21 18 0 44 7 24 98 87 66 19 19 29 67 10 31 2 21 34 35 88 0 44 35 45 79 34 95 92 43 40 52 26 79 59 40 64 54 47 37 78 ]
[43 77 31 91 54 18 45 79 82 55 85 8 35 20 73 72 27 63 78 43 26 28 9 64 84 98 18 35 63 72 62 86 36 89 99 34 94 54 62 98 28 15 85 38 35 48 53 90 94 59 4 7 52 30 13 53 10 16 26 80 20 29 18 0 8 5 58 33 62 90 15 4 45 40 40 10 45 60 82 45 19 33 8 54 43 33 2 62 78 86 87 42 98 42 24 11 2 80 71 75 ]
[55 44 42 59 92 13 54 47 82 66 76 41 17 14 49 58 52 92 31 83 35 3 68 11 53 38 8 30 6 37 32 44 2 4 18 85 56 70 13 63 84 46 28 34 84 8 14 61 0 88 5 22 70 72 43 40 51 43 84 31 35 47 49 28 0 89 34 67 8 47 43 71 9 91 20 22 54 54 2 26 51 7 59 28 11 40 51 60 54 75 64 26 14 60 36 34 56 95 41 93 ]
[9 52 7 32 69 58 92 59 50 55 18 24 85 71 90 80 31 71 11 75 86 84 44 83 16 85 69 19 96 84 34 8 67 89 98 96 58 15 18 8 63 27 98 48 36 96 23 79 21 51 31 56 41 41 56 44 66 83 80 86 96 13 78 12 91 0 81 70 69 4 87 38 10 25 91 24 78 75 87 16 57 89 87 88 71 46 79 69 67 89 59 38 67 59 88 53 76 69 78 2 ]
[67 40 28 24 28 63 25 45 9 81 10 78 41 44 61 8 55 98 75 36 12 95 47 34 66 21 99 71 87 31 17 16 81 34 50 73 68 82 39 46 98 3 8 38 70 55 57 7 77 95 95 39 63 54 59 56 59 91 35 95 13 62 14 18 96 17 0 33 94 31 33 20 17 55 23 83 95 73 8 42 53 8 90 67 18 27 9 78 29 76 0 55 5 41 15 97 73 80 8 23 ]
[4 78 94 58 69 9 18 79 1 41 21 58 37 86 33 87 56 83 61 82 76 49 38 3 82 89 34 19 73 29 24 68 84 88 93 33 86 22 42 31 53 23 10 96 81 32 72 31 78 64 27 82 4 0 32 64 72 81 60 51 24 65 31 12 96 21 88 0 77 60 79 45 86 73 96 15 53 41 89 51 38 25 87 69 66 11 93 7 66 74 22 65 26 54 11 21 79 85 4 3 ]
[91 92 29 24 88 71 58 27 73 77 40 24 78 97 50 93 85 19 30 54 67 48 55 93 1 70 88 73 94 74 9 93 96 61 56 19 2 56 61 40 73 15 70 20 95 45 74 6 88 58 3 15 69 94 9 42 26 31 11 75 67 38 63 61 22 38 79 28 0 72 57 28 68 33 63 54 15 47 50 24 49 71 16 14 92 22 25 79 26 95 69 45 56 72 31 25 92 35 45 46 ]
[31 12 28 59 90 16 42 43 19 94 10 32 44 76 57 30 75 14 99 80 0 97 99 56 0 14 39 41 54 85 6 50 42 14 16 33 50 6 75 4 39 38 58 52 16 56 84 89 73 94 17 68 26 49 63 56 15 3 91 78 2 52 50 38 13 34 25 67 87 0 9 32 99 85 68 23 9 68 61 90 48 45 48 39 50 93 17 56 85 46 30 4 60 11 96 66 50 0 28 87 ]
[6 61 62 13 83 26 18 72 1 56 50 42 75 75 69 46 95 27 12 49 0 71 61 56 98 42 27 87 32 17 65 31 16 83 40 80 86 37 14 49 79 79 45 68 20 88 76 15 39 65 94 58 44 48 75 19 8 65 18 83 44 91 24 38 95 69 62 45 98 97 0 71 2 77 75 0 48 88 61 63 63 58 97 66 61 14 85 25 94 53 49 52 28 7 77 35 43 65 6 59 ]
[70 96 61 77 2 53 5 91 9 18 52 49 99 92 17 35 45 72 86 66 77 85 41 84 39 14 10 47 1 12 98 26 95 48 14 75 65 80 10 88 1 27 81 55 85 30 65 71 33 46 42 55 83 91 66 4 53 29 40 4 96 58 26 94 1 5 93 15 29 72 63 0 82 82 47 49 84 11 5 71 49 68 36 52 4 17 91 87 14 32 21 23 19 21 31 31 46 99 61 86 ]
[72 36 10 91 12 20 62 19 3 69 93 75 10 74 43 3 10 67 20 16 21 39 53 68 51 65 69 15 89 80 45 47 65 35 47 67 72 85 68 8 52 15 45 98 7 72 2 26 63 82 24 31 18 85 48 35 36 43 53 94 91 15 93 30 58 37 58 51 45 66 54 6 0 6 75 6 29 85 91 28 95 14 88 60 14 59 43 85 81 37 99 50 80 76 57 37 83 59 75 52 ]
[78 49 75 93 99 39 33 0 54 32 95 54 8 84 64 42 54 82 2 80 61 80 88 94 43 7 46 35 9 77 82 4 88 33 70 18 23 80 99 69 33 43 84 10 37 65 92 38 7 99 23 41 69 24 58 15 31 72 66 94 26 41 56 78 57 46 40 0 72 29 98 88 54 0 86 58 47 86 75 9 59 73 48 20 93 31 55 1 38 30 27 59 45 68 88 37 68 7 27 53 ]
[92 8 2 75 7 62 5 85 71 28 35 15 8 10 7 35 77 57 37 20 71 77 99 84 78 82 93 89 37 73 70 35 20 59 59 29 2 88 73 55 94 78 55 70 52 63 43 85 5 60 47 86 50 93 14 49 27 69 55 21 0 46 78 12 14 15 32 42 22 46 87 14 25 63 0 86 21 49 81 25 7 72 91 37 87 61 64 59 14 99 32 81 76 34 13 9 16 53 0 53 ]
[80 99 50 54 70 17 44 59 59 96 76 0 43 73 97 29 60 98 94 27 36 95 70 72 0 96 9 34 35 64 78 35 88 73 5 50 36 63 6 82 75 80 22 54 71 13 40 20 60 35 22 80 3 64 98 58 42 79 26 25 94 46 52 28 7 76 34 80 58 4 67 43 26 5 94 0 79 19 37 49 68 50 18 8 26 82 14 58 33 69 32 24 19 0 1 34 3 24 21 23 ]
[54 14 92 19 99 54 39 76 89 45 82 73 72 38 23 65 51 35 62 80 38 1 69 80 6 4 5 10 94 50 76 28 56 0 91 97 52 40 99 49 95 25 64 26 55 4 93 31 90 44 55 88 82 54 86 67 56 90 97 90 66 87 7 38 30 11 82 79 30 98 97 10 88 82 62 27 0 53 32 19 45 5 7 76 37 58 99 12 84 14 90 81 39 94 34 6 11 58 53 34 ]
[30 5 12 78 53 5 97 58 78 80 40 90 47 66 13 83 81 45 77 52 36 43 99 19 66 57 33 12 82 37 54 39 97 86 46 66 34 44 18 41 18 82 27 56 32 69 53 35 20 7 92 19 12 44 13 67 34 24 37 78 19 88 12 94 60 93 23 78 28 38 31 48 76 99 85 85 70 0 63 89 97 71 15 8 27 34 35 35 6 98 90 14 65 5 58 54 68 40 25 82 ]
[75 33 76 15 17 97 50 43 85 48 93 42 23 7 37 88 68 14 76 86 94 98 52 58 7 92 39 85 13 1 66 23 39 80 99 73 40 96 37 65 15 96 5 42 27 79 91 31 36 19 40 33 64 85 25 58 51 21 16 99 87 3 79 8 86 87 14 39 38 23 20 72 60 46 76 11 91 87 0 58 90 50 68 71 96 96 27 94 90 66 44 70 39 93 6 34 31 15 69 20 ]
[92 4 96 26 28 0 32 63 94 17 51 6 96 10 26 28 4 23 5 93 45 55 24 2 48 59 99 65 88 39 74 85 13 25 34 15 6 81 3 14 74 73 10 59 19 55 88 30 91 29 5 38 6 57 47 86 14 5 46 49 76 21 76 17 63 28 62 66 59 34 61 41 18 20 90 78 88 89 19 0 77 3 30 86 57 79 81 8 0 81 53 61 71 93 22 6 9 6 70 77 ]
[96 72 90 91 95 37 5 82 96 95 28 26 35 47 56 83 78 36 1 84 16 49 60 65 50 68 8 66 28 94 13 92 54 83 24 41 30 59 3 91 82 81 84 33 10 79 94 45 4 20 18 2 84 16 76 87 93 95 0 41 89 94 40 28 27 27 44 4 65 81 56 28 28 53 60 59 92 85 0 55 0 45 53 76 57 55 26 2 2 89 66 18 51 5 21 56 87 96 84 15 ]
[16 91 44 57 37 82 74 84 72 89 2 86 54 36 74 97 36 33 34 30 19 35 27 5 11 80 59 40 79 63 14 45 38 91 12 8 43 17 16 21 85 7 60 45 78 53 35 88 5 51 97 35 27 17 21 85 70 55 85 95 3 5 72 39 28 65 3 79 74 29 7 70 96 1 62 26 71 32 67 62 57 0 91 5 15 14 88 79 26 3 68 61 11 66 55 29 32 81 62 30 ]
[65 51 7 6 90 27 29 58 87 49 58 92 20 71 64 32 54 74 59 99 10 3 83 38 42 71 44 30 8 16 83 66 30 59 71 56 51 43 52 12 25 31 55 51 26 55 56 42 88 63 59 56 79 46 69 36 40 8 23 11 94 30 10 77 95 72 94 11 10 88 39 21 48 98 28 5 48 84 4 2 37 52 0 97 78 52 98 21 51 66 82 53 11 28 26 10 81 40 2 54 ]
[30 55 67 59 42 72 18 6 11 50 91 60 8 17 96 36 34 80 16 44 25 74 83 38 44 34 7 28 61 43 60 44 97 16 63 81 9 62 71 11 3 87 11 85 9 67 40 18 55 6 5 13 37 30 21 91 47 5 42 3 63 75 88 98 47 67 71 98 90 10 18 97 21 20 72 99 49 72 13 76 41 62 58 0 55 35 13 18 52 69 86 19 48 90 98 38 70 88 90 6 ]
[77 41 71 28 38 20 36 93 3 90 27 37 97 10 60 16 58 93 53 34 81 1 16 58 28 23 83 84 85 89 73 34 68 75 40 60 38 74 39 30 95 72 51 5 15 32 59 36 54 44 6 84 49 40 0 66 77 57 94 17 5 79 44 54 98 7 40 87 16 55 62 50 50 56 57 93 6 42 47 12 81 33 56 50 0 84 39 1 40 76 3 77 99 56 9 68 18 27 2 85 ]
[58 10 78 11 91 30 7 40 95 39 73 56 22 38 45 64 60 66 94 17 33 33 88 7 35 99 35 50 85 35 77 20 64 84 29 34 10 92 69 31 94 54 3 31 74 23 87 86 93 82 39 88 26 51 83 3 58 42 71 55 34 41 38 74 92 68 40 70 50 3 77 48 95 82 18 81 37 14 0 20 23 55 85 89 94 0 28 58 60 95 30 77 8 45 90 77 3 28 26 92 ]
[59 73 91 16 96 47 99 37 79 22 86 30 37 87 11 93 30 73 52 14 13 95 28 61 16 54 46 97 49 31 80 26 20 32 96 23 45 33 11 39 37 42 14 44 18 92 65 70 32 12 9 78 0 97 29 57 82 39 84 24 9 81 32 47 85 50 93 70 80 63 16 87 24 81 33 57 25 86 98 29 5 39 81 92 21 18 0 80 92 0 35 19 72 67 32 32 65 51 34 81 ]
[58 5 55 19 7 0 15 33 26 38 92 43 9 35 59 72 48 65 2 50 63 68 35 6 1 78 7 93 0 26 39 82 63 65 34 31 18 47 93 91 40 92 1 47 97 96 36 96 81 39 79 67 33 69 76 7 5 89 2 39 41 98 2 4 66 55 84 48 41 79 76 2 86 96 52 66 72 86 24 65 92 63 4 27 90 24 77 0 42 70 36 98 90 75 25 14 21 35 98 43 ]
[98 70 20 88 30 25 29 37 36 62 83 99 13 76 13 56 66 8 66 1 94 89 55 45 93 93 7 40 76 20 26 1 90 18 42 36 38 87 57 81 35 19 69 80 9 53 77 14 60 65 35 91 90 8 33 20 35 23 82 20 54 47 55 57 66 64 87 79 98 75 48 8 22 49 86 70 50 90 57 27 72 9 87 83 0 19 3 99 0 73 54 86 11 25 8 72 2 96 78 91 ]
[1 22 11 56 79 93 92 14 84 50 11 16 95 66 66 74 53 29 62 1 45 59 26 10 52 12 62 25 11 55 92 82 48 83 95 16 89 75 60 22 89 42 39 14 21 25 70 65 90 81 77 63 35 13 97 8 62 88 17 70 2 34 86 1 86 4 49 4 85 51 45 89 85 1 57 45 66 70 45 25 92 73 71 65 23 32 29 38 33 0 19 4 0 63 64 22 46 54 96 58 ]
[8 27 55 56 25 6 96 1 79 90 83 12 72 31 83 66 46 97 49 27 49 76 55 43 64 37 13 39 60 25 30 72 51 78 45 33 97 8 55 98 73 92 87 78 9 72 43 96 65 95 62 39 10 0 86 64 81 70 10 39 5 15 65 3 16 35 49 57 55 10 72 73 67 42 86 89 10 31 41 71 29 64 35 97 27 60 37 66 51 77 0 27 98 33 13 62 13 42 64 40 ]
[32 53 48 0 6 2 5 30 68 99 48 57 83 64 93 87 33 77 26 52 43 50 77 30 85 86 19 1 9 43 65 20 7 79 53 12 54 83 53 23 94 34 61 23 94 42 17 59 0 13 84 20 43 30 16 90 62 8 17 57 67 83 62 89 55 99 93 0 21 6 18 6 86 24 26 66 43 13 85 7 0 5 91 21 32 35 73 80 83 56 61 0 53 42 81 23 39 72 98 45 ]
[89 52 13 62 64 60 7 40 32 24 57 68 97 19 71 99 88 56 42 84 81 20 57 55 65 10 72 57 82 75 52 11 40 95 55 49 18 75 79 45 8 1 20 81 32 42 53 86 77 69 57 79 46 52 28 25 13 21 93 63 52 76 84 4 90 27 24 43 19 52 50 60 12 36 39 80 29 5 65 82 78 42 80 56 19 27 9 92 54 76 46 35 0 40 5 83 41 70 16 84 ]
[45 24 13 18 35 95 86 58 74 43 42 10 7 64 18 76 15 35 52 98 27 58 22 36 63 63 95 47 12 36 82 82 0 86 68 84 2 31 78 33 32 6 20 32 69 11 59 87 26 42 0 71 44 82 92 4 76 19 2 78 23 95 39 55 99 2 78 65 82 57 12 22 93 93 8 15 55 78 85 98 51 92 64 5 75 24 41 77 44 83 66 71 49 0 38 93 92 89 0 63 ]
[31 7 15 76 97 22 66 82 96 24 3 35 40 3 64 45 38 86 27 89 16 4 55 61 52 47 69 19 45 33 8 13 71 72 46 34 26 69 79 23 79 92 22 35 32 24 16 82 65 70 20 99 94 69 12 4 93 1 89 83 92 72 21 99 60 83 31 18 99 33 94 15 7 2 94 61 30 21 12 10 96 34 57 4 58 85 15 70 81 6 45 31 6 97 0 93 60 97 10 33 ]
[67 12 82 90 65 93 10 75 31 50 24 83 84 35 45 40 44 48 77 24 54 59 58 13 72 67 45 75 67 35 49 76 46 75 79 6 77 38 57 23 77 32 78 66 16 92 11 88 36 26 76 59 13 4 5 70 15 60 85 46 45 96 73 68 94 81 23 79 67 56 22 40 28 23 36 41 33 53 18 58 52 72 91 6 78 74 10 82 88 20 56 26 10 81 7 0 72 0 70 6 ]
[64 85 83 7 81 90 67 62 39 66 31 56 51 88 52 93 42 86 45 96 23 33 68 17 92 17 5 52 91 81 9 49 6 83 94 10 44 16 6 95 74 82 84 5 67 32 68 24 55 70 33 10 12 99 2 60 4 30 48 20 10 95 4 35 75 99 47 68 51 15 56 28 74 97 30 63 37 80 53 72 57 9 73 4 23 81 5 50 0 77 3 36 99 64 82 79 0 55 47 22 ]
[97 14 15 99 94 83 23 92 63 61 9 70 53 18 62 34 17 4 91 91 12 25 45 56 30 94 29 2 45 71 79 24 76 55 69 0 5 10 70 61 9 64 86 1 64 68 37 75 27 86 99 68 69 8 52 1 45 44 13 78 63 23 54 29 82 63 66 19 27 16 26 56 32 81 50 55 18 85 65 2 41 87 3 3 27 7 83 90 63 25 7 17 45 92 90 80 31 0 89 22 ]
[11 28 66 75 90 48 5 65 45 35 22 77 75 7 6 29 20 0 96 98 52 45 1 75 52 74 52 84 85 23 42 40 28 92 24 20 46 5 26 88 11 98 53 28 50 43 16 68 64 51 98 7 48 49 88 79 69 44 70 23 48 87 89 88 17 81 96 10 3 73 77 22 22 39 24 5 91 26 19 13 89 50 43 48 80 73 31 33 59 86 80 86 4 19 61 5 61 90 0 26 ]
[35 10 56 8 24 8 37 15 55 58 64 6 10 89 10 76 29 27 70 2 83 3 66 68 38 91 74 97 85 67 77 10 60 33 4 80 31 82 81 47 44 38 48 30 66 66 91 10 49 59 90 4 21 8 74 44 47 83 59 67 55 25 22 67 43 11 89 41 19 64 67 35 58 52 0 23 91 93 55 12 61 8 50 11 56 59 80 9 23 19 52 31 2 46 40 99 64 51 50 0 ]
];
