nbGenes = 100;
preference = [[0 79 97 88 55 62 80 65 23 41 94 42 45 17 52 27 81 54 95 88 19 26 50 10 58 72 51 26 90 62 47 65 43 13 25 32 98 3 88 28 71 63 14 30 30 23 47 77 73 25 35 77 58 36 70 37 35 13 29 3 20 99 84 71 5 16 56 43 76 81 18 50 83 64 10 24 86 16 53 70 89 14 92 97 9 49 55 2 74 24 62 6 38 64 79 3 11 22 1 65 ]
[72 0 3 10 20 9 5 91 67 48 21 69 63 68 14 40 22 10 10 20 12 78 36 68 59 56 48 62 66 34 14 40 71 37 80 96 12 7 46 37 90 34 38 51 70 30 99 65 24 69 67 99 30 28 52 47 91 8 48 1 12 29 90 83 39 80 9 86 44 49 87 99 44 33 67 83 4 70 74 86 97 78 0 58 73 90 96 68 62 81 9 20 20 53 17 35 22 58 83 65 ]
[29 64 0 95 47 38 56 56 1 81 39 94 8 43 9 48 43 34 66 53 92 69 45 30 39 25 81 70 67 79 36 90 33 35 99 68 92 17 73 12 63 79 34 65 78 62 58 83 1 19 32 22 49 58 60 19 31 71 97 79 77 55 92 4 6 62 30 0 90 99 98 84 61 23 48 34 60 48 56 49 38 96 21 55 23 51 58 37 88 68 7 11 12 97 84 99 87 30 11 50 ]
[58 14 3 0 34 7 59 48 57 52 27 24 63 3 99 32 95 78 63 13 12 10 30 40 2 24 75 23 96 57 94 18 87 18 1 49 79 59 32 11 3 56 34 62 9 96 11 94 73 21 17 44 5 58 36 69 40 23 76 14 43 29 98 56 1 2 57 5 23 10 11 22 50 87 17 4 7 39 6 31 83 37 84 13 26 1 33 93 30 48 37 9 36 26 11 67 17 69 32 61 ]
[96 5 46 56 0 13 80 79 70 80 0 7 36 27 48 71 78 97 16 92 43 65 6 62 6 83 94 18 47 27 47 45 1 75 21 63 84 70 64 90 12 17 75 50 35 72 55 72 46 98 13 2 90 20 24 88 51 45 69 95 61 50 58 57 49 55 60 15 77 32 55 93 54 15 19 72 19 88 26 15 8 11 64 24 25 71 74 68 18 20 4 29 77 23 64 22 83 32 71 37 ]
[66 0 9 58 75 0 33 28 0 54 95 17 91 34 10 74 17 94 17 81 38 60 36 40 16 89 95 93 66 83 70 71 46 70 18 57 59 40 44 44 27 51 33 13 96 97 18 83 28 49 94 23 42 3 70 76 47 93 40 60 77 63 47 26 92 37 24 44 12 59 95 2 15 26 58 5 70 69 60 32 66 77 34 73 85 92 89 55 76 32 11 0 14 65 64 23 55 15 10 50 ]
[97 31 32 76 24 47 0 98 66 75 93 79 97 11 83 57 80 40 35 69 43 33 79 69 23 67 15 34 18 19 75 56 50 74 53 29 89 40 16 90 55 89 22 29 93 92 74 28 96 41 36 26 70 4 83 36 99 84 94 23 41 84 27 48 77 83 13 63 0 21 64 32 83 75 75 21 98 26 30 50 98 95 85 1 63 29 49 45 13 30 73 51 78 14 11 68 51 60 82 47 ]
[85 79 84 21 16 86 18 0 80 80 62 98 73 81 90 82 5 26 59 9 58 42 27 57 6 29 30 22 68 20 33 89 88 64 98 56 94 14 47 97 88 34 92 21 79 58 55 34 62 6 61 18 60 60 78 2 91 56 63 61 55 46 78 58 32 51 49 10 88 19 44 95 68 64 22 87 24 9 1 3 9 17 99 23 46 76 71 23 98 58 0 39 28 82 16 42 60 71 12 25 ]
[73 19 48 85 97 84 85 97 0 10 59 38 38 53 29 69 4 32 88 36 94 91 35 99 58 75 3 65 90 7 70 96 17 24 82 16 47 6 56 16 99 53 74 91 65 62 33 63 24 67 42 28 26 18 21 55 93 58 39 16 35 18 33 14 75 77 87 49 90 76 64 61 79 94 67 90 39 81 81 11 62 84 92 79 68 8 34 65 83 0 74 78 40 72 69 95 55 44 12 13 ]
[7 73 94 42 50 64 51 83 57 0 83 7 92 40 45 76 26 78 20 89 21 10 21 14 22 46 42 71 91 91 93 73 36 72 76 52 78 36 53 65 56 90 47 84 61 77 46 58 25 41 39 79 80 49 15 56 85 89 99 11 73 65 86 64 60 41 12 10 67 80 56 34 42 80 12 19 88 41 68 11 77 73 94 93 30 56 5 56 53 75 23 96 17 66 36 49 44 62 17 79 ]
[36 30 65 53 87 66 71 81 52 31 0 45 90 90 44 83 79 4 4 96 72 30 19 99 50 39 16 62 76 25 79 95 86 70 64 64 7 81 81 68 74 87 53 58 52 77 67 98 68 33 43 18 99 17 51 24 28 63 33 39 79 6 41 78 78 55 27 91 86 96 67 98 68 47 70 29 21 83 79 85 11 31 48 57 71 78 22 26 7 88 85 2 16 88 56 84 39 29 72 44 ]
[94 77 6 54 97 6 58 37 6 40 57 0 90 91 95 64 93 26 2 58 3 58 33 77 15 23 17 40 84 55 51 13 28 1 25 29 87 64 60 21 17 72 5 52 45 15 60 19 55 8 25 84 80 68 88 52 30 26 88 31 69 22 99 82 21 34 37 19 17 13 28 36 3 92 0 85 0 67 67 73 11 79 84 79 41 14 12 15 72 23 91 3 74 81 89 54 54 61 4 14 ]
[90 39 36 62 10 92 96 38 91 61 40 62 0 6 31 35 32 65 24 77 69 27 69 69 4 33 14 40 88 47 73 47 44 56 96 22 8 2 26 29 96 87 46 94 62 38 20 15 41 93 83 83 75 60 3 4 72 81 90 83 61 24 56 36 90 57 2 67 1 11 41 60 92 55 16 67 15 75 86 16 55 89 87 35 48 13 1 52 1 57 30 24 26 3 43 68 10 56 26 46 ]
[73 98 79 19 68 45 25 88 61 20 99 38 66 0 98 15 4 63 69 27 51 11 32 55 54 85 84 89 26 10 40 44 27 2 54 88 13 40 63 23 2 50 55 10 32 21 60 41 97 84 83 79 33 9 97 58 40 59 62 91 94 23 94 55 4 23 20 34 37 57 89 51 22 82 58 14 78 98 41 73 31 5 13 33 73 80 81 68 19 22 21 89 76 4 88 75 7 53 36 89 ]
[99 41 8 23 79 8 71 37 89 8 67 61 22 3 0 40 34 48 1 56 74 68 9 67 95 87 13 66 30 0 54 88 1 27 72 23 53 81 48 73 11 5 67 82 31 9 90 19 75 94 65 68 23 91 10 66 89 58 70 71 98 10 61 0 38 20 81 64 77 60 39 77 46 90 98 48 27 67 57 64 3 47 10 39 82 8 96 56 75 9 18 44 5 68 6 29 1 17 4 21 ]
[58 76 91 82 66 46 11 83 5 22 36 6 75 1 95 0 33 6 94 89 59 96 43 25 90 7 90 2 18 91 86 71 77 69 68 75 76 10 92 37 48 8 69 28 20 76 88 91 50 62 25 52 52 7 16 90 97 35 96 37 0 42 67 5 68 89 32 47 7 28 60 75 22 5 17 82 3 45 59 57 2 13 76 19 97 85 68 16 38 64 61 86 36 1 91 45 72 10 6 2 ]
[76 50 48 89 72 59 79 13 92 9 92 73 41 66 33 19 0 97 53 74 57 18 9 20 67 79 93 48 45 80 26 92 34 73 99 10 79 14 97 27 13 85 86 84 60 33 9 27 1 83 19 49 25 33 99 33 41 24 31 17 47 24 75 82 5 11 50 99 6 19 53 75 48 38 14 50 51 54 19 82 56 85 5 86 36 41 5 38 76 33 90 56 42 30 90 53 81 5 74 18 ]
[52 84 33 70 18 6 60 12 2 70 75 45 86 54 17 0 79 0 69 52 47 13 53 64 0 11 82 75 61 91 63 69 76 69 66 8 3 48 18 26 1 42 0 66 89 18 84 32 71 23 4 9 98 34 21 44 89 56 43 3 83 7 66 80 98 77 36 57 38 75 27 62 34 9 12 5 54 68 68 76 94 16 67 11 43 33 51 7 7 48 38 7 44 10 74 33 72 68 73 86 ]
[33 69 45 29 8 69 71 41 90 90 68 9 16 23 73 51 89 86 0 14 91 8 61 74 2 71 81 58 79 21 94 83 24 39 43 83 22 9 56 50 47 21 94 24 86 10 33 34 69 26 41 40 28 63 3 95 77 87 79 79 28 40 12 76 43 5 0 58 29 0 79 31 69 8 11 35 97 24 19 18 4 13 54 89 64 89 55 47 51 3 19 71 28 99 54 70 45 74 69 68 ]
[26 10 32 40 5 14 69 29 44 3 75 88 50 59 59 51 33 22 15 0 52 91 99 89 32 7 83 71 38 76 3 80 74 17 36 97 40 71 77 28 87 10 73 13 88 38 61 39 96 43 95 20 76 21 87 22 32 12 56 93 56 45 32 64 89 32 31 40 99 40 53 40 10 41 7 94 42 64 51 11 42 46 25 28 95 28 5 79 20 2 40 14 70 8 77 32 65 48 23 37 ]
[19 98 98 71 31 53 76 87 20 70 35 21 25 36 40 59 85 74 25 78 0 9 74 90 36 38 14 63 1 48 62 17 26 98 19 80 0 37 7 58 64 49 96 50 39 19 33 83 50 79 79 97 42 56 81 4 59 6 78 46 24 58 15 72 15 94 63 8 21 90 93 77 42 1 87 79 58 18 57 86 91 50 41 29 10 91 42 96 84 72 59 31 38 72 85 48 43 43 90 55 ]
[68 71 79 0 92 54 80 98 34 35 94 22 1 13 18 96 71 92 57 56 50 0 37 72 94 54 19 69 96 59 64 72 1 45 81 18 50 54 82 56 12 12 33 1 70 62 76 34 99 55 92 58 86 31 0 98 77 94 84 91 97 13 72 5 71 23 76 20 72 14 53 42 24 38 38 45 44 37 48 30 0 14 44 55 30 41 81 28 57 50 17 83 49 99 54 30 25 58 97 52 ]
[17 32 85 31 47 95 40 96 30 15 92 31 31 65 52 56 73 84 25 20 55 54 0 94 22 37 97 16 56 64 27 0 42 84 99 63 32 3 91 14 20 70 40 82 95 89 23 77 88 51 98 69 10 61 0 94 93 60 6 94 97 22 83 27 44 31 60 65 65 10 63 1 92 17 75 68 23 73 6 29 76 72 3 43 94 63 51 97 74 86 14 19 19 40 59 56 68 85 93 77 ]
[46 48 0 81 2 41 77 57 43 99 40 22 71 50 29 94 74 22 44 4 27 18 22 0 88 59 80 68 25 97 59 78 58 52 3 90 17 60 50 21 37 82 70 2 9 92 2 3 65 76 71 40 43 71 91 87 4 84 72 66 2 74 28 97 16 0 63 28 88 44 56 82 48 76 62 83 2 37 80 8 53 64 50 9 78 96 74 16 63 42 54 31 96 26 66 45 38 79 85 98 ]
[73 13 2 49 6 49 67 70 13 71 97 95 72 63 33 99 32 18 99 42 25 67 68 27 0 0 14 12 18 92 65 63 50 88 75 93 68 63 70 59 5 79 29 6 91 74 69 45 15 52 87 18 84 17 22 7 60 92 13 88 79 97 23 2 4 99 20 12 44 60 34 56 33 77 53 84 32 49 0 47 39 42 19 35 65 20 27 97 88 52 9 71 84 76 85 61 12 80 35 58 ]
[35 26 81 15 43 79 69 8 60 89 36 12 90 89 58 6 51 80 86 82 69 26 72 93 77 0 59 24 18 74 90 10 93 16 18 25 9 33 86 39 67 21 80 91 90 4 90 11 9 83 22 38 73 21 44 9 65 80 11 38 16 36 31 24 30 81 96 70 5 94 19 70 9 93 92 8 97 25 0 59 51 3 58 2 22 50 51 9 58 52 65 66 5 3 95 59 12 69 66 91 ]
[25 80 91 26 93 60 68 74 70 74 66 89 47 28 48 58 41 48 26 32 74 72 74 70 70 77 0 97 29 35 91 12 35 31 83 60 22 68 47 53 1 23 73 12 18 81 31 30 50 34 56 8 70 42 33 43 11 88 75 71 44 89 0 62 65 99 57 24 33 15 46 21 46 27 26 72 50 40 19 51 10 61 19 46 73 0 25 95 98 4 12 71 51 93 44 10 84 20 8 80 ]
[38 41 58 15 67 96 66 42 79 75 29 6 83 49 28 28 86 25 76 18 89 0 60 30 16 42 99 0 82 66 70 65 34 9 92 51 33 40 81 15 28 39 12 32 68 1 68 86 65 87 25 43 55 39 21 56 17 60 83 90 75 94 7 5 59 61 82 30 45 84 11 2 24 16 62 89 30 12 75 60 83 25 35 60 31 71 3 44 75 35 58 2 6 73 22 40 4 47 61 91 ]
[31 27 17 10 37 70 70 62 30 0 77 11 58 80 97 21 87 79 83 56 76 53 7 31 2 19 92 25 0 28 77 29 34 93 75 70 93 29 92 43 28 26 24 13 91 80 61 1 73 14 75 75 11 62 81 55 77 0 8 20 62 85 88 20 33 92 22 39 17 52 17 13 78 57 7 81 59 65 58 98 77 16 29 93 23 18 75 19 75 66 40 23 48 59 43 42 84 43 34 5 ]
[76 98 48 52 94 21 79 69 70 78 19 22 33 18 71 53 2 16 2 8 11 33 27 25 91 52 74 98 21 0 1 84 22 12 91 56 61 5 1 68 56 71 67 16 73 76 69 51 42 67 40 19 51 17 99 67 76 22 68 54 37 41 64 63 84 50 16 41 52 73 8 74 49 34 41 38 53 35 23 85 1 24 57 24 64 14 23 61 46 76 50 73 47 46 16 81 27 14 54 30 ]
[0 95 40 81 96 19 26 27 82 88 28 66 34 40 45 36 2 60 81 58 21 22 52 7 20 26 91 3 15 23 0 73 30 29 99 73 50 29 13 91 53 5 23 78 61 98 5 54 88 14 51 29 1 34 55 10 84 62 95 65 3 91 60 30 90 82 84 67 13 53 35 71 8 80 65 34 40 44 38 58 69 97 56 82 10 32 24 97 50 14 72 32 65 79 14 98 66 66 1 66 ]
[41 71 86 8 2 97 47 10 70 76 83 11 38 14 29 88 94 3 13 9 69 84 72 96 75 92 90 98 89 46 45 0 64 30 69 86 87 78 9 47 38 15 57 17 15 94 5 60 2 34 68 5 51 4 24 92 98 52 16 61 26 49 46 73 96 25 95 15 29 74 8 16 82 1 55 93 85 33 49 1 50 75 97 71 53 97 12 74 46 89 79 47 6 86 5 44 6 45 1 63 ]
[56 37 18 69 56 3 63 13 80 70 53 65 11 1 9 53 21 21 16 80 21 64 78 94 22 26 80 64 62 10 76 28 0 35 3 80 70 31 30 8 22 99 58 17 35 75 90 29 70 6 8 86 92 98 37 18 3 82 93 31 38 62 75 67 93 58 47 60 33 82 39 85 82 29 54 26 90 9 14 89 4 14 21 9 73 21 2 44 16 49 69 22 56 63 63 74 49 39 62 31 ]
[84 49 94 75 18 5 38 24 35 2 38 54 63 67 33 28 24 82 24 0 73 81 12 18 20 99 39 4 83 28 78 74 84 0 84 60 18 5 12 25 52 48 99 86 35 37 46 11 0 74 33 49 64 48 79 82 42 84 35 1 81 88 14 55 22 47 68 34 73 38 69 59 64 44 69 72 39 30 46 61 85 84 76 7 55 24 92 13 14 81 35 91 72 17 4 78 51 9 58 0 ]
[36 11 70 28 49 20 48 93 11 34 56 87 39 6 52 59 9 49 46 6 94 2 90 66 19 41 8 11 76 69 14 31 93 98 0 70 39 9 48 0 65 82 24 60 12 98 17 77 2 80 82 26 70 84 91 85 95 80 36 36 28 91 99 77 80 62 65 23 77 61 21 83 99 59 15 25 31 83 67 27 32 44 18 55 66 8 24 34 32 72 81 67 79 7 19 16 85 9 7 53 ]
[51 98 62 25 31 35 8 84 87 74 91 68 70 85 69 31 50 64 69 28 14 60 26 4 32 58 31 61 46 54 2 42 15 81 90 0 66 42 12 81 41 47 62 28 79 88 53 96 57 64 19 96 19 65 70 4 53 0 80 59 67 55 6 4 43 8 99 94 77 86 40 45 21 28 44 60 43 15 13 43 95 43 99 23 25 70 27 0 4 33 72 93 73 80 46 79 40 45 88 3 ]
[53 96 79 5 32 12 82 77 68 68 15 71 44 19 8 96 22 32 88 39 74 15 48 74 11 23 87 62 86 28 68 93 63 68 17 69 0 8 51 45 47 42 49 3 12 26 20 78 86 97 9 94 59 21 7 30 66 36 47 99 24 22 94 81 57 65 14 86 9 88 62 4 65 19 47 75 70 98 22 51 18 23 34 6 38 20 21 56 36 37 0 90 77 16 15 7 79 5 4 6 ]
[11 75 34 13 79 93 38 94 66 77 88 86 49 42 26 0 49 74 40 48 9 68 75 94 86 62 3 95 67 56 19 40 65 91 76 78 89 0 73 16 94 28 34 4 85 68 11 66 96 99 23 71 38 68 41 25 59 96 56 66 49 54 45 65 94 98 89 21 81 46 89 54 1 24 18 4 51 35 38 65 97 83 19 1 7 72 92 88 19 69 87 45 45 37 86 52 8 51 32 80 ]
[74 35 66 59 29 32 63 94 54 22 48 57 59 71 20 51 75 52 6 85 19 91 3 12 56 49 47 1 59 41 25 87 63 49 52 6 83 47 0 0 5 33 89 3 54 66 74 99 30 30 24 13 50 21 30 24 45 46 57 77 49 28 24 84 69 45 35 27 94 52 38 2 20 49 53 21 17 97 97 50 71 96 55 58 11 78 23 3 9 3 88 70 64 99 14 29 26 6 51 63 ]
[30 80 17 74 46 29 37 66 89 27 48 84 20 17 16 37 64 80 9 54 11 14 42 18 15 73 26 23 54 59 62 96 70 11 6 84 83 83 60 0 94 3 86 57 16 37 15 94 16 78 37 68 92 74 5 9 99 71 1 17 4 24 29 58 85 97 23 81 43 9 49 73 95 0 71 12 44 48 69 32 72 48 29 85 59 84 96 17 65 78 10 50 62 16 34 92 65 35 30 61 ]
[35 78 9 4 61 36 37 16 96 77 2 10 15 42 12 87 65 46 0 83 67 82 48 26 6 8 42 89 99 59 75 17 79 13 20 14 6 63 99 77 0 52 16 26 13 38 65 75 3 44 82 16 82 5 45 6 18 38 21 84 84 52 38 76 83 8 16 95 20 71 96 92 39 20 90 82 85 89 76 20 25 66 83 77 20 71 89 72 1 7 41 56 75 43 86 9 4 90 1 26 ]
[72 66 64 4 66 12 71 28 28 77 21 78 78 37 71 1 74 16 75 34 50 28 51 61 83 34 62 73 72 90 17 85 87 74 41 12 78 36 41 77 46 0 37 78 1 54 64 98 30 82 42 20 81 22 54 18 83 67 42 61 20 79 10 74 10 57 57 87 58 32 52 76 49 36 53 35 55 77 70 21 5 95 73 30 7 33 30 83 97 81 23 43 70 25 94 97 21 37 19 25 ]
[47 91 70 96 38 50 70 86 0 23 86 82 38 45 99 91 17 96 6 39 57 38 83 89 36 81 91 81 5 34 28 24 83 93 39 27 8 81 3 44 89 63 0 87 21 25 23 66 17 59 90 51 91 43 11 10 76 52 44 46 61 66 51 90 33 43 42 45 58 61 96 44 56 82 92 54 78 67 74 84 59 50 98 42 77 77 22 38 27 50 49 50 42 93 9 33 50 59 16 47 ]
[71 93 75 82 27 37 1 21 14 64 78 82 48 24 76 17 29 90 86 73 55 97 88 3 58 45 42 62 38 46 51 22 70 51 90 0 79 2 44 38 96 89 77 0 73 1 8 48 22 14 22 64 26 8 20 46 38 11 47 20 63 94 56 33 50 19 91 71 63 58 87 14 92 64 63 53 71 35 28 95 23 38 99 21 54 95 26 57 8 7 85 99 83 81 77 11 50 93 96 18 ]
[6 37 95 39 94 23 45 48 59 99 37 30 87 45 73 37 93 42 60 67 95 28 54 70 21 86 25 17 92 43 80 40 64 77 37 11 89 30 85 47 50 80 84 97 0 84 6 96 19 52 16 86 29 25 86 86 41 62 58 55 12 76 38 78 66 81 34 88 45 73 42 93 30 13 55 24 4 67 39 35 18 24 86 81 84 69 16 28 23 94 72 79 5 63 14 78 28 35 49 37 ]
[31 27 31 71 91 49 75 98 88 44 12 56 77 69 14 87 94 71 92 27 40 37 36 18 68 29 41 86 72 41 82 13 82 91 94 95 41 87 55 45 93 28 53 56 6 0 80 94 45 93 12 70 5 56 70 53 34 26 16 70 31 54 13 73 49 82 59 60 44 2 98 64 35 82 33 92 76 17 95 92 67 87 84 52 58 89 33 56 25 47 24 97 71 24 68 69 48 5 12 8 ]
[69 19 55 17 10 38 72 58 83 55 65 34 93 89 96 2 61 45 80 60 57 86 61 96 54 58 73 37 9 31 4 9 9 56 61 76 68 15 33 93 97 25 12 53 39 97 0 64 57 1 55 20 13 98 9 55 84 98 53 93 21 44 87 88 51 46 57 73 75 36 61 61 40 11 72 20 40 12 42 49 99 43 16 66 86 72 87 3 84 94 14 64 93 81 25 10 82 17 50 7 ]
[67 84 60 90 23 62 54 47 40 52 60 18 2 93 75 93 14 14 86 22 0 34 79 33 68 12 62 88 85 66 10 49 2 1 6 5 62 13 52 22 91 4 22 49 99 4 49 0 27 64 14 84 40 7 87 99 24 68 29 77 17 16 91 45 58 38 49 78 79 78 48 76 82 3 46 52 3 47 66 67 1 54 56 3 68 31 22 64 82 92 20 4 49 83 82 9 19 49 68 10 ]
[54 37 62 92 38 56 26 42 2 85 59 93 32 51 56 61 61 34 96 58 90 19 88 14 70 30 97 45 87 14 47 1 34 30 94 59 0 52 22 19 21 14 33 32 55 15 58 45 0 64 32 95 2 84 85 65 26 55 22 5 87 70 2 5 2 50 80 10 68 19 86 97 70 92 6 13 16 77 70 56 17 75 49 98 36 28 10 78 97 81 75 5 30 22 58 52 74 61 45 0 ]
[84 36 45 2 80 51 93 75 90 28 42 99 4 23 95 8 16 59 93 5 41 12 97 53 16 94 16 65 79 9 97 76 87 35 61 72 47 32 23 19 90 9 80 35 83 23 82 77 20 0 95 0 35 2 92 74 8 1 28 11 53 99 34 20 89 17 60 86 30 87 65 3 16 1 43 23 55 42 4 99 97 55 0 97 35 8 6 65 67 71 57 80 23 7 95 3 68 36 47 17 ]
[66 73 63 32 65 36 70 32 79 85 25 39 17 5 78 0 92 61 79 61 72 76 94 53 60 1 83 13 28 27 46 72 47 38 76 16 12 34 28 3 89 32 9 46 74 64 73 1 14 47 0 88 46 10 70 90 3 40 47 61 17 26 22 6 71 72 95 14 19 11 74 28 49 60 93 5 46 21 18 31 52 20 65 41 92 50 54 15 73 77 47 12 83 7 21 96 68 0 81 73 ]
[54 86 2 74 87 10 17 37 74 76 1 37 90 96 17 51 27 46 39 41 56 94 49 79 91 55 5 59 73 93 73 76 15 1 59 55 76 61 7 65 99 93 88 78 32 60 32 82 24 57 28 0 46 30 48 32 3 55 99 83 3 22 50 46 72 78 40 40 70 82 4 62 90 94 14 12 57 76 64 10 31 17 44 92 59 50 33 13 10 81 8 88 17 1 66 53 66 75 33 56 ]
[31 1 28 61 15 3 99 56 66 78 4 87 9 1 44 45 78 72 33 34 27 95 66 4 99 44 28 22 85 29 18 5 76 26 77 12 26 97 30 18 67 70 41 61 47 72 31 35 91 84 54 83 0 32 32 97 7 60 53 57 15 36 12 88 30 50 24 91 1 38 48 70 41 19 29 14 42 95 23 60 49 91 6 12 22 84 4 30 50 18 85 60 30 44 54 7 41 88 21 96 ]
[93 8 40 53 62 9 35 68 96 41 65 33 45 4 18 79 65 1 97 66 22 89 25 41 55 85 46 42 49 38 41 60 56 86 7 73 36 12 23 36 90 73 88 89 59 69 18 99 20 45 40 68 8 0 26 87 80 96 43 82 49 29 18 98 5 43 1 50 12 74 72 82 84 14 40 90 89 44 42 70 90 42 78 85 73 34 36 20 96 60 20 76 80 47 13 28 71 20 56 88 ]
[86 93 58 75 77 18 76 86 81 87 53 11 7 12 92 2 35 50 92 59 58 93 97 45 96 98 42 68 74 63 9 24 78 10 95 38 11 35 89 31 63 79 16 19 40 63 87 24 54 78 12 56 44 23 0 27 50 41 32 40 41 48 93 69 1 47 84 49 94 7 70 9 35 14 38 80 27 90 18 48 9 33 79 90 22 12 18 66 48 54 28 58 32 31 13 8 1 86 46 96 ]
[90 20 31 96 90 5 88 59 92 20 13 67 33 21 59 95 83 97 2 81 52 21 90 49 75 76 91 17 20 43 70 85 48 36 90 97 35 12 55 59 93 97 82 21 83 99 73 91 13 96 98 33 78 20 3 0 86 17 0 93 92 19 81 86 44 3 9 9 1 22 71 91 42 10 10 12 94 8 34 95 38 55 81 94 80 97 95 82 99 59 45 26 54 36 47 38 85 86 87 49 ]
[20 10 62 4 5 75 85 67 31 55 90 39 41 57 39 25 37 61 5 25 14 82 50 6 85 23 44 82 85 76 95 46 79 32 58 59 0 82 26 58 68 92 58 76 93 98 9 1 18 82 63 45 43 51 64 45 0 30 6 44 49 66 27 52 24 72 86 39 60 48 95 9 83 25 63 94 5 84 52 69 46 85 98 41 28 28 44 60 62 57 87 25 44 45 71 31 18 35 95 53 ]
[71 77 75 22 83 73 72 59 0 27 69 10 89 93 10 67 78 12 44 78 96 63 28 40 59 78 29 44 5 80 96 61 50 34 38 9 74 88 93 72 4 44 16 68 61 42 51 40 24 20 15 1 57 72 41 99 22 0 76 29 40 41 23 79 94 80 26 7 9 30 70 55 12 52 0 46 40 59 0 43 57 49 37 33 87 39 61 36 14 48 77 45 20 36 75 90 62 80 98 12 ]
[16 78 44 74 32 92 4 98 59 18 1 22 81 39 36 59 14 44 1 62 69 82 84 42 39 69 98 78 48 50 79 24 87 79 10 13 39 51 14 34 49 94 51 55 4 76 46 24 48 75 62 77 52 95 8 53 19 56 0 45 79 99 73 79 7 39 34 54 82 35 17 90 86 27 17 56 24 51 51 28 95 93 12 79 27 96 26 50 29 19 15 17 85 55 3 6 79 17 16 38 ]
[15 73 31 63 1 24 21 89 26 92 4 13 13 4 40 85 98 70 87 5 72 89 39 99 9 67 54 26 53 34 31 40 88 23 53 89 27 22 52 44 43 83 0 80 70 79 68 94 72 42 89 22 47 57 82 99 98 4 84 0 95 76 94 0 16 43 43 97 12 38 7 1 99 85 74 20 84 28 8 26 47 97 12 49 97 11 80 67 49 39 50 81 53 17 95 79 53 61 97 92 ]
[91 8 57 74 54 56 12 4 21 52 12 5 83 52 3 88 55 19 20 79 2 26 23 10 8 81 2 51 40 38 80 3 22 85 86 77 23 27 14 63 96 94 69 76 87 12 2 80 12 6 84 29 92 59 84 61 13 13 78 93 0 5 20 80 91 99 65 90 71 38 57 69 9 2 0 4 31 91 51 34 36 63 67 89 64 58 7 29 81 10 84 67 4 47 14 15 44 76 76 22 ]
[66 67 69 90 65 2 22 4 60 94 84 76 70 69 9 70 74 21 66 31 29 21 59 75 87 38 19 92 38 51 11 78 28 48 14 27 54 78 45 33 22 84 49 42 96 80 6 15 74 79 25 41 33 18 91 69 82 71 70 42 57 0 75 23 63 85 0 69 58 26 65 44 84 90 84 66 39 11 26 76 42 73 55 9 67 55 17 97 47 61 18 2 66 90 72 40 29 47 80 93 ]
[8 36 81 8 91 29 22 30 92 79 11 52 98 70 97 38 63 88 19 90 48 49 9 62 42 30 95 57 79 72 22 81 21 7 66 75 66 9 77 47 10 46 39 94 40 83 30 90 87 50 32 15 66 39 11 8 73 99 13 98 66 55 0 27 66 95 96 48 43 43 56 27 48 46 29 92 55 29 54 33 42 61 85 91 2 41 84 53 55 78 81 63 48 42 69 26 12 56 15 12 ]
[79 17 82 38 3 48 30 47 85 73 83 9 8 66 4 46 70 80 94 30 67 91 0 79 80 29 21 70 44 97 48 25 35 94 96 56 2 97 83 44 93 14 92 11 16 17 42 80 32 14 54 79 32 39 71 99 38 33 18 22 56 7 44 0 70 74 69 24 41 65 29 91 23 70 14 12 66 52 89 97 19 55 93 13 35 26 39 20 42 82 29 78 47 41 66 73 70 19 42 25 ]
[49 58 6 68 58 21 91 67 86 44 5 4 11 97 79 91 86 32 27 22 2 75 19 98 56 5 3 52 12 56 8 35 51 69 19 38 88 80 26 92 37 41 24 43 61 51 31 33 12 15 0 39 30 98 76 2 30 14 50 79 3 23 64 34 0 36 95 93 61 59 64 31 60 49 17 5 74 69 0 17 58 94 40 39 46 45 85 32 94 27 98 21 19 77 83 0 53 51 41 86 ]
[72 5 53 16 18 21 74 74 90 73 75 67 81 91 89 63 42 17 30 49 59 70 16 77 44 60 62 92 30 17 54 18 93 1 16 78 1 19 95 60 12 28 53 58 64 50 75 73 82 90 90 24 52 47 14 94 18 50 37 24 74 68 96 68 20 0 8 8 94 58 92 33 6 36 31 40 95 76 57 27 42 22 42 41 17 95 4 59 95 56 76 44 10 9 39 74 89 13 62 81 ]
[81 8 84 90 14 68 16 10 70 71 30 90 4 79 27 71 34 32 81 21 84 33 15 96 47 73 93 53 99 85 44 51 38 64 92 67 12 64 78 81 2 79 55 18 90 80 70 58 88 59 71 0 45 49 80 48 67 97 73 77 47 24 95 79 27 45 0 34 92 55 54 34 10 51 26 33 97 44 89 79 59 76 59 36 62 96 16 49 67 55 48 33 38 29 88 14 5 48 12 52 ]
[18 9 22 87 44 16 14 59 92 47 21 49 73 30 41 75 55 94 46 19 12 57 79 40 80 5 83 16 77 76 96 27 15 88 45 76 83 31 51 79 54 45 5 19 58 38 50 22 66 11 38 96 64 51 28 43 22 17 40 0 73 59 72 98 88 64 16 0 16 93 43 26 25 31 29 76 98 55 68 73 53 35 31 71 89 67 38 91 55 1 85 90 57 98 58 37 52 72 40 83 ]
[28 93 66 68 68 11 73 28 57 4 1 92 16 99 86 79 55 59 45 52 8 29 99 67 45 84 18 35 4 37 37 18 74 86 61 99 81 28 97 4 77 46 98 26 32 25 99 65 29 57 93 60 31 46 10 75 46 67 29 79 98 61 7 95 96 2 57 43 0 2 78 96 84 43 71 22 28 37 99 55 49 17 20 67 68 40 83 37 81 78 39 51 2 9 42 89 50 5 82 51 ]
[82 72 60 58 18 53 84 28 47 60 72 67 83 20 25 15 96 26 40 63 11 53 0 96 59 79 65 42 16 28 26 97 79 65 2 21 41 23 32 24 3 4 30 40 62 59 74 53 43 16 60 99 9 14 15 14 43 30 14 1 81 50 4 21 3 38 64 75 14 0 47 57 89 57 8 10 7 8 30 64 83 55 79 32 74 90 26 58 23 12 65 10 85 63 82 90 68 80 62 67 ]
[13 77 9 11 87 49 42 1 73 66 12 3 46 96 59 16 80 14 12 97 95 86 39 58 81 45 92 88 23 89 67 92 42 83 15 41 54 17 36 78 12 64 44 18 98 98 38 78 6 28 74 88 69 28 58 89 78 83 2 67 95 15 16 74 71 65 51 65 62 70 0 53 94 98 15 91 41 44 62 19 34 30 7 93 77 30 19 9 54 31 81 17 40 78 90 27 69 46 61 21 ]
[75 12 5 12 12 97 13 68 66 38 70 87 38 59 57 50 84 9 1 1 14 89 91 25 84 84 70 36 15 93 30 77 43 9 52 51 71 8 44 85 61 83 97 89 25 98 35 16 17 50 72 80 56 66 11 65 27 99 59 42 85 38 21 61 44 15 87 30 69 3 94 0 96 72 95 93 44 92 66 61 0 67 23 58 94 76 9 32 81 4 14 20 46 3 8 87 16 39 50 99 ]
[43 41 16 87 17 11 81 2 14 70 97 54 50 65 22 36 16 40 20 64 78 78 36 0 56 18 20 49 15 55 67 37 61 1 38 40 53 19 62 79 10 32 84 31 80 14 47 55 55 70 0 85 60 96 3 14 58 54 83 19 32 83 64 26 25 37 80 84 13 60 63 19 0 71 84 72 83 62 78 5 2 39 76 96 24 94 21 50 61 10 71 89 34 35 92 8 17 47 7 7 ]
[29 82 75 7 64 20 34 29 68 57 52 14 22 26 17 61 59 12 69 3 25 80 62 91 75 62 56 71 3 48 51 74 81 59 67 34 78 81 72 45 18 6 88 79 24 4 95 35 33 78 3 53 28 35 85 18 6 88 73 51 6 15 86 39 47 38 67 63 32 19 45 81 74 0 61 51 28 84 2 19 68 10 70 66 41 97 78 28 50 63 6 96 26 73 22 82 70 20 71 55 ]
[23 61 93 26 93 48 86 95 17 90 8 80 21 12 10 21 75 45 19 37 79 58 10 66 98 84 80 1 60 24 33 39 46 97 62 46 29 30 13 99 28 32 31 46 18 30 92 13 77 29 23 9 68 69 52 25 36 84 95 62 89 19 55 90 52 27 92 70 37 12 50 43 38 98 0 8 19 33 99 90 28 59 41 84 32 99 62 98 15 37 99 51 78 20 75 76 83 68 22 28 ]
[81 97 69 42 84 96 49 47 29 39 91 99 53 63 16 73 62 78 74 46 98 61 61 46 53 91 79 72 3 55 41 97 52 75 22 19 51 75 43 75 89 10 54 38 33 60 7 15 5 82 71 44 0 68 3 95 32 93 50 74 0 59 58 39 29 67 50 36 25 41 61 23 61 53 63 0 17 26 81 90 23 12 71 27 90 6 91 82 28 19 70 96 19 57 15 96 14 21 29 16 ]
[51 14 38 28 74 9 46 29 40 8 15 63 67 92 69 68 49 51 4 16 10 50 83 41 47 99 27 98 25 67 0 79 24 31 85 50 46 79 77 23 47 70 68 17 71 67 99 41 76 3 76 31 8 49 34 95 26 65 24 63 20 82 20 86 77 98 53 46 33 68 95 16 64 16 64 11 0 53 56 33 65 54 8 13 43 92 73 68 79 12 70 46 41 12 19 76 30 54 83 1 ]
[88 52 88 36 87 97 78 93 23 81 37 70 91 63 14 4 69 19 96 60 58 5 51 36 71 74 56 15 33 75 76 42 66 25 4 38 35 57 40 58 77 60 35 50 90 66 56 59 6 35 36 44 25 39 78 27 83 70 74 68 83 78 43 93 52 69 12 43 16 17 20 68 43 79 92 28 87 0 2 34 56 46 8 87 18 13 79 94 22 73 61 61 29 95 30 90 54 25 35 86 ]
[46 50 63 84 19 81 19 39 41 26 59 63 78 12 78 17 76 80 8 1 6 91 12 0 18 50 83 13 21 32 58 73 27 92 46 88 63 53 35 40 4 38 17 31 78 98 40 89 61 30 54 61 86 28 16 17 77 60 24 35 47 87 88 47 55 3 6 0 78 30 25 29 28 75 42 71 2 73 0 69 47 14 65 11 54 91 26 90 55 39 40 60 54 93 19 55 59 90 21 45 ]
[82 2 60 91 89 5 67 18 28 13 13 39 46 71 21 2 11 98 70 83 43 86 4 22 87 28 83 93 29 23 60 61 43 81 45 96 2 64 27 38 36 59 65 80 6 37 37 48 79 25 15 91 81 8 84 98 9 45 2 29 71 55 3 94 11 49 83 90 19 89 98 61 90 54 88 40 70 55 9 0 71 96 59 16 0 54 66 92 28 78 5 4 10 72 10 24 35 60 75 73 ]
[38 89 38 60 29 17 50 96 53 73 1 30 86 73 47 0 2 24 23 59 93 96 24 94 24 34 96 26 7 10 49 97 17 79 95 68 89 89 2 45 66 45 84 94 27 0 62 46 78 91 74 33 96 17 77 65 94 17 0 82 12 33 99 36 97 50 21 86 46 21 66 94 7 26 47 52 83 85 74 65 0 60 37 82 10 58 12 89 50 32 93 1 56 64 25 96 90 31 36 93 ]
[31 61 92 52 53 44 71 10 19 52 62 56 81 94 76 14 41 61 4 57 96 1 78 96 61 11 14 17 65 40 61 35 0 57 76 42 75 89 50 11 22 71 58 66 33 11 40 78 8 18 88 45 84 22 86 43 40 79 76 77 36 78 13 37 52 19 99 70 27 82 40 34 32 6 62 82 71 44 6 44 69 0 52 86 31 82 4 88 65 82 89 8 77 97 8 93 5 35 61 24 ]
[93 69 46 42 95 20 90 52 30 68 38 9 60 3 92 80 99 15 40 43 98 30 85 26 73 46 67 85 1 17 9 51 14 12 72 78 70 96 16 23 49 64 9 2 0 17 98 98 58 82 2 0 18 56 77 50 33 25 40 85 44 75 61 17 75 80 90 21 26 44 68 40 1 79 77 91 30 41 44 32 76 3 0 11 28 75 62 82 44 10 69 13 79 22 2 61 41 50 58 32 ]
[39 80 44 58 46 23 78 12 54 65 78 97 11 88 33 30 35 2 38 10 26 70 41 81 40 8 47 12 93 23 57 39 66 5 8 91 65 67 23 91 50 30 0 24 38 42 90 78 80 84 10 40 24 84 35 76 57 33 23 76 22 22 94 32 81 5 54 73 81 43 51 43 82 88 70 54 63 81 84 21 46 29 10 0 26 32 56 13 18 45 47 22 64 51 34 91 10 0 3 63 ]
[4 27 73 87 93 32 45 58 68 25 45 83 97 6 46 87 59 31 75 86 5 94 3 36 5 42 2 24 86 72 29 61 17 81 73 10 86 81 55 22 43 19 54 9 85 20 37 49 15 67 13 71 2 48 22 25 1 10 27 69 20 79 22 11 63 69 33 62 79 10 81 15 96 84 35 81 28 20 0 42 40 47 44 77 0 71 24 24 74 9 34 39 35 45 87 10 94 43 53 97 ]
[84 17 81 20 2 44 63 35 57 91 16 25 70 5 15 4 62 33 7 77 6 30 23 58 56 17 80 26 54 71 84 3 53 14 87 87 86 5 99 5 46 82 14 49 73 5 85 97 35 91 68 30 59 60 57 33 78 19 27 25 42 91 65 52 96 71 8 78 84 9 12 52 33 13 31 16 6 64 64 71 25 56 88 23 42 0 34 45 45 80 72 37 36 7 6 56 52 92 69 57 ]
[17 18 95 13 19 47 24 41 4 68 2 13 46 67 41 54 35 88 71 94 56 97 53 40 95 70 81 68 59 76 22 9 8 56 66 9 25 68 79 34 27 5 67 80 10 66 54 5 96 52 73 84 40 87 98 16 12 24 25 51 64 82 61 80 68 46 45 72 75 63 60 93 40 1 39 81 96 29 64 38 45 58 58 43 41 58 0 70 34 49 98 3 47 38 59 78 56 84 86 53 ]
[40 78 26 93 28 3 38 91 57 44 18 18 4 10 21 22 90 57 33 71 3 98 15 68 38 93 49 74 75 15 90 32 24 48 52 26 69 56 31 40 77 1 66 13 72 63 70 88 29 7 32 61 83 36 60 91 81 77 13 66 65 40 38 81 85 9 33 8 98 75 98 9 20 59 45 25 84 78 14 32 22 46 95 95 0 36 97 0 65 13 51 45 53 91 22 70 96 85 83 58 ]
[74 87 99 75 10 11 89 95 40 3 93 3 29 82 11 91 71 92 48 65 78 53 53 33 74 23 71 14 30 30 75 58 32 49 55 26 10 4 59 81 3 27 35 82 15 40 44 98 18 34 69 58 77 77 48 4 53 90 20 11 80 37 46 48 31 60 23 71 45 36 52 30 13 62 96 63 77 82 35 73 19 52 76 3 43 96 9 45 0 27 90 96 15 35 24 85 42 32 35 55 ]
[77 32 37 89 80 49 61 82 92 71 12 27 29 21 61 60 47 23 51 25 45 7 52 31 79 97 16 22 15 15 14 7 56 30 24 63 92 36 52 49 79 13 7 27 38 48 96 75 84 68 17 2 3 96 74 38 58 89 96 12 54 66 17 12 32 97 22 29 26 19 23 5 36 66 30 30 64 17 57 40 84 31 4 80 90 23 26 13 71 0 36 23 74 40 98 25 87 31 29 46 ]
[35 86 3 0 91 55 16 99 7 57 25 18 83 1 97 8 28 67 38 91 25 61 49 51 40 89 9 13 84 78 1 52 92 49 35 14 54 44 18 68 43 65 75 20 9 91 15 53 70 58 64 86 52 84 36 87 0 15 78 34 70 46 38 11 30 97 62 47 94 82 55 71 18 23 49 54 69 79 49 17 84 6 8 77 40 23 17 60 47 92 0 81 51 80 98 12 26 73 6 68 ]
[21 84 67 45 25 2 75 25 60 84 80 39 77 94 2 60 18 23 10 64 21 8 14 94 16 96 82 75 68 98 97 68 95 50 41 70 3 31 92 34 46 53 33 99 15 89 64 13 7 30 99 96 1 47 80 65 82 92 57 89 31 31 12 78 48 4 44 21 86 44 58 28 72 30 68 78 42 18 31 8 95 73 11 75 59 85 64 78 47 84 5 0 95 10 58 37 49 51 80 4 ]
[45 31 26 53 5 26 86 29 6 36 1 11 54 65 68 16 37 1 46 33 46 70 83 10 7 32 29 89 38 58 26 95 53 5 58 60 45 3 35 10 93 65 82 24 74 39 51 91 14 10 69 59 61 80 76 16 15 65 45 38 45 9 30 80 80 80 24 64 55 74 9 30 65 1 78 65 78 73 19 55 95 72 86 6 61 80 33 83 14 7 8 90 0 7 99 44 31 39 10 11 ]
[62 94 8 29 43 23 87 82 31 25 55 69 32 91 60 20 23 48 77 58 50 68 18 89 10 77 97 51 3 86 13 90 51 83 99 17 95 86 96 81 42 26 67 0 23 98 94 61 10 37 64 36 87 68 82 60 93 32 86 73 62 17 44 73 5 78 43 81 46 88 19 44 55 36 43 84 33 33 17 26 95 12 14 0 2 66 15 20 94 19 53 71 99 0 98 87 78 71 29 76 ]
[45 13 11 1 55 79 78 56 84 4 11 69 26 48 1 69 65 29 71 36 48 15 89 57 92 60 99 1 84 5 58 36 48 72 7 66 30 62 0 9 19 43 99 28 45 38 7 56 26 11 52 47 83 66 26 72 11 25 34 92 71 7 44 72 42 72 71 93 12 87 51 94 43 49 10 88 67 77 58 17 13 68 0 44 17 10 8 16 67 59 57 40 61 15 0 47 71 53 10 49 ]
[35 15 39 35 63 72 64 26 17 17 91 11 7 55 52 74 13 3 75 15 10 96 68 95 5 41 12 65 35 82 70 45 0 50 15 56 53 42 68 18 78 78 48 78 67 20 55 54 59 75 44 96 36 87 74 16 23 6 1 58 97 75 83 53 25 49 35 35 28 71 13 72 40 3 97 74 59 70 53 95 11 59 46 78 65 17 57 67 14 77 2 5 25 63 67 0 19 24 53 0 ]
[60 12 48 56 44 60 68 18 17 9 97 63 98 51 48 5 10 97 91 45 26 31 84 2 17 67 56 14 76 30 35 69 42 92 97 93 23 25 65 74 89 9 21 83 49 54 42 67 97 13 49 13 9 34 17 10 64 34 99 37 52 17 49 33 64 84 41 69 57 63 61 67 48 39 65 62 39 56 59 40 92 8 87 48 27 49 73 75 90 2 77 79 87 47 86 42 0 30 7 10 ]
[14 27 48 96 94 74 89 82 17 8 29 11 42 39 2 74 81 21 71 89 54 15 17 22 5 78 78 74 39 91 91 28 21 39 73 60 64 85 63 69 20 54 96 21 1 31 53 26 36 95 60 23 39 42 40 13 25 68 43 81 92 77 76 73 29 11 82 66 85 67 5 29 4 9 11 10 27 11 51 55 20 59 70 0 58 5 47 27 55 81 33 49 2 0 74 5 35 0 55 8 ]
[59 36 76 54 65 21 67 35 45 90 60 83 66 27 77 97 20 16 74 60 18 59 17 15 41 74 9 34 6 96 60 39 85 2 50 44 66 2 93 19 63 17 15 89 46 18 8 62 81 28 28 96 72 19 45 46 87 45 4 88 16 93 78 69 48 23 80 70 90 94 86 45 82 70 39 11 47 84 72 55 39 37 63 41 73 89 80 88 17 21 55 58 13 70 6 94 82 62 0 48 ]
[39 9 13 7 37 68 69 68 88 24 14 74 14 91 86 46 28 22 31 96 54 94 44 19 10 7 60 13 80 85 86 85 61 16 64 20 91 54 48 36 87 72 51 94 54 94 40 74 59 46 10 24 79 91 99 37 96 74 55 93 64 90 25 50 40 90 8 58 44 9 37 0 93 98 65 5 52 55 23 11 58 15 17 10 64 29 79 36 19 74 97 38 62 95 97 39 17 51 37 0 ]
];
