nbGenes = 40;
preference = [[0 88 12 97 91 6 57 93 32 49 37 38 3 77 92 44 21 75 39 11 33 59 0 38 68 16 37 44 88 4 82 87 34 73 38 71 31 54 88 6 ]
[59 0 91 69 89 23 60 15 3 85 69 74 88 14 97 63 12 70 4 24 64 73 57 58 81 90 87 97 36 28 47 87 61 17 40 37 77 21 57 51 ]
[38 41 0 31 71 62 18 41 24 77 43 45 29 24 27 84 14 72 18 59 18 43 49 47 34 86 58 25 45 60 98 64 91 89 51 81 0 57 9 63 ]
[46 63 68 0 19 36 85 31 90 19 27 70 77 57 51 34 63 46 89 55 28 31 44 96 36 48 91 58 10 73 12 6 37 63 82 76 99 22 6 9 ]
[37 49 62 47 0 56 9 87 49 36 96 76 57 60 71 55 73 68 85 2 81 91 30 72 76 75 11 81 28 39 28 6 17 11 29 29 89 35 39 99 ]
[43 69 15 53 50 0 34 7 4 68 80 3 24 3 72 72 59 74 46 90 42 84 28 59 23 27 48 6 36 56 68 25 3 29 64 73 37 77 9 66 ]
[86 49 69 33 43 71 0 19 96 31 16 71 25 13 76 3 78 6 14 93 18 35 42 90 33 61 66 62 5 55 28 90 90 62 92 68 71 27 8 88 ]
[51 50 5 6 62 38 45 0 38 41 70 59 0 75 35 30 12 94 86 12 56 95 25 24 34 41 48 22 74 17 63 68 19 13 73 54 12 52 82 78 ]
[90 93 69 39 83 17 84 41 0 38 59 9 75 51 75 62 49 22 36 48 73 52 5 69 66 99 38 57 79 50 2 62 71 10 87 99 51 97 28 70 ]
[49 32 53 3 80 1 46 40 37 0 75 83 91 76 28 36 12 0 29 47 44 94 23 46 45 65 69 14 13 5 97 56 21 76 73 51 7 59 77 40 ]
[25 44 28 48 1 14 61 30 63 91 0 64 30 73 76 73 39 11 7 19 9 9 33 43 8 23 32 3 49 93 80 96 26 49 19 18 80 91 95 20 ]
[98 67 14 30 34 32 3 95 4 39 73 0 33 26 85 75 87 67 86 36 97 43 47 76 67 91 10 56 84 58 32 51 28 28 93 22 42 24 54 94 ]
[81 18 11 41 99 74 82 71 77 72 47 96 0 52 52 85 3 29 16 7 5 33 22 9 7 72 39 50 49 83 9 13 73 50 98 1 91 57 59 2 ]
[52 38 6 78 83 35 24 69 87 71 42 63 78 0 28 21 71 29 34 21 42 62 83 96 59 46 79 65 11 30 9 75 45 6 31 7 67 12 85 56 ]
[85 24 49 21 45 21 55 19 4 40 94 27 14 57 0 84 21 85 95 55 7 71 33 66 56 78 69 89 88 91 88 97 63 25 43 20 48 18 5 98 ]
[98 28 14 86 59 33 85 8 17 90 80 65 23 56 46 0 62 11 43 88 17 72 36 37 4 43 96 62 1 5 64 68 87 79 90 94 52 36 17 42 ]
[1 6 34 78 84 43 38 37 59 45 1 19 81 97 43 55 0 48 17 54 90 74 0 25 26 94 13 1 88 26 64 53 6 53 99 56 39 93 88 51 ]
[6 58 3 10 80 42 17 76 36 72 86 59 81 45 62 41 35 0 42 11 41 72 82 16 37 67 85 72 0 60 90 78 97 4 63 23 72 10 42 35 ]
[30 62 58 23 39 88 48 32 11 96 49 85 61 98 86 79 41 64 0 13 43 30 98 83 60 33 63 63 48 28 6 49 74 61 54 63 21 41 90 52 ]
[95 93 47 80 63 42 3 58 2 82 49 53 96 21 7 69 19 82 39 0 35 79 90 64 25 48 5 96 5 9 93 3 56 97 58 8 21 93 53 33 ]
[87 12 53 19 31 85 14 24 58 1 49 2 2 45 26 96 7 5 53 89 0 31 65 25 47 58 54 54 2 81 11 15 35 1 84 29 30 80 85 62 ]
[69 9 99 19 13 98 23 48 84 91 89 84 18 66 17 0 11 95 14 81 37 0 28 27 72 71 30 87 37 4 12 18 41 89 57 44 61 72 14 22 ]
[15 96 94 43 75 96 17 67 25 57 24 48 9 35 61 5 51 90 67 2 97 52 0 47 57 81 29 25 21 71 42 20 93 19 76 15 36 54 14 82 ]
[94 17 27 94 46 40 24 63 85 25 41 22 67 61 78 41 74 67 76 35 2 81 34 0 51 15 44 37 42 60 74 14 39 53 96 2 6 87 52 23 ]
[32 39 14 25 58 71 32 93 91 16 54 54 59 12 33 24 37 58 24 86 13 78 5 23 0 46 14 64 1 84 24 63 34 48 78 86 51 68 28 38 ]
[59 42 88 83 32 64 0 6 49 62 0 14 51 30 8 8 2 45 1 62 82 76 5 21 51 0 90 37 22 20 83 54 41 36 91 17 31 8 59 91 ]
[2 87 14 0 72 62 5 84 23 6 70 62 48 3 40 96 78 84 30 4 67 48 24 46 2 32 0 68 46 33 35 15 90 49 91 45 18 28 57 69 ]
[79 63 43 60 7 56 62 63 72 78 80 75 17 28 42 76 90 81 74 68 60 91 36 39 55 42 0 0 52 21 9 63 92 10 22 75 70 0 64 4 ]
[86 63 23 14 91 32 5 0 4 45 16 28 35 43 62 56 86 97 47 46 48 42 71 21 59 92 78 61 0 82 41 58 4 88 41 57 9 66 73 31 ]
[54 63 59 57 7 8 21 81 48 12 91 12 62 37 87 70 6 51 27 53 56 12 32 81 75 59 0 19 30 0 95 48 18 6 74 53 66 62 48 37 ]
[52 36 75 73 19 45 1 56 33 69 2 43 6 5 92 57 52 25 83 85 81 4 47 80 52 35 68 59 57 7 0 22 91 41 56 93 16 18 21 51 ]
[46 46 70 93 67 11 16 43 89 80 63 85 66 81 39 84 16 64 50 54 0 28 51 3 18 33 55 64 6 95 29 0 40 38 45 12 97 26 65 25 ]
[0 94 99 78 22 48 65 51 90 61 60 33 52 81 12 14 72 99 79 15 76 20 3 74 81 85 50 47 43 24 13 72 0 60 78 10 26 10 49 69 ]
[22 86 72 85 64 79 71 45 97 7 34 67 44 27 3 68 66 1 21 75 87 2 85 76 87 96 86 47 62 66 37 82 84 0 8 84 52 49 56 8 ]
[5 87 58 30 28 79 97 10 67 5 14 81 66 73 51 26 50 57 27 10 19 74 29 18 46 42 62 89 0 73 73 53 99 48 0 59 59 23 39 25 ]
[30 54 73 64 16 50 26 73 81 64 82 55 15 31 25 15 20 84 40 77 49 14 51 83 59 68 6 87 51 97 80 17 49 10 30 0 14 92 84 59 ]
[2 27 67 54 65 55 50 2 98 2 63 63 0 41 58 76 98 31 20 8 40 29 78 85 3 63 62 8 42 59 49 33 57 8 66 65 0 64 48 96 ]
[10 6 50 9 99 30 39 69 16 73 0 23 6 94 65 33 19 6 48 93 87 77 57 94 87 56 31 63 41 33 76 42 35 29 23 44 10 0 87 68 ]
[46 99 52 56 57 52 10 79 78 42 86 49 3 61 89 85 78 60 33 5 38 1 4 1 32 33 66 97 55 13 96 66 4 85 5 88 71 40 0 13 ]
[73 77 8 43 45 86 12 92 21 94 54 45 7 7 96 82 35 39 68 70 67 49 29 56 15 73 19 96 64 94 14 38 74 4 46 55 70 42 49 0 ]
];
